LoopIndex,Monitoring Scheme,Vector Length,# Nodes,Approximation,Bandwidth,# Messages,# Full Syncs,Lower-Bound,Function's Value,Upper-Bound,,Server 1,Server 2,Server 3,Server 4,Server 5
1,Oracle,1340,5,Additive0.015,0,0,0,6.56264145312515,6.57725606381236,6.59264145312515,,6.50164354075198,6.49265195063109,6.57501741583195,6.44187297360343,6.5169510243145
1,Oracle Vector,1340,5,Additive0.015,0,0,0,6.56264145312515,6.57725606381236,6.59264145312515,,6.50164354075198,6.49265195063109,6.57501741583195,6.44187297360343,6.5169510243145
1,Vector,1340,5,Additive0.015,0,0,0,6.56264145312515,6.57725606381236,6.59264145312515,,6.50164354075198,6.49265195063109,6.57501741583195,6.44187297360343,6.5169510243145
1,Value,1340,5,Additive0.015,0,0,0,6.56264145312515,6.57725606381236,6.59264145312515,,6.50164354075198,6.49265195063109,6.57501741583195,6.44187297360343,6.5169510243145
1,Dist L1,1340,5,Additive0.015,0,0,0,6.56264145312515,6.57725606381236,6.59264145312515,,6.50164354075198,6.49265195063109,6.57501741583195,6.44187297360343,6.5169510243145
2,Oracle,1340,5,Additive0.015,0,0,0,6.56264145312515,6.57610103557062,6.59264145312515,,6.50055867487294,6.49300718512699,6.57320973879442,6.44008815726209,6.51563415294037
2,Oracle Vector,1340,5,Additive0.015,0,0,0,6.56264145312515,6.57610103557062,6.59264145312515,,6.50055867487294,6.49300718512699,6.57320973879442,6.44008815726209,6.51563415294037
2,Value,1340,5,Additive0.015,0,0,0,6.56264145312515,6.57610103557062,6.59264145312515,,6.50055867487294,6.49300718512699,6.57320973879442,6.44008815726209,6.51563415294037
2,Vector,1340,5,Additive0.015,0,0,0,6.56264145312515,6.57610103557062,6.59264145312515,,6.50055867487294,6.49300718512699,6.57320973879442,6.44008815726209,6.51563415294037
2,Dist L1,1340,5,Additive0.015,0,0,0,6.56264145312515,6.57610103557062,6.59264145312515,,6.50055867487294,6.49300718512699,6.57320973879442,6.44008815726209,6.51563415294037
3,Oracle,1340,5,Additive0.015,0,0,0,6.56264145312515,6.57562123076534,6.59264145312515,,6.50146186981247,6.49347832739134,6.57210720130737,6.43765662784633,6.51517524437995
3,Value,1340,5,Additive0.015,0,0,0,6.56264145312515,6.57562123076534,6.59264145312515,,6.50146186981247,6.49347832739134,6.57210720130737,6.43765662784633,6.51517524437995
3,Oracle Vector,1340,5,Additive0.015,0,0,0,6.56264145312515,6.57562123076534,6.59264145312515,,6.50146186981247,6.49347832739134,6.57210720130737,6.43765662784633,6.51517524437995
3,Vector,1340,5,Additive0.015,0,0,0,6.56264145312515,6.57562123076534,6.59264145312515,,6.50146186981247,6.49347832739134,6.57210720130737,6.43765662784633,6.51517524437995
3,Dist L1,1340,5,Additive0.015,0,0,0,6.56264145312515,6.57562123076534,6.59264145312515,,6.50146186981247,6.49347832739134,6.57210720130737,6.43765662784633,6.51517524437995
4,Oracle,1340,5,Additive0.015,0,0,0,6.56264145312515,6.57566884214923,6.59264145312515,,6.50158013624609,6.49414115247669,6.57184207787246,6.43760016323982,6.51445648150296
4,Oracle Vector,1340,5,Additive0.015,0,0,0,6.56264145312515,6.57566884214923,6.59264145312515,,6.50158013624609,6.49414115247669,6.57184207787246,6.43760016323982,6.51445648150296
4,Value,1340,5,Additive0.015,0,0,0,6.56264145312515,6.57566884214923,6.59264145312515,,6.50158013624609,6.49414115247669,6.57184207787246,6.43760016323982,6.51445648150296
4,Vector,1340,5,Additive0.015,0,0,0,6.56264145312515,6.57566884214923,6.59264145312515,,6.50158013624609,6.49414115247669,6.57184207787246,6.43760016323982,6.51445648150296
4,Dist L1,1340,5,Additive0.015,0,0,0,6.56264145312515,6.57566884214923,6.59264145312515,,6.50158013624609,6.49414115247669,6.57184207787246,6.43760016323982,6.51445648150296
5,Oracle,1340,5,Additive0.015,0,0,0,6.56264145312515,6.5754983777329,6.59264145312515,,6.50136675580017,6.49419389382242,6.57154109752253,6.43804636854264,6.51434636903638
5,Oracle Vector,1340,5,Additive0.015,0,0,0,6.56264145312515,6.5754983777329,6.59264145312515,,6.50136675580017,6.49419389382242,6.57154109752253,6.43804636854264,6.51434636903638
5,Vector,1340,5,Additive0.015,0,0,0,6.56264145312515,6.5754983777329,6.59264145312515,,6.50136675580017,6.49419389382242,6.57154109752253,6.43804636854264,6.51434636903638
5,Value,1340,5,Additive0.015,0,0,0,6.56264145312515,6.5754983777329,6.59264145312515,,6.50136675580017,6.49419389382242,6.57154109752253,6.43804636854264,6.51434636903638
5,Dist L1,1340,5,Additive0.015,0,0,0,6.56264145312515,6.5754983777329,6.59264145312515,,6.50136675580017,6.49419389382242,6.57154109752253,6.43804636854264,6.51434636903638
6,Oracle,1340,5,Additive0.015,0,0,0,6.56264145312515,6.57536163198347,6.59264145312515,,6.50169371265069,6.49512206368148,6.57092039976939,6.43771836529049,6.51390262537042
6,Oracle Vector,1340,5,Additive0.015,0,0,0,6.56264145312515,6.57536163198347,6.59264145312515,,6.50169371265069,6.49512206368148,6.57092039976939,6.43771836529049,6.51390262537042
6,Value,1340,5,Additive0.015,4,5,0,6.56264145312515,6.57536163198347,6.59264145312515,,6.50169371265069,6.49512206368148,6.57092039976939,6.43771836529049,6.51390262537042
6,Vector,1340,5,Additive0.015,5360,5,0,6.56264145312515,6.57536163198347,6.59264145312515,,6.50169371265069,6.49512206368148,6.57092039976939,6.43771836529049,6.51390262537042
6,Dist L1,1340,5,Additive0.015,4,5,0,6.56264145312515,6.57536163198347,6.59264145312515,,6.50169371265069,6.49512206368148,6.57092039976939,6.43771836529049,6.51390262537042
7,Oracle,1340,5,Additive0.015,0,0,0,6.56264145312515,6.57540754256356,6.59264145312515,,6.50156853134895,6.49497639507595,6.57112016691453,6.4369727060995,6.5144064656376
7,Oracle Vector,1340,5,Additive0.015,0,0,0,6.56264145312515,6.57540754256356,6.59264145312515,,6.50156853134895,6.49497639507595,6.57112016691453,6.4369727060995,6.5144064656376
7,Vector,1340,5,Additive0.015,5360,5,0,6.56264145312515,6.57540754256356,6.59264145312515,,6.50156853134895,6.49497639507595,6.57112016691453,6.4369727060995,6.5144064656376
7,Value,1340,5,Additive0.015,10,13,0,6.56264145312515,6.57540754256356,6.59264145312515,,6.50156853134895,6.49497639507595,6.57112016691453,6.4369727060995,6.5144064656376
7,Dist L1,1340,5,Additive0.015,4,5,0,6.56264145312515,6.57540754256356,6.59264145312515,,6.50156853134895,6.49497639507595,6.57112016691453,6.4369727060995,6.5144064656376
8,Oracle,1340,5,Additive0.015,0,0,0,6.56264145312515,6.57501824220696,6.59264145312515,,6.5016544613363,6.49560204720506,6.56991697461473,6.43574745338011,6.51433895434971
8,Oracle Vector,1340,5,Additive0.015,0,0,0,6.56264145312515,6.57501824220696,6.59264145312515,,6.5016544613363,6.49560204720506,6.56991697461473,6.43574745338011,6.51433895434971
8,Value,1340,5,Additive0.015,14,18,0,6.56264145312515,6.57501824220696,6.59264145312515,,6.5016544613363,6.49560204720506,6.56991697461473,6.43574745338011,6.51433895434971
8,Vector,1340,5,Additive0.015,10720,10,0,6.56264145312515,6.57501824220696,6.59264145312515,,6.5016544613363,6.49560204720506,6.56991697461473,6.43574745338011,6.51433895434971
8,Dist L1,1340,5,Additive0.015,8,10,0,6.56264145312515,6.57501824220696,6.59264145312515,,6.5016544613363,6.49560204720506,6.56991697461473,6.43574745338011,6.51433895434971
9,Oracle,1340,5,Additive0.015,0,0,0,6.56264145312515,6.57466576227473,6.59264145312515,,6.50031466977193,6.49585056883078,6.56813726285901,6.43545830691144,6.51491186437156
9,Oracle Vector,1340,5,Additive0.015,0,0,0,6.56264145312515,6.57466576227473,6.59264145312515,,6.50031466977193,6.49585056883078,6.56813726285901,6.43545830691144,6.51491186437156
9,Value,1340,5,Additive0.015,18,23,0,6.56264145312515,6.57466576227473,6.59264145312515,,6.50031466977193,6.49585056883078,6.56813726285901,6.43545830691144,6.51491186437156
9,Vector,1340,5,Additive0.015,10720,10,0,6.56264145312515,6.57466576227473,6.59264145312515,,6.50031466977193,6.49585056883078,6.56813726285901,6.43545830691144,6.51491186437156
9,Dist L1,1340,5,Additive0.015,12,15,0,6.56264145312515,6.57466576227473,6.59264145312515,,6.50031466977193,6.49585056883078,6.56813726285901,6.43545830691144,6.51491186437156
10,Oracle,1340,5,Additive0.015,0,0,0,6.56264145312515,6.57519027209202,6.59264145312515,,6.50060499655916,6.49608192192479,6.56808561644854,6.43622539208429,6.51510174975186
10,Oracle Vector,1340,5,Additive0.015,0,0,0,6.56264145312515,6.57519027209202,6.59264145312515,,6.50060499655916,6.49608192192479,6.56808561644854,6.43622539208429,6.51510174975186
10,Value,1340,5,Additive0.015,18,23,0,6.56264145312515,6.57519027209202,6.59264145312515,,6.50060499655916,6.49608192192479,6.56808561644854,6.43622539208429,6.51510174975186
10,Vector,1340,5,Additive0.015,16080,15,0,6.56264145312515,6.57519027209202,6.59264145312515,,6.50060499655916,6.49608192192479,6.56808561644854,6.43622539208429,6.51510174975186
10,Dist L1,1340,5,Additive0.015,12,15,0,6.56264145312515,6.57519027209202,6.59264145312515,,6.50060499655916,6.49608192192479,6.56808561644854,6.43622539208429,6.51510174975186
11,Oracle,1340,5,Additive0.015,0,0,0,6.56264145312515,6.5743652413358,6.59264145312515,,6.50094757428769,6.49695149993279,6.56604667359919,6.43538015879709,6.51282970443007
11,Oracle Vector,1340,5,Additive0.015,5360,5,0,6.56264145312515,6.5743652413358,6.59264145312515,,6.50094757428769,6.49695149993279,6.56604667359919,6.43538015879709,6.51282970443007
11,Vector,1340,5,Additive0.015,21440,20,0,6.56264145312515,6.5743652413358,6.59264145312515,,6.50094757428769,6.49695149993279,6.56604667359919,6.43538015879709,6.51282970443007
11,Value,1340,5,Additive0.015,24,30,0,6.56264145312515,6.5743652413358,6.59264145312515,,6.50094757428769,6.49695149993279,6.56604667359919,6.43538015879709,6.51282970443007
11,Dist L1,1340,5,Additive0.015,18,23,0,6.56264145312515,6.5743652413358,6.59264145312515,,6.50094757428769,6.49695149993279,6.56604667359919,6.43538015879709,6.51282970443007
12,Oracle,1340,5,Additive0.015,0,0,0,6.56264145312515,6.57409734217996,6.59264145312515,,6.50141517303525,6.49684542211478,6.56503479483532,6.43510565329612,6.51140891532406
12,Oracle Vector,1340,5,Additive0.015,5360,5,0,6.56264145312515,6.57409734217996,6.59264145312515,,6.50141517303525,6.49684542211478,6.56503479483532,6.43510565329612,6.51140891532406
12,Value,1340,5,Additive0.015,24,30,0,6.56264145312515,6.57409734217996,6.59264145312515,,6.50141517303525,6.49684542211478,6.56503479483532,6.43510565329612,6.51140891532406
12,Vector,1340,5,Additive0.015,21440,20,0,6.56264145312515,6.57409734217996,6.59264145312515,,6.50141517303525,6.49684542211478,6.56503479483532,6.43510565329612,6.51140891532406
12,Dist L1,1340,5,Additive0.015,26,33,0,6.56264145312515,6.57409734217996,6.59264145312515,,6.50141517303525,6.49684542211478,6.56503479483532,6.43510565329612,6.51140891532406
13,Oracle,1340,5,Additive0.015,0,0,0,6.56264145312515,6.57327126530882,6.59264145312515,,6.50078625415327,6.49669472452369,6.56399130087128,6.43445603315471,6.50921129588745
13,Oracle Vector,1340,5,Additive0.015,10720,10,0,6.56264145312515,6.57327126530882,6.59264145312515,,6.50078625415327,6.49669472452369,6.56399130087128,6.43445603315471,6.50921129588745
13,Vector,1340,5,Additive0.015,26800,25,0,6.56264145312515,6.57327126530882,6.59264145312515,,6.50078625415327,6.49669472452369,6.56399130087128,6.43445603315471,6.50921129588745
13,Value,1340,5,Additive0.015,13429,52,1,6.55827126530882,6.57327126530882,6.58827126530882,,6.50078625415327,6.49669472452369,6.56399130087128,6.43445603315471,6.50921129588745
13,Dist L1,1340,5,Additive0.015,13431,54,1,6.55827126530882,6.57327126530882,6.58827126530882,,6.50078625415327,6.49669472452369,6.56399130087128,6.43445603315471,6.50921129588745
14,Oracle,1340,5,Additive0.015,0,0,0,6.56264145312515,6.57319034655135,6.59264145312515,,6.501536086858,6.49676483403878,6.56351024938303,6.4340760546819,6.50898738480875
14,Oracle Vector,1340,5,Additive0.015,10720,10,0,6.56264145312515,6.57319034655135,6.59264145312515,,6.501536086858,6.49676483403878,6.56351024938303,6.4340760546819,6.50898738480875
14,Value,1340,5,Additive0.015,13429,52,1,6.55827126530882,6.57319034655135,6.58827126530882,,6.501536086858,6.49676483403878,6.56351024938303,6.4340760546819,6.50898738480875
14,Vector,1340,5,Additive0.015,34840,32,0,6.56264145312515,6.57319034655135,6.59264145312515,,6.501536086858,6.49676483403878,6.56351024938303,6.4340760546819,6.50898738480875
14,Dist L1,1340,5,Additive0.015,13431,54,1,6.55827126530882,6.57319034655135,6.58827126530882,,6.501536086858,6.49676483403878,6.56351024938303,6.4340760546819,6.50898738480875
15,Oracle,1340,5,Additive0.015,0,0,0,6.56264145312515,6.57308581721053,6.59264145312515,,6.50127832799926,6.49699419416187,6.56308028553808,6.43371621144018,6.5091023119341
15,Oracle Vector,1340,5,Additive0.015,10720,10,0,6.56264145312515,6.57308581721053,6.59264145312515,,6.50127832799926,6.49699419416187,6.56308028553808,6.43371621144018,6.5091023119341
15,Value,1340,5,Additive0.015,13429,52,1,6.55827126530882,6.57308581721053,6.58827126530882,,6.50127832799926,6.49699419416187,6.56308028553808,6.43371621144018,6.5091023119341
15,Vector,1340,5,Additive0.015,34840,32,0,6.56264145312515,6.57308581721053,6.59264145312515,,6.50127832799926,6.49699419416187,6.56308028553808,6.43371621144018,6.5091023119341
15,Dist L1,1340,5,Additive0.015,13431,54,1,6.55827126530882,6.57308581721053,6.58827126530882,,6.50127832799926,6.49699419416187,6.56308028553808,6.43371621144018,6.5091023119341
16,Oracle,1340,5,Additive0.015,0,0,0,6.56264145312515,6.57227826669894,6.59264145312515,,6.50154400192526,6.49605743411082,6.56148806609911,6.43240335330954,6.50887296493231
16,Oracle Vector,1340,5,Additive0.015,21440,19,0,6.56264145312515,6.57227826669894,6.59264145312515,,6.50154400192526,6.49605743411082,6.56148806609911,6.43240335330954,6.50887296493231
16,Value,1340,5,Additive0.015,13429,52,1,6.55827126530882,6.57227826669894,6.58827126530882,,6.50154400192526,6.49605743411082,6.56148806609911,6.43240335330954,6.50887296493231
16,Vector,1340,5,Additive0.015,45560,41,0,6.56264145312515,6.57227826669894,6.59264145312515,,6.50154400192526,6.49605743411082,6.56148806609911,6.43240335330954,6.50887296493231
16,Dist L1,1340,5,Additive0.015,13431,54,1,6.55827126530882,6.57227826669894,6.58827126530882,,6.50154400192526,6.49605743411082,6.56148806609911,6.43240335330954,6.50887296493231
17,Oracle,1340,5,Additive0.015,0,0,0,6.56264145312515,6.57093129465449,6.59264145312515,,6.50054714019358,6.49608921355863,6.55959131309239,6.43148443954879,6.50706572024835
17,Oracle Vector,1340,5,Additive0.015,21440,19,0,6.56264145312515,6.57093129465449,6.59264145312515,,6.50054714019358,6.49608921355863,6.55959131309239,6.43148443954879,6.50706572024835
17,Vector,1340,5,Additive0.015,45560,41,0,6.56264145312515,6.57093129465449,6.59264145312515,,6.50054714019358,6.49608921355863,6.55959131309239,6.43148443954879,6.50706572024835
17,Value,1340,5,Additive0.015,13429,52,1,6.55827126530882,6.57093129465449,6.58827126530882,,6.50054714019358,6.49608921355863,6.55959131309239,6.43148443954879,6.50706572024835
17,Dist L1,1340,5,Additive0.015,13431,54,1,6.55827126530882,6.57093129465449,6.58827126530882,,6.50054714019358,6.49608921355863,6.55959131309239,6.43148443954879,6.50706572024835
18,Oracle,1340,5,Additive0.015,0,0,0,6.56264145312515,6.57046427661039,6.59264145312515,,6.50043983388211,6.49568997536994,6.55917758815603,6.43145351941952,6.50699427805054
18,Oracle Vector,1340,5,Additive0.015,21440,19,0,6.56264145312515,6.57046427661039,6.59264145312515,,6.50043983388211,6.49568997536994,6.55917758815603,6.43145351941952,6.50699427805054
18,Value,1340,5,Additive0.015,13429,52,1,6.55827126530882,6.57046427661039,6.58827126530882,,6.50043983388211,6.49568997536994,6.55917758815603,6.43145351941952,6.50699427805054
18,Vector,1340,5,Additive0.015,50920,46,0,6.56264145312515,6.57046427661039,6.59264145312515,,6.50043983388211,6.49568997536994,6.55917758815603,6.43145351941952,6.50699427805054
18,Dist L1,1340,5,Additive0.015,13431,54,1,6.55827126530882,6.57046427661039,6.58827126530882,,6.50043983388211,6.49568997536994,6.55917758815603,6.43145351941952,6.50699427805054
19,Oracle,1340,5,Additive0.015,0,0,0,6.56264145312515,6.56946604213857,6.59264145312515,,6.49946508489338,6.49567929540847,6.5581392385339,6.43010662184223,6.50603373144333
19,Oracle Vector,1340,5,Additive0.015,21440,19,0,6.56264145312515,6.56946604213857,6.59264145312515,,6.49946508489338,6.49567929540847,6.5581392385339,6.43010662184223,6.50603373144333
19,Value,1340,5,Additive0.015,13429,52,1,6.55827126530882,6.56946604213857,6.58827126530882,,6.49946508489338,6.49567929540847,6.5581392385339,6.43010662184223,6.50603373144333
19,Vector,1340,5,Additive0.015,58960,53,0,6.56264145312515,6.56946604213857,6.59264145312515,,6.49946508489338,6.49567929540847,6.5581392385339,6.43010662184223,6.50603373144333
19,Dist L1,1340,5,Additive0.015,13431,54,1,6.55827126530882,6.56946604213857,6.58827126530882,,6.49946508489338,6.49567929540847,6.5581392385339,6.43010662184223,6.50603373144333
20,Oracle,1340,5,Additive0.015,0,0,0,6.56264145312515,6.56902519808263,6.59264145312515,,6.49918154716536,6.49476125212377,6.55797760604907,6.42984611260311,6.50628528606099
20,Oracle Vector,1340,5,Additive0.015,26800,24,0,6.56264145312515,6.56902519808263,6.59264145312515,,6.49918154716536,6.49476125212377,6.55797760604907,6.42984611260311,6.50628528606099
20,Value,1340,5,Additive0.015,13435,60,1,6.55827126530882,6.56902519808263,6.58827126530882,,6.49918154716536,6.49476125212377,6.55797760604907,6.42984611260311,6.50628528606099
20,Vector,1340,5,Additive0.015,64320,58,0,6.56264145312515,6.56902519808263,6.59264145312515,,6.49918154716536,6.49476125212377,6.55797760604907,6.42984611260311,6.50628528606099
20,Dist L1,1340,5,Additive0.015,13435,59,1,6.55827126530882,6.56902519808263,6.58827126530882,,6.49918154716536,6.49476125212377,6.55797760604907,6.42984611260311,6.50628528606099
21,Oracle,1340,5,Additive0.015,0,0,0,6.56264145312515,6.5677571359559,6.59264145312515,,6.49840671988312,6.49416415460416,6.55662150831637,6.42780125133168,6.50511153334908
21,Value,1340,5,Additive0.015,13443,70,1,6.55827126530882,6.5677571359559,6.58827126530882,,6.49840671988312,6.49416415460416,6.55662150831637,6.42780125133168,6.50511153334908
21,Oracle Vector,1340,5,Additive0.015,37520,33,0,6.56264145312515,6.5677571359559,6.59264145312515,,6.49840671988312,6.49416415460416,6.55662150831637,6.42780125133168,6.50511153334908
21,Vector,1340,5,Additive0.015,75040,67,0,6.56264145312515,6.5677571359559,6.59264145312515,,6.49840671988312,6.49416415460416,6.55662150831637,6.42780125133168,6.50511153334908
21,Dist L1,1340,5,Additive0.015,13445,72,1,6.55827126530882,6.5677571359559,6.58827126530882,,6.49840671988312,6.49416415460416,6.55662150831637,6.42780125133168,6.50511153334908
22,Oracle,1340,5,Additive0.015,0,0,0,6.56264145312515,6.5673266401098,6.59264145312515,,6.49844882143447,6.49284380928827,6.5552919937349,6.42703881115312,6.50596358456116
22,Oracle Vector,1340,5,Additive0.015,42880,38,0,6.56264145312515,6.5673266401098,6.59264145312515,,6.49844882143447,6.49284380928827,6.5552919937349,6.42703881115312,6.50596358456116
22,Vector,1340,5,Additive0.015,85760,76,0,6.56264145312515,6.5673266401098,6.59264145312515,,6.49844882143447,6.49284380928827,6.5552919937349,6.42703881115312,6.50596358456116
22,Value,1340,5,Additive0.015,26848,92,2,6.5523266401098,6.5673266401098,6.5823266401098,,6.49844882143447,6.49284380928827,6.5552919937349,6.42703881115312,6.50596358456116
22,Dist L1,1340,5,Additive0.015,26850,94,2,6.5523266401098,6.5673266401098,6.5823266401098,,6.49844882143447,6.49284380928827,6.5552919937349,6.42703881115312,6.50596358456116
23,Oracle,1340,5,Additive0.015,0,0,0,6.56264145312515,6.56691304659843,6.59264145312515,,6.49675677840019,6.49324383643852,6.55484476449543,6.42646779901294,6.50595928473362
23,Value,1340,5,Additive0.015,26848,92,2,6.5523266401098,6.56691304659843,6.5823266401098,,6.49675677840019,6.49324383643852,6.55484476449543,6.42646779901294,6.50595928473362
23,Oracle Vector,1340,5,Additive0.015,53600,48,0,6.56264145312515,6.56691304659843,6.59264145312515,,6.49675677840019,6.49324383643852,6.55484476449543,6.42646779901294,6.50595928473362
23,Vector,1340,5,Additive0.015,93800,84,0,6.56264145312515,6.56691304659843,6.59264145312515,,6.49675677840019,6.49324383643852,6.55484476449543,6.42646779901294,6.50595928473362
23,Dist L1,1340,5,Additive0.015,26850,94,2,6.5523266401098,6.56691304659843,6.5823266401098,,6.49675677840019,6.49324383643852,6.55484476449543,6.42646779901294,6.50595928473362
24,Oracle,1340,5,Additive0.015,0,0,0,6.56264145312515,6.5671671466946,6.59264145312515,,6.49593519124069,6.49374512030275,6.55530306152219,6.42707871500378,6.50588561386437
24,Value,1340,5,Additive0.015,26848,92,2,6.5523266401098,6.5671671466946,6.5823266401098,,6.49593519124069,6.49374512030275,6.55530306152219,6.42707871500378,6.50588561386437
24,Oracle Vector,1340,5,Additive0.015,61640,55,0,6.56264145312515,6.5671671466946,6.59264145312515,,6.49593519124069,6.49374512030275,6.55530306152219,6.42707871500378,6.50588561386437
24,Vector,1340,5,Additive0.015,104520,93,0,6.56264145312515,6.5671671466946,6.59264145312515,,6.49593519124069,6.49374512030275,6.55530306152219,6.42707871500378,6.50588561386437
24,Dist L1,1340,5,Additive0.015,26850,94,2,6.5523266401098,6.5671671466946,6.5823266401098,,6.49593519124069,6.49374512030275,6.55530306152219,6.42707871500378,6.50588561386437
25,Oracle,1340,5,Additive0.015,0,0,0,6.56264145312515,6.56676933288541,6.59264145312515,,6.49541302955327,6.49417630451383,6.55380739333087,6.42665327944676,6.50489031831656
25,Value,1340,5,Additive0.015,26848,92,2,6.5523266401098,6.56676933288541,6.5823266401098,,6.49541302955327,6.49417630451383,6.55380739333087,6.42665327944676,6.50489031831656
25,Oracle Vector,1340,5,Additive0.015,75040,66,0,6.56264145312515,6.56676933288541,6.59264145312515,,6.49541302955327,6.49417630451383,6.55380739333087,6.42665327944676,6.50489031831656
25,Vector,1340,5,Additive0.015,117920,104,0,6.56264145312515,6.56676933288541,6.59264145312515,,6.49541302955327,6.49417630451383,6.55380739333087,6.42665327944676,6.50489031831656
25,Dist L1,1340,5,Additive0.015,26850,94,2,6.5523266401098,6.56676933288541,6.5823266401098,,6.49541302955327,6.49417630451383,6.55380739333087,6.42665327944676,6.50489031831656
26,Oracle,1340,5,Additive0.015,0,0,0,6.56264145312515,6.56602134096835,6.59264145312515,,6.49423717739719,6.49428536536085,6.55166821811093,6.42542049241991,6.5060108968239
26,Oracle Vector,1340,5,Additive0.015,75040,66,0,6.56264145312515,6.56602134096835,6.59264145312515,,6.49423717739719,6.49428536536085,6.55166821811093,6.42542049241991,6.5060108968239
26,Value,1340,5,Additive0.015,26848,92,2,6.5523266401098,6.56602134096835,6.5823266401098,,6.49423717739719,6.49428536536085,6.55166821811093,6.42542049241991,6.5060108968239
26,Vector,1340,5,Additive0.015,131320,115,1,6.55102134096835,6.56602134096835,6.58102134096835,,6.49423717739719,6.49428536536085,6.55166821811093,6.42542049241991,6.5060108968239
26,Dist L1,1340,5,Additive0.015,26850,94,2,6.5523266401098,6.56602134096835,6.5823266401098,,6.49423717739719,6.49428536536085,6.55166821811093,6.42542049241991,6.5060108968239
27,Oracle,1340,5,Additive0.015,0,0,0,6.56264145312515,6.5655513570148,6.59264145312515,,6.49347930339247,6.49502327533025,6.55093270007894,6.42486615176545,6.50575635348102
27,Oracle Vector,1340,5,Additive0.015,75040,66,0,6.56264145312515,6.5655513570148,6.59264145312515,,6.49347930339247,6.49502327533025,6.55093270007894,6.42486615176545,6.50575635348102
27,Value,1340,5,Additive0.015,26848,92,2,6.5523266401098,6.5655513570148,6.5823266401098,,6.49347930339247,6.49502327533025,6.55093270007894,6.42486615176545,6.50575635348102
27,Vector,1340,5,Additive0.015,131320,115,1,6.55102134096835,6.5655513570148,6.58102134096835,,6.49347930339247,6.49502327533025,6.55093270007894,6.42486615176545,6.50575635348102
27,Dist L1,1340,5,Additive0.015,26850,94,2,6.5523266401098,6.5655513570148,6.5823266401098,,6.49347930339247,6.49502327533025,6.55093270007894,6.42486615176545,6.50575635348102
28,Oracle,1340,5,Additive0.015,0,0,0,6.56264145312515,6.56580052755572,6.59264145312515,,6.49254182523643,6.49564551748099,6.55124517449964,6.42466225289728,6.50691553619797
28,Vector,1340,5,Additive0.015,131320,115,1,6.55102134096835,6.56580052755572,6.58102134096835,,6.49254182523643,6.49564551748099,6.55124517449964,6.42466225289728,6.50691553619797
28,Value,1340,5,Additive0.015,26848,92,2,6.5523266401098,6.56580052755572,6.5823266401098,,6.49254182523643,6.49564551748099,6.55124517449964,6.42466225289728,6.50691553619797
28,Oracle Vector,1340,5,Additive0.015,80400,71,0,6.56264145312515,6.56580052755572,6.59264145312515,,6.49254182523643,6.49564551748099,6.55124517449964,6.42466225289728,6.50691553619797
28,Dist L1,1340,5,Additive0.015,26850,94,2,6.5523266401098,6.56580052755572,6.5823266401098,,6.49254182523643,6.49564551748099,6.55124517449964,6.42466225289728,6.50691553619797
29,Oracle,1340,5,Additive0.015,0,0,0,6.56264145312515,6.56688515729224,6.59264145312515,,6.49282608101448,6.49672154532363,6.55228571885778,6.42606437337488,6.508162391932
29,Oracle Vector,1340,5,Additive0.015,80400,71,0,6.56264145312515,6.56688515729224,6.59264145312515,,6.49282608101448,6.49672154532363,6.55228571885778,6.42606437337488,6.508162391932
29,Value,1340,5,Additive0.015,26848,92,2,6.5523266401098,6.56688515729224,6.5823266401098,,6.49282608101448,6.49672154532363,6.55228571885778,6.42606437337488,6.508162391932
29,Vector,1340,5,Additive0.015,131320,115,1,6.55102134096835,6.56688515729224,6.58102134096835,,6.49282608101448,6.49672154532363,6.55228571885778,6.42606437337488,6.508162391932
29,Dist L1,1340,5,Additive0.015,26850,94,2,6.5523266401098,6.56688515729224,6.5823266401098,,6.49282608101448,6.49672154532363,6.55228571885778,6.42606437337488,6.508162391932
30,Oracle,1340,5,Additive0.015,0,0,0,6.56264145312515,6.56720087742041,6.59264145312515,,6.49212509424819,6.49750512165224,6.55259903090468,6.42539205493703,6.50912876579418
30,Oracle Vector,1340,5,Additive0.015,80400,71,0,6.56264145312515,6.56720087742041,6.59264145312515,,6.49212509424819,6.49750512165224,6.55259903090468,6.42539205493703,6.50912876579418
30,Vector,1340,5,Additive0.015,131320,115,1,6.55102134096835,6.56720087742041,6.58102134096835,,6.49212509424819,6.49750512165224,6.55259903090468,6.42539205493703,6.50912876579418
30,Value,1340,5,Additive0.015,26852,97,2,6.5523266401098,6.56720087742041,6.5823266401098,,6.49212509424819,6.49750512165224,6.55259903090468,6.42539205493703,6.50912876579418
30,Dist L1,1340,5,Additive0.015,26854,99,2,6.5523266401098,6.56720087742041,6.5823266401098,,6.49212509424819,6.49750512165224,6.55259903090468,6.42539205493703,6.50912876579418
31,Oracle,1340,5,Additive0.015,0,0,0,6.56264145312515,6.56697369258256,6.59264145312515,,6.49096215252527,6.4977463607885,6.55288997630268,6.42392598295854,6.50868872883399
31,Oracle Vector,1340,5,Additive0.015,93800,83,0,6.56264145312515,6.56697369258256,6.59264145312515,,6.49096215252527,6.4977463607885,6.55288997630268,6.42392598295854,6.50868872883399
31,Vector,1340,5,Additive0.015,131320,115,1,6.55102134096835,6.56697369258256,6.58102134096835,,6.49096215252527,6.4977463607885,6.55288997630268,6.42392598295854,6.50868872883399
31,Value,1340,5,Additive0.015,26852,97,2,6.5523266401098,6.56697369258256,6.5823266401098,,6.49096215252527,6.4977463607885,6.55288997630268,6.42392598295854,6.50868872883399
31,Dist L1,1340,5,Additive0.015,26854,99,2,6.5523266401098,6.56697369258256,6.5823266401098,,6.49096215252527,6.4977463607885,6.55288997630268,6.42392598295854,6.50868872883399
32,Oracle,1340,5,Additive0.015,0,0,0,6.56264145312515,6.56631476476099,6.59264145312515,,6.48966920618502,6.49775967553588,6.55209458351692,6.42213909727062,6.50758687359647
32,Oracle Vector,1340,5,Additive0.015,93800,83,0,6.56264145312515,6.56631476476099,6.59264145312515,,6.48966920618502,6.49775967553588,6.55209458351692,6.42213909727062,6.50758687359647
32,Value,1340,5,Additive0.015,26852,97,2,6.5523266401098,6.56631476476099,6.5823266401098,,6.48966920618502,6.49775967553588,6.55209458351692,6.42213909727062,6.50758687359647
32,Vector,1340,5,Additive0.015,131320,115,1,6.55102134096835,6.56631476476099,6.58102134096835,,6.48966920618502,6.49775967553588,6.55209458351692,6.42213909727062,6.50758687359647
32,Dist L1,1340,5,Additive0.015,26854,99,2,6.5523266401098,6.56631476476099,6.5823266401098,,6.48966920618502,6.49775967553588,6.55209458351692,6.42213909727062,6.50758687359647
33,Oracle,1340,5,Additive0.015,0,0,0,6.56264145312515,6.56656640934622,6.59264145312515,,6.48972930234987,6.49926852650675,6.55188798937438,6.42113480122297,6.50800011805547
33,Value,1340,5,Additive0.015,26852,97,2,6.5523266401098,6.56656640934622,6.5823266401098,,6.48972930234987,6.49926852650675,6.55188798937438,6.42113480122297,6.50800011805547
33,Oracle Vector,1340,5,Additive0.015,101840,90,0,6.56264145312515,6.56656640934622,6.59264145312515,,6.48972930234987,6.49926852650675,6.55188798937438,6.42113480122297,6.50800011805547
33,Vector,1340,5,Additive0.015,131320,115,1,6.55102134096835,6.56656640934622,6.58102134096835,,6.48972930234987,6.49926852650675,6.55188798937438,6.42113480122297,6.50800011805547
33,Dist L1,1340,5,Additive0.015,26854,99,2,6.5523266401098,6.56656640934622,6.5823266401098,,6.48972930234987,6.49926852650675,6.55188798937438,6.42113480122297,6.50800011805547
34,Oracle,1340,5,Additive0.015,0,0,0,6.56264145312515,6.56719997311663,6.59264145312515,,6.48875695096709,6.50041684396172,6.5531376781282,6.42151069500976,6.50861792468261
34,Oracle Vector,1340,5,Additive0.015,101840,90,0,6.56264145312515,6.56719997311663,6.59264145312515,,6.48875695096709,6.50041684396172,6.5531376781282,6.42151069500976,6.50861792468261
34,Vector,1340,5,Additive0.015,131320,115,1,6.55102134096835,6.56719997311663,6.58102134096835,,6.48875695096709,6.50041684396172,6.5531376781282,6.42151069500976,6.50861792468261
34,Value,1340,5,Additive0.015,26856,102,2,6.5523266401098,6.56719997311663,6.5823266401098,,6.48875695096709,6.50041684396172,6.5531376781282,6.42151069500976,6.50861792468261
34,Dist L1,1340,5,Additive0.015,26858,104,2,6.5523266401098,6.56719997311663,6.5823266401098,,6.48875695096709,6.50041684396172,6.5531376781282,6.42151069500976,6.50861792468261
35,Oracle,1340,5,Additive0.015,0,0,0,6.56264145312515,6.56719342327127,6.59264145312515,,6.48834332071043,6.50148935558824,6.55254863977642,6.42087818334623,6.50892660280312
35,Oracle Vector,1340,5,Additive0.015,101840,90,0,6.56264145312515,6.56719342327127,6.59264145312515,,6.48834332071043,6.50148935558824,6.55254863977642,6.42087818334623,6.50892660280312
35,Value,1340,5,Additive0.015,26862,110,2,6.5523266401098,6.56719342327127,6.5823266401098,,6.48834332071043,6.50148935558824,6.55254863977642,6.42087818334623,6.50892660280312
35,Vector,1340,5,Additive0.015,136680,120,1,6.55102134096835,6.56719342327127,6.58102134096835,,6.48834332071043,6.50148935558824,6.55254863977642,6.42087818334623,6.50892660280312
35,Dist L1,1340,5,Additive0.015,26864,111,2,6.5523266401098,6.56719342327127,6.5823266401098,,6.48834332071043,6.50148935558824,6.55254863977642,6.42087818334623,6.50892660280312
36,Oracle,1340,5,Additive0.015,0,0,0,6.56264145312515,6.56709925242082,6.59264145312515,,6.4865202004087,6.50207767926267,6.55278665411585,6.42048618857698,6.50926203628533
36,Oracle Vector,1340,5,Additive0.015,107200,95,0,6.56264145312515,6.56709925242082,6.59264145312515,,6.4865202004087,6.50207767926267,6.55278665411585,6.42048618857698,6.50926203628533
36,Vector,1340,5,Additive0.015,136680,120,1,6.55102134096835,6.56709925242082,6.58102134096835,,6.4865202004087,6.50207767926267,6.55278665411585,6.42048618857698,6.50926203628533
36,Value,1340,5,Additive0.015,26862,110,2,6.5523266401098,6.56709925242082,6.5823266401098,,6.4865202004087,6.50207767926267,6.55278665411585,6.42048618857698,6.50926203628533
36,Dist L1,1340,5,Additive0.015,26872,121,2,6.5523266401098,6.56709925242082,6.5823266401098,,6.4865202004087,6.50207767926267,6.55278665411585,6.42048618857698,6.50926203628533
37,Oracle,1340,5,Additive0.015,0,0,0,6.56264145312515,6.56712157392597,6.59264145312515,,6.48550032194702,6.5021680581863,6.55312179862131,6.42007229825721,6.51030404152834
37,Oracle Vector,1340,5,Additive0.015,107200,95,0,6.56264145312515,6.56712157392597,6.59264145312515,,6.48550032194702,6.5021680581863,6.55312179862131,6.42007229825721,6.51030404152834
37,Vector,1340,5,Additive0.015,136680,120,1,6.55102134096835,6.56712157392597,6.58102134096835,,6.48550032194702,6.5021680581863,6.55312179862131,6.42007229825721,6.51030404152834
37,Value,1340,5,Additive0.015,26868,118,2,6.5523266401098,6.56712157392597,6.5823266401098,,6.48550032194702,6.5021680581863,6.55312179862131,6.42007229825721,6.51030404152834
37,Dist L1,1340,5,Additive0.015,26878,128,2,6.5523266401098,6.56712157392597,6.5823266401098,,6.48550032194702,6.5021680581863,6.55312179862131,6.42007229825721,6.51030404152834
38,Oracle,1340,5,Additive0.015,0,0,0,6.56264145312515,6.56759313259683,6.59264145312515,,6.48581557311793,6.50321244189616,6.55317949462644,6.42033504203327,6.51092344792138
38,Oracle Vector,1340,5,Additive0.015,107200,95,0,6.56264145312515,6.56759313259683,6.59264145312515,,6.48581557311793,6.50321244189616,6.55317949462644,6.42033504203327,6.51092344792138
38,Value,1340,5,Additive0.015,26876,128,2,6.5523266401098,6.56759313259683,6.5823266401098,,6.48581557311793,6.50321244189616,6.55317949462644,6.42033504203327,6.51092344792138
38,Vector,1340,5,Additive0.015,136680,120,1,6.55102134096835,6.56759313259683,6.58102134096835,,6.48581557311793,6.50321244189616,6.55317949462644,6.42033504203327,6.51092344792138
38,Dist L1,1340,5,Additive0.015,26882,133,2,6.5523266401098,6.56759313259683,6.5823266401098,,6.48581557311793,6.50321244189616,6.55317949462644,6.42033504203327,6.51092344792138
39,Oracle,1340,5,Additive0.015,0,0,0,6.56264145312515,6.56730631151985,6.59264145312515,,6.48555091405269,6.50373303651241,6.5518978781383,6.41932188614108,6.51122210906685
39,Oracle Vector,1340,5,Additive0.015,112560,100,0,6.56264145312515,6.56730631151985,6.59264145312515,,6.48555091405269,6.50373303651241,6.5518978781383,6.41932188614108,6.51122210906685
39,Value,1340,5,Additive0.015,26890,145,2,6.5523266401098,6.56730631151985,6.5823266401098,,6.48555091405269,6.50373303651241,6.5518978781383,6.41932188614108,6.51122210906685
39,Vector,1340,5,Additive0.015,142040,125,1,6.55102134096835,6.56730631151985,6.58102134096835,,6.48555091405269,6.50373303651241,6.5518978781383,6.41932188614108,6.51122210906685
39,Dist L1,1340,5,Additive0.015,26890,143,2,6.5523266401098,6.56730631151985,6.5823266401098,,6.48555091405269,6.50373303651241,6.5518978781383,6.41932188614108,6.51122210906685
40,Oracle,1340,5,Additive0.015,0,0,0,6.56264145312515,6.56743909673906,6.59264145312515,,6.48629746873503,6.50389807326702,6.55207417837786,6.41802589701298,6.51103631927816
40,Oracle Vector,1340,5,Additive0.015,112560,100,0,6.56264145312515,6.56743909673906,6.59264145312515,,6.48629746873503,6.50389807326702,6.55207417837786,6.41802589701298,6.51103631927816
40,Value,1340,5,Additive0.015,26890,145,2,6.5523266401098,6.56743909673906,6.5823266401098,,6.48629746873503,6.50389807326702,6.55207417837786,6.41802589701298,6.51103631927816
40,Vector,1340,5,Additive0.015,142040,125,1,6.55102134096835,6.56743909673906,6.58102134096835,,6.48629746873503,6.50389807326702,6.55207417837786,6.41802589701298,6.51103631927816
40,Dist L1,1340,5,Additive0.015,26900,156,2,6.5523266401098,6.56743909673906,6.5823266401098,,6.48629746873503,6.50389807326702,6.55207417837786,6.41802589701298,6.51103631927816
41,Oracle,1340,5,Additive0.015,0,0,0,6.56264145312515,6.5675542429743,6.59264145312515,,6.48565139661637,6.50446549875254,6.55280441722614,6.41662153025023,6.51075673204342
41,Oracle Vector,1340,5,Additive0.015,112560,100,0,6.56264145312515,6.5675542429743,6.59264145312515,,6.48565139661637,6.50446549875254,6.55280441722614,6.41662153025023,6.51075673204342
41,Value,1340,5,Additive0.015,26904,162,2,6.5523266401098,6.5675542429743,6.5823266401098,,6.48565139661637,6.50446549875254,6.55280441722614,6.41662153025023,6.51075673204342
41,Vector,1340,5,Additive0.015,147400,130,1,6.55102134096835,6.5675542429743,6.58102134096835,,6.48565139661637,6.50446549875254,6.55280441722614,6.41662153025023,6.51075673204342
41,Dist L1,1340,5,Additive0.015,26910,169,2,6.5523266401098,6.5675542429743,6.5823266401098,,6.48565139661637,6.50446549875254,6.55280441722614,6.41662153025023,6.51075673204342
42,Oracle,1340,5,Additive0.015,0,0,0,6.56264145312515,6.56805178206974,6.59264145312515,,6.48462238807718,6.50455767141093,6.55353752962297,6.41711305593567,6.51211914381436
42,Value,1340,5,Additive0.015,26912,173,2,6.5523266401098,6.56805178206974,6.5823266401098,,6.48462238807718,6.50455767141093,6.55353752962297,6.41711305593567,6.51211914381436
42,Oracle Vector,1340,5,Additive0.015,117920,105,0,6.56264145312515,6.56805178206974,6.59264145312515,,6.48462238807718,6.50455767141093,6.55353752962297,6.41711305593567,6.51211914381436
42,Vector,1340,5,Additive0.015,152760,135,1,6.55102134096835,6.56805178206974,6.58102134096835,,6.48462238807718,6.50455767141093,6.55353752962297,6.41711305593567,6.51211914381436
42,Dist L1,1340,5,Additive0.015,40315,193,3,6.55305178206974,6.56805178206974,6.58305178206974,,6.48462238807718,6.50455767141093,6.55353752962297,6.41711305593567,6.51211914381436
43,Oracle,1340,5,Additive0.015,0,0,0,6.56264145312515,6.56890823697125,6.59264145312515,,6.48500886558398,6.50594341157862,6.55456609914752,6.41785255426892,6.51263170237113
43,Value,1340,5,Additive0.015,26916,178,2,6.5523266401098,6.56890823697125,6.5823266401098,,6.48500886558398,6.50594341157862,6.55456609914752,6.41785255426892,6.51263170237113
43,Oracle Vector,1340,5,Additive0.015,123280,110,0,6.56264145312515,6.56890823697125,6.59264145312515,,6.48500886558398,6.50594341157862,6.55456609914752,6.41785255426892,6.51263170237113
43,Vector,1340,5,Additive0.015,160800,142,1,6.55102134096835,6.56890823697125,6.58102134096835,,6.48500886558398,6.50594341157862,6.55456609914752,6.41785255426892,6.51263170237113
43,Dist L1,1340,5,Additive0.015,40315,193,3,6.55305178206974,6.56890823697125,6.58305178206974,,6.48500886558398,6.50594341157862,6.55456609914752,6.41785255426892,6.51263170237113
44,Oracle,1340,5,Additive0.015,0,0,0,6.56264145312515,6.56926187906396,6.59264145312515,,6.4848955692002,6.50593200332048,6.55508468955767,6.41755588412217,6.51256993879822
44,Oracle Vector,1340,5,Additive0.015,131320,117,0,6.56264145312515,6.56926187906396,6.59264145312515,,6.4848955692002,6.50593200332048,6.55508468955767,6.41755588412217,6.51256993879822
44,Vector,1340,5,Additive0.015,160800,142,1,6.55102134096835,6.56926187906396,6.58102134096835,,6.4848955692002,6.50593200332048,6.55508468955767,6.41755588412217,6.51256993879822
44,Value,1340,5,Additive0.015,26924,188,2,6.5523266401098,6.56926187906396,6.5823266401098,,6.4848955692002,6.50593200332048,6.55508468955767,6.41755588412217,6.51256993879822
44,Dist L1,1340,5,Additive0.015,40315,193,3,6.55305178206974,6.56926187906396,6.58305178206974,,6.4848955692002,6.50593200332048,6.55508468955767,6.41755588412217,6.51256993879822
45,Oracle,1340,5,Additive0.015,0,0,0,6.56264145312515,6.56967574239467,6.59264145312515,,6.4851743531337,6.50629470156648,6.5561034872541,6.41740652654594,6.51206829336175
45,Oracle Vector,1340,5,Additive0.015,131320,117,0,6.56264145312515,6.56967574239467,6.59264145312515,,6.4851743531337,6.50629470156648,6.5561034872541,6.41740652654594,6.51206829336175
45,Vector,1340,5,Additive0.015,160800,142,1,6.55102134096835,6.56967574239467,6.58102134096835,,6.4851743531337,6.50629470156648,6.55610348725409,6.41740652654594,6.51206829336175
45,Dist L1,1340,5,Additive0.015,40315,193,3,6.55305178206974,6.56967574239467,6.58305178206974,,6.4851743531337,6.50629470156648,6.55610348725409,6.41740652654594,6.51206829336175
45,Value,1340,5,Additive0.015,40329,210,3,6.55467574239467,6.56967574239467,6.58467574239467,,6.4851743531337,6.50629470156648,6.55610348725409,6.41740652654594,6.51206829336175
46,Oracle,1340,5,Additive0.015,0,0,0,6.56264145312515,6.57049639696771,6.59264145312515,,6.48560306917379,6.50704294009465,6.55705576015911,6.41743147526109,6.51217804938518
46,Oracle Vector,1340,5,Additive0.015,136680,122,0,6.56264145312515,6.57049639696771,6.59264145312515,,6.48560306917379,6.50704294009465,6.55705576015911,6.41743147526109,6.51217804938518
46,Vector,1340,5,Additive0.015,160800,142,1,6.55102134096835,6.57049639696771,6.58102134096835,,6.48560306917379,6.50704294009465,6.55705576015911,6.41743147526109,6.51217804938518
46,Value,1340,5,Additive0.015,40329,210,3,6.55467574239467,6.57049639696771,6.58467574239467,,6.48560306917379,6.50704294009465,6.55705576015911,6.41743147526109,6.51217804938518
46,Dist L1,1340,5,Additive0.015,40315,193,3,6.55305178206974,6.57049639696771,6.58305178206974,,6.48560306917379,6.50704294009465,6.55705576015911,6.41743147526109,6.51217804938518
47,Oracle,1340,5,Additive0.015,0,0,0,6.56264145312515,6.57055936710301,6.59264145312515,,6.48411946426208,6.50786119008002,6.55744037022134,6.41690621329684,6.5114472830159
47,Oracle Vector,1340,5,Additive0.015,136680,122,0,6.56264145312515,6.57055936710301,6.59264145312515,,6.48411946426208,6.50786119008002,6.55744037022134,6.41690621329684,6.5114472830159
47,Value,1340,5,Additive0.015,40329,210,3,6.55467574239467,6.57055936710301,6.58467574239467,,6.48411946426208,6.50786119008002,6.55744037022134,6.41690621329684,6.5114472830159
47,Dist L1,1340,5,Additive0.015,40315,193,3,6.55305178206974,6.57055936710301,6.58305178206974,,6.48411946426208,6.50786119008002,6.55744037022134,6.41690621329684,6.5114472830159
47,Vector,1340,5,Additive0.015,166160,147,1,6.55102134096835,6.57055936710301,6.58102134096835,,6.48411946426208,6.50786119008002,6.55744037022134,6.41690621329684,6.5114472830159
48,Oracle,1340,5,Additive0.015,0,0,0,6.56264145312515,6.57174338670391,6.59264145312515,,6.48483396061881,6.50904018375341,6.55900141085168,6.41707861538482,6.51186949338251
48,Oracle Vector,1340,5,Additive0.015,136680,122,0,6.56264145312515,6.57174338670391,6.59264145312515,,6.48483396061881,6.50904018375341,6.55900141085168,6.41707861538482,6.51186949338251
48,Value,1340,5,Additive0.015,40329,210,3,6.55467574239467,6.57174338670391,6.58467574239467,,6.48483396061881,6.50904018375341,6.55900141085168,6.41707861538482,6.51186949338251
48,Vector,1340,5,Additive0.015,176880,156,1,6.55102134096835,6.57174338670391,6.58102134096835,,6.48483396061881,6.50904018375341,6.55900141085168,6.41707861538482,6.51186949338251
48,Dist L1,1340,5,Additive0.015,40315,193,3,6.55305178206974,6.57174338670391,6.58305178206974,,6.48483396061881,6.50904018375341,6.55900141085168,6.41707861538482,6.51186949338251
49,Oracle,1340,5,Additive0.015,0,0,0,6.56264145312515,6.57232864002135,6.59264145312515,,6.48528896467889,6.50958430390472,6.56010014299981,6.41669830783559,6.51209244954273
49,Oracle Vector,1340,5,Additive0.015,136680,122,0,6.56264145312515,6.57232864002135,6.59264145312515,,6.48528896467889,6.50958430390472,6.56010014299981,6.41669830783559,6.51209244954273
49,Vector,1340,5,Additive0.015,176880,156,1,6.55102134096835,6.57232864002135,6.58102134096835,,6.48528896467889,6.50958430390472,6.56010014299981,6.41669830783559,6.51209244954273
49,Value,1340,5,Additive0.015,40329,210,3,6.55467574239467,6.57232864002135,6.58467574239467,,6.48528896467889,6.50958430390472,6.56010014299981,6.41669830783559,6.51209244954273
49,Dist L1,1340,5,Additive0.015,40315,193,3,6.55305178206974,6.57232864002135,6.58305178206974,,6.48528896467889,6.50958430390472,6.56010014299981,6.41669830783559,6.51209244954273
50,Oracle,1340,5,Additive0.015,0,0,0,6.56264145312515,6.57225870896185,6.59264145312515,,6.48604878084981,6.50988822198377,6.55976822371594,6.41708101493034,6.51072731172368
50,Oracle Vector,1340,5,Additive0.015,136680,122,0,6.56264145312515,6.57225870896185,6.59264145312515,,6.48604878084981,6.50988822198377,6.55976822371594,6.41708101493034,6.51072731172368
50,Value,1340,5,Additive0.015,40329,210,3,6.55467574239467,6.57225870896185,6.58467574239467,,6.48604878084981,6.50988822198377,6.55976822371594,6.41708101493034,6.51072731172368
50,Vector,1340,5,Additive0.015,182240,161,1,6.55102134096835,6.57225870896185,6.58102134096835,,6.48604878084981,6.50988822198377,6.55976822371594,6.41708101493034,6.51072731172368
50,Dist L1,1340,5,Additive0.015,40315,193,3,6.55305178206974,6.57225870896185,6.58305178206974,,6.48604878084981,6.50988822198377,6.55976822371594,6.41708101493034,6.51072731172368
51,Oracle,1340,5,Additive0.015,0,0,0,6.56264145312515,6.57235031055719,6.59264145312515,,6.48569326514587,6.50895692282809,6.56092583615846,6.41736504032135,6.51106630189201
51,Oracle Vector,1340,5,Additive0.015,136680,122,0,6.56264145312515,6.57235031055719,6.59264145312515,,6.48569326514587,6.50895692282809,6.56092583615846,6.41736504032135,6.51106630189201
51,Value,1340,5,Additive0.015,40329,210,3,6.55467574239467,6.57235031055719,6.58467574239467,,6.48569326514587,6.50895692282809,6.56092583615846,6.41736504032135,6.51106630189201
51,Vector,1340,5,Additive0.015,182240,161,1,6.55102134096835,6.57235031055719,6.58102134096835,,6.48569326514587,6.50895692282809,6.56092583615846,6.41736504032135,6.51106630189201
51,Dist L1,1340,5,Additive0.015,40315,193,3,6.55305178206974,6.57235031055719,6.58305178206974,,6.48569326514587,6.50895692282809,6.56092583615846,6.41736504032135,6.51106630189201
52,Oracle,1340,5,Additive0.015,0,0,0,6.56264145312515,6.57364447701542,6.59264145312515,,6.48739007555152,6.51010374488654,6.56256698209567,6.41758032262171,6.5113429959784
52,Oracle Vector,1340,5,Additive0.015,136680,122,0,6.56264145312515,6.57364447701542,6.59264145312515,,6.48739007555152,6.51010374488654,6.56256698209567,6.41758032262171,6.5113429959784
52,Value,1340,5,Additive0.015,40329,210,3,6.55467574239467,6.57364447701542,6.58467574239467,,6.48739007555152,6.51010374488654,6.56256698209567,6.41758032262171,6.5113429959784
52,Vector,1340,5,Additive0.015,187600,166,1,6.55102134096835,6.57364447701542,6.58102134096835,,6.48739007555152,6.51010374488654,6.56256698209567,6.41758032262171,6.5113429959784
52,Dist L1,1340,5,Additive0.015,40315,193,3,6.55305178206974,6.57364447701542,6.58305178206974,,6.48739007555151,6.51010374488654,6.56256698209567,6.41758032262171,6.5113429959784
53,Oracle,1340,5,Additive0.015,0,0,0,6.56264145312515,6.57372826606604,6.59264145312515,,6.48740042139529,6.50895742473315,6.56261305402996,6.41724347205131,6.5104874388162
53,Oracle Vector,1340,5,Additive0.015,136680,122,0,6.56264145312515,6.57372826606604,6.59264145312515,,6.48740042139529,6.50895742473315,6.56261305402996,6.41724347205131,6.5104874388162
53,Value,1340,5,Additive0.015,40329,210,3,6.55467574239467,6.57372826606604,6.58467574239467,,6.48740042139529,6.50895742473315,6.56261305402996,6.41724347205131,6.5104874388162
53,Vector,1340,5,Additive0.015,192960,171,1,6.55102134096835,6.57372826606604,6.58102134096835,,6.48740042139529,6.50895742473315,6.56261305402996,6.41724347205131,6.5104874388162
53,Dist L1,1340,5,Additive0.015,40315,193,3,6.55305178206974,6.57372826606604,6.58305178206974,,6.48740042139529,6.50895742473315,6.56261305402996,6.41724347205131,6.5104874388162
54,Oracle,1340,5,Additive0.015,0,0,0,6.56264145312515,6.57364294662609,6.59264145312515,,6.48770045455201,6.50879946442034,6.56273585799596,6.41653085201358,6.50989540830705
54,Oracle Vector,1340,5,Additive0.015,136680,122,0,6.56264145312515,6.57364294662609,6.59264145312515,,6.48770045455201,6.50879946442034,6.56273585799596,6.41653085201358,6.50989540830705
54,Value,1340,5,Additive0.015,40329,210,3,6.55467574239467,6.57364294662609,6.58467574239467,,6.48770045455201,6.50879946442034,6.56273585799596,6.41653085201358,6.50989540830705
54,Vector,1340,5,Additive0.015,198320,176,1,6.55102134096835,6.57364294662609,6.58102134096835,,6.48770045455201,6.50879946442034,6.56273585799596,6.41653085201358,6.50989540830705
54,Dist L1,1340,5,Additive0.015,40315,193,3,6.55305178206974,6.57364294662609,6.58305178206974,,6.48770045455201,6.50879946442034,6.56273585799596,6.41653085201358,6.50989540830705
55,Oracle,1340,5,Additive0.015,0,0,0,6.56264145312515,6.57329404973163,6.59264145312515,,6.48735919869702,6.50865652972977,6.56245480874382,6.41394734951184,6.50872522732114
55,Oracle Vector,1340,5,Additive0.015,136680,122,0,6.56264145312515,6.57329404973163,6.59264145312515,,6.48735919869702,6.50865652972977,6.56245480874382,6.41394734951184,6.50872522732114
55,Value,1340,5,Additive0.015,40329,210,3,6.55467574239467,6.57329404973163,6.58467574239467,,6.48735919869702,6.50865652972977,6.56245480874382,6.41394734951184,6.50872522732114
55,Vector,1340,5,Additive0.015,198320,176,1,6.55102134096835,6.57329404973163,6.58102134096835,,6.48735919869702,6.50865652972977,6.56245480874382,6.41394734951184,6.50872522732114
55,Dist L1,1340,5,Additive0.015,40315,193,3,6.55305178206974,6.57329404973163,6.58305178206974,,6.48735919869702,6.50865652972977,6.56245480874382,6.41394734951184,6.50872522732114
56,Oracle,1340,5,Additive0.015,0,0,0,6.56264145312515,6.5736572791275,6.59264145312515,,6.48750990766053,6.50909680225999,6.56212145200072,6.41310985802334,6.50903443490567
56,Oracle Vector,1340,5,Additive0.015,142040,127,0,6.56264145312515,6.5736572791275,6.59264145312515,,6.48750990766053,6.50909680225999,6.56212145200072,6.41310985802334,6.50903443490567
56,Value,1340,5,Additive0.015,40329,210,3,6.55467574239467,6.5736572791275,6.58467574239467,,6.48750990766053,6.50909680225999,6.56212145200072,6.41310985802334,6.50903443490567
56,Vector,1340,5,Additive0.015,209040,186,1,6.55102134096835,6.5736572791275,6.58102134096835,,6.48750990766053,6.50909680225999,6.56212145200072,6.41310985802334,6.50903443490567
56,Dist L1,1340,5,Additive0.015,40315,193,3,6.55305178206974,6.5736572791275,6.58305178206974,,6.48750990766053,6.50909680225999,6.56212145200072,6.41310985802334,6.50903443490567
57,Oracle,1340,5,Additive0.015,0,0,0,6.56264145312515,6.57438113083702,6.59264145312515,,6.48883184364381,6.50974653798294,6.56171679782729,6.41369661610724,6.50814480746089
57,Oracle Vector,1340,5,Additive0.015,142040,127,0,6.56264145312515,6.57438113083702,6.59264145312515,,6.48883184364381,6.50974653798294,6.56171679782729,6.41369661610724,6.50814480746089
57,Value,1340,5,Additive0.015,40329,210,3,6.55467574239467,6.57438113083702,6.58467574239467,,6.48883184364381,6.50974653798294,6.56171679782729,6.41369661610724,6.50814480746089
57,Vector,1340,5,Additive0.015,222440,197,2,6.55938113083702,6.57438113083702,6.58938113083702,,6.48883184364381,6.50974653798294,6.56171679782729,6.41369661610724,6.50814480746089
57,Dist L1,1340,5,Additive0.015,40319,198,3,6.55305178206974,6.57438113083702,6.58305178206974,,6.48883184364381,6.50974653798294,6.56171679782729,6.41369661610724,6.50814480746089
58,Oracle,1340,5,Additive0.015,0,0,0,6.56264145312515,6.57606568435496,6.59264145312515,,6.48992983978805,6.51183456606015,6.56385390228548,6.41517912125124,6.50940548924003
58,Value,1340,5,Additive0.015,40329,210,3,6.55467574239467,6.57606568435496,6.58467574239467,,6.48992983978805,6.51183456606015,6.56385390228548,6.41517912125124,6.50940548924003
58,Oracle Vector,1340,5,Additive0.015,142040,127,0,6.56264145312515,6.57606568435496,6.59264145312515,,6.48992983978805,6.51183456606015,6.56385390228548,6.41517912125124,6.50940548924003
58,Vector,1340,5,Additive0.015,222440,197,2,6.55938113083702,6.57606568435496,6.58938113083702,,6.48992983978805,6.51183456606015,6.56385390228548,6.41517912125124,6.50940548924003
58,Dist L1,1340,5,Additive0.015,40325,205,3,6.55305178206974,6.57606568435496,6.58305178206974,,6.48992983978805,6.51183456606015,6.56385390228548,6.41517912125124,6.50940548924003
59,Oracle,1340,5,Additive0.015,0,0,0,6.56264145312515,6.57685986656105,6.59264145312515,,6.49123217552686,6.51317867642753,6.56427157884164,6.41495299522072,6.5095419828422
59,Vector,1340,5,Additive0.015,222440,197,2,6.55938113083702,6.57685986656105,6.58938113083702,,6.49123217552686,6.51317867642753,6.56427157884164,6.41495299522072,6.5095419828422
59,Value,1340,5,Additive0.015,40329,210,3,6.55467574239467,6.57685986656105,6.58467574239467,,6.49123217552686,6.51317867642753,6.56427157884164,6.41495299522072,6.5095419828422
59,Oracle Vector,1340,5,Additive0.015,150080,134,0,6.56264145312515,6.57685986656105,6.59264145312515,,6.49123217552686,6.51317867642753,6.56427157884164,6.41495299522072,6.5095419828422
59,Dist L1,1340,5,Additive0.015,40329,210,3,6.55305178206974,6.57685986656105,6.58305178206974,,6.49123217552686,6.51317867642753,6.56427157884164,6.41495299522072,6.5095419828422
60,Oracle,1340,5,Additive0.015,0,0,0,6.56264145312515,6.57678736913693,6.59264145312515,,6.49046833209675,6.51359502523196,6.56455294321493,6.41382320060194,6.50953801613481
60,Oracle Vector,1340,5,Additive0.015,150080,134,0,6.56264145312515,6.57678736913693,6.59264145312515,,6.49046833209675,6.51359502523196,6.56455294321493,6.41382320060194,6.50953801613481
60,Vector,1340,5,Additive0.015,222440,197,2,6.55938113083702,6.57678736913693,6.58938113083702,,6.49046833209675,6.51359502523196,6.56455294321493,6.41382320060194,6.50953801613481
60,Value,1340,5,Additive0.015,40333,215,3,6.55467574239467,6.57678736913693,6.58467574239467,,6.49046833209675,6.51359502523196,6.56455294321493,6.41382320060194,6.50953801613481
60,Dist L1,1340,5,Additive0.015,40333,215,3,6.55305178206974,6.57678736913693,6.58305178206974,,6.49046833209675,6.51359502523196,6.56455294321493,6.41382320060194,6.50953801613481
61,Oracle,1340,5,Additive0.015,0,0,0,6.56264145312515,6.57815536107004,6.59264145312515,,6.49130517408442,6.51393363266388,6.56657980772864,6.41453926336946,6.51148371201945
61,Vector,1340,5,Additive0.015,222440,197,2,6.55938113083702,6.57815536107004,6.58938113083702,,6.49130517408442,6.51393363266388,6.56657980772864,6.41453926336946,6.51148371201945
61,Value,1340,5,Additive0.015,40333,215,3,6.55467574239467,6.57815536107004,6.58467574239467,,6.49130517408442,6.51393363266388,6.56657980772864,6.41453926336946,6.51148371201945
61,Oracle Vector,1340,5,Additive0.015,163480,147,0,6.56264145312515,6.57815536107004,6.59264145312515,,6.49130517408442,6.51393363266388,6.56657980772864,6.41453926336946,6.51148371201945
61,Dist L1,1340,5,Additive0.015,40343,227,3,6.55305178206974,6.57815536107004,6.58305178206974,,6.49130517408442,6.51393363266388,6.56657980772864,6.41453926336946,6.51148371201945
62,Oracle,1340,5,Additive0.015,0,0,0,6.56264145312515,6.57870759680167,6.59264145312515,,6.49144166763494,6.5134247104633,6.56733021808725,6.41489939199682,6.51262189890557
62,Oracle Vector,1340,5,Additive0.015,163480,147,0,6.56264145312515,6.57870759680167,6.59264145312515,,6.49144166763494,6.5134247104633,6.56733021808725,6.41489939199682,6.51262189890557
62,Value,1340,5,Additive0.015,40341,225,3,6.55467574239467,6.57870759680167,6.58467574239467,,6.49144166763494,6.5134247104633,6.56733021808725,6.41489939199682,6.51262189890557
62,Vector,1340,5,Additive0.015,222440,197,2,6.55938113083702,6.57870759680167,6.58938113083702,,6.49144166763494,6.5134247104633,6.56733021808725,6.41489939199682,6.51262189890557
62,Dist L1,1340,5,Additive0.015,53748,250,4,6.56370759680167,6.57870759680167,6.59370759680167,,6.49144166763494,6.5134247104633,6.56733021808725,6.41489939199682,6.51262189890557
63,Oracle,1340,5,Additive0.015,0,0,0,6.56264145312515,6.57967531979172,6.59264145312515,,6.4922637922621,6.51351197024628,6.56883902375832,6.41494800570912,6.51369830465541
63,Vector,1340,5,Additive0.015,222440,197,2,6.55938113083702,6.57967531979172,6.58938113083702,,6.49226379226211,6.51351197024628,6.56883902375832,6.41494800570912,6.51369830465541
63,Value,1340,5,Additive0.015,40349,234,3,6.55467574239467,6.57967531979172,6.58467574239467,,6.4922637922621,6.51351197024628,6.56883902375832,6.41494800570912,6.51369830465541
63,Oracle Vector,1340,5,Additive0.015,176880,160,1,6.56467531979172,6.57967531979172,6.59467531979172,,6.4922637922621,6.51351197024628,6.56883902375832,6.41494800570912,6.51369830465541
63,Dist L1,1340,5,Additive0.015,53748,250,4,6.56370759680167,6.57967531979172,6.59370759680167,,6.4922637922621,6.51351197024628,6.56883902375832,6.41494800570912,6.51369830465541
64,Oracle,1340,5,Additive0.015,0,0,0,6.56264145312515,6.57993134305387,6.59264145312515,,6.49334116142073,6.51507737646236,6.56778445936999,6.41291094716027,6.51246611457208
64,Oracle Vector,1340,5,Additive0.015,176880,160,1,6.56467531979172,6.57993134305387,6.59467531979172,,6.49334116142073,6.51507737646236,6.56778445936999,6.41291094716027,6.51246611457208
64,Value,1340,5,Additive0.015,40355,242,3,6.55467574239467,6.57993134305387,6.58467574239467,,6.49334116142073,6.51507737646236,6.56778445936999,6.41291094716027,6.51246611457208
64,Vector,1340,5,Additive0.015,222440,197,2,6.55938113083702,6.57993134305387,6.58938113083702,,6.49334116142073,6.51507737646236,6.56778445936999,6.41291094716027,6.51246611457208
64,Dist L1,1340,5,Additive0.015,53748,250,4,6.56370759680167,6.57993134305387,6.59370759680167,,6.49334116142073,6.51507737646236,6.56778445936999,6.41291094716027,6.51246611457208
65,Oracle,1340,5,Additive0.015,0,0,0,6.56264145312515,6.5798876864857,6.59264145312515,,6.49379645827862,6.51460122783499,6.56742197474894,6.41197541707892,6.51206791658341
65,Oracle Vector,1340,5,Additive0.015,176880,160,1,6.56467531979172,6.5798876864857,6.59467531979172,,6.49379645827862,6.51460122783499,6.56742197474894,6.41197541707892,6.51206791658341
65,Vector,1340,5,Additive0.015,222440,197,2,6.55938113083702,6.5798876864857,6.58938113083702,,6.49379645827862,6.51460122783499,6.56742197474894,6.41197541707892,6.51206791658341
65,Value,1340,5,Additive0.015,53760,265,4,6.5648876864857,6.5798876864857,6.5948876864857,,6.49379645827862,6.51460122783499,6.56742197474894,6.41197541707892,6.51206791658341
65,Dist L1,1340,5,Additive0.015,53748,250,4,6.56370759680167,6.5798876864857,6.59370759680167,,6.49379645827862,6.51460122783499,6.56742197474894,6.41197541707892,6.51206791658341
66,Oracle,1340,5,Additive0.015,0,0,0,6.56264145312515,6.58005647797688,6.59264145312515,,6.49416788055875,6.51443716562112,6.56728440745856,6.41249529273493,6.51093015326011
66,Oracle Vector,1340,5,Additive0.015,176880,160,1,6.56467531979172,6.58005647797688,6.59467531979172,,6.49416788055875,6.51443716562112,6.56728440745856,6.41249529273493,6.51093015326011
66,Value,1340,5,Additive0.015,53760,265,4,6.5648876864857,6.58005647797688,6.5948876864857,,6.49416788055875,6.51443716562112,6.56728440745856,6.41249529273493,6.51093015326011
66,Vector,1340,5,Additive0.015,222440,197,2,6.55938113083702,6.58005647797688,6.58938113083702,,6.49416788055875,6.51443716562112,6.56728440745856,6.41249529273493,6.51093015326011
66,Dist L1,1340,5,Additive0.015,53748,250,4,6.56370759680167,6.58005647797688,6.59370759680167,,6.49416788055875,6.51443716562112,6.56728440745856,6.41249529273493,6.51093015326011
67,Oracle,1340,5,Additive0.015,0,0,0,6.56264145312515,6.58108435608607,6.59264145312515,,6.49464520391674,6.51429020633158,6.56876765148535,6.41370641120474,6.51142387641657
67,Oracle Vector,1340,5,Additive0.015,176880,160,1,6.56467531979172,6.58108435608607,6.59467531979172,,6.49464520391674,6.51429020633158,6.56876765148535,6.41370641120474,6.51142387641657
67,Value,1340,5,Additive0.015,53760,265,4,6.5648876864857,6.58108435608607,6.5948876864857,,6.49464520391674,6.51429020633158,6.56876765148535,6.41370641120474,6.51142387641657
67,Vector,1340,5,Additive0.015,222440,197,2,6.55938113083702,6.58108435608607,6.58938113083702,,6.49464520391674,6.51429020633158,6.56876765148535,6.41370641120474,6.51142387641657
67,Dist L1,1340,5,Additive0.015,53748,250,4,6.56370759680167,6.58108435608607,6.59370759680167,,6.49464520391674,6.51429020633158,6.56876765148535,6.41370641120474,6.51142387641657
68,Oracle,1340,5,Additive0.015,0,0,0,6.56264145312515,6.5809523323443,6.59264145312515,,6.49444351305673,6.51357446234653,6.56900433067065,6.41248546283693,6.51025291757969
68,Oracle Vector,1340,5,Additive0.015,176880,160,1,6.56467531979172,6.5809523323443,6.59467531979172,,6.49444351305673,6.51357446234653,6.56900433067065,6.41248546283693,6.51025291757969
68,Vector,1340,5,Additive0.015,222440,197,2,6.55938113083702,6.5809523323443,6.58938113083702,,6.49444351305673,6.51357446234653,6.56900433067065,6.41248546283693,6.51025291757969
68,Value,1340,5,Additive0.015,53760,265,4,6.5648876864857,6.5809523323443,6.5948876864857,,6.49444351305673,6.51357446234653,6.56900433067065,6.41248546283693,6.51025291757969
68,Dist L1,1340,5,Additive0.015,53748,250,4,6.56370759680167,6.5809523323443,6.59370759680167,,6.49444351305673,6.51357446234653,6.56900433067065,6.41248546283693,6.51025291757969
69,Oracle,1340,5,Additive0.015,0,0,0,6.56264145312515,6.58171289149999,6.59264145312515,,6.49546106035039,6.51398204672223,6.56970867968618,6.4122937790267,6.50932525841692
69,Oracle Vector,1340,5,Additive0.015,176880,160,1,6.56467531979172,6.58171289149999,6.59467531979172,,6.49546106035039,6.51398204672223,6.56970867968618,6.4122937790267,6.50932525841692
69,Value,1340,5,Additive0.015,53760,265,4,6.5648876864857,6.58171289149999,6.5948876864857,,6.49546106035039,6.51398204672223,6.56970867968618,6.4122937790267,6.50932525841692
69,Vector,1340,5,Additive0.015,222440,197,2,6.55938113083702,6.58171289149999,6.58938113083702,,6.49546106035039,6.51398204672223,6.56970867968618,6.4122937790267,6.50932525841692
69,Dist L1,1340,5,Additive0.015,53748,250,4,6.56370759680167,6.58171289149999,6.59370759680167,,6.49546106035039,6.51398204672223,6.56970867968618,6.4122937790267,6.50932525841692
70,Oracle,1340,5,Additive0.015,0,0,0,6.56264145312515,6.58146594260136,6.59264145312515,,6.4959537390166,6.51434792112931,6.56878901503472,6.41127510607425,6.50674419449683
70,Oracle Vector,1340,5,Additive0.015,176880,160,1,6.56467531979172,6.58146594260136,6.59467531979172,,6.4959537390166,6.51434792112931,6.56878901503472,6.41127510607425,6.50674419449683
70,Value,1340,5,Additive0.015,53760,265,4,6.5648876864857,6.58146594260136,6.5948876864857,,6.4959537390166,6.51434792112931,6.56878901503472,6.41127510607425,6.50674419449683
70,Vector,1340,5,Additive0.015,222440,197,2,6.55938113083702,6.58146594260136,6.58938113083702,,6.4959537390166,6.51434792112931,6.56878901503472,6.41127510607425,6.50674419449683
70,Dist L1,1340,5,Additive0.015,53748,250,4,6.56370759680167,6.58146594260136,6.59370759680167,,6.4959537390166,6.51434792112931,6.56878901503472,6.41127510607425,6.50674419449683
71,Oracle,1340,5,Additive0.015,0,0,0,6.56264145312515,6.58218687672785,6.59264145312515,,6.49684711140868,6.51511638468332,6.56881701070192,6.41207568094155,6.50627435887308
71,Oracle Vector,1340,5,Additive0.015,176880,160,1,6.56467531979172,6.58218687672785,6.59467531979172,,6.49684711140868,6.51511638468332,6.56881701070192,6.41207568094155,6.50627435887308
71,Value,1340,5,Additive0.015,53760,265,4,6.5648876864857,6.58218687672785,6.5948876864857,,6.49684711140868,6.51511638468332,6.56881701070192,6.41207568094155,6.50627435887308
71,Vector,1340,5,Additive0.015,222440,197,2,6.55938113083702,6.58218687672785,6.58938113083702,,6.49684711140868,6.51511638468332,6.56881701070192,6.41207568094155,6.50627435887308
71,Dist L1,1340,5,Additive0.015,53748,250,4,6.56370759680167,6.58218687672785,6.59370759680167,,6.49684711140868,6.51511638468332,6.56881701070192,6.41207568094155,6.50627435887308
72,Oracle,1340,5,Additive0.015,0,0,0,6.56264145312515,6.582077086839,6.59264145312515,,6.49712103898574,6.51465888952619,6.56913974411513,6.41267856718798,6.50460595302026
72,Oracle Vector,1340,5,Additive0.015,176880,160,1,6.56467531979172,6.582077086839,6.59467531979172,,6.49712103898574,6.51465888952619,6.56913974411513,6.41267856718798,6.50460595302026
72,Value,1340,5,Additive0.015,53760,265,4,6.5648876864857,6.582077086839,6.5948876864857,,6.49712103898574,6.51465888952619,6.56913974411513,6.41267856718798,6.50460595302026
72,Vector,1340,5,Additive0.015,227800,202,2,6.55938113083702,6.582077086839,6.58938113083702,,6.49712103898574,6.51465888952619,6.56913974411513,6.41267856718798,6.50460595302026
72,Dist L1,1340,5,Additive0.015,53748,250,4,6.56370759680167,6.582077086839,6.59370759680167,,6.49712103898574,6.51465888952619,6.56913974411513,6.41267856718798,6.50460595302026
73,Oracle,1340,5,Additive0.015,0,0,0,6.56264145312515,6.58184756572959,6.59264145312515,,6.49828520876624,6.51379333664705,6.56794150952287,6.41186152363963,6.50340704808004
73,Oracle Vector,1340,5,Additive0.015,176880,160,1,6.56467531979172,6.58184756572959,6.59467531979172,,6.49828520876624,6.51379333664705,6.56794150952287,6.41186152363964,6.50340704808004
73,Vector,1340,5,Additive0.015,227800,202,2,6.55938113083702,6.58184756572959,6.58938113083702,,6.49828520876624,6.51379333664705,6.56794150952287,6.41186152363963,6.50340704808004
73,Value,1340,5,Additive0.015,53760,265,4,6.5648876864857,6.58184756572959,6.5948876864857,,6.49828520876624,6.51379333664705,6.56794150952287,6.41186152363963,6.50340704808004
73,Dist L1,1340,5,Additive0.015,53748,250,4,6.56370759680167,6.5818475657296,6.59370759680167,,6.49828520876624,6.51379333664705,6.56794150952287,6.41186152363963,6.50340704808004
74,Oracle,1340,5,Additive0.015,0,0,0,6.56264145312515,6.58198507896027,6.59264145312515,,6.50116040074486,6.51631645597965,6.56675949639262,6.40977068225339,6.50083876052519
74,Oracle Vector,1340,5,Additive0.015,176880,160,1,6.56467531979172,6.58198507896027,6.59467531979172,,6.50116040074486,6.51631645597965,6.56675949639262,6.40977068225339,6.50083876052519
74,Vector,1340,5,Additive0.015,227800,202,2,6.55938113083702,6.58198507896027,6.58938113083702,,6.50116040074486,6.51631645597965,6.56675949639262,6.40977068225339,6.50083876052519
74,Value,1340,5,Additive0.015,53760,265,4,6.5648876864857,6.58198507896027,6.5948876864857,,6.50116040074486,6.51631645597965,6.56675949639262,6.40977068225339,6.50083876052519
74,Dist L1,1340,5,Additive0.015,53752,255,4,6.56370759680167,6.58198507896027,6.59370759680167,,6.50116040074486,6.51631645597965,6.56675949639262,6.40977068225339,6.50083876052519
75,Oracle,1340,5,Additive0.015,0,0,0,6.56264145312515,6.58119597365011,6.59264145312515,,6.50043147092,6.51466048997143,6.56632533287792,6.40895633614376,6.50106190034078
75,Oracle Vector,1340,5,Additive0.015,176880,160,1,6.56467531979172,6.58119597365011,6.59467531979172,,6.50043147092,6.51466048997143,6.56632533287792,6.40895633614376,6.50106190034078
75,Value,1340,5,Additive0.015,53764,270,4,6.5648876864857,6.58119597365011,6.5948876864857,,6.50043147092,6.51466048997143,6.56632533287792,6.40895633614376,6.50106190034078
75,Vector,1340,5,Additive0.015,233160,207,2,6.55938113083702,6.58119597365011,6.58938113083702,,6.50043147092,6.51466048997143,6.56632533287792,6.40895633614376,6.50106190034078
75,Dist L1,1340,5,Additive0.015,53756,260,4,6.56370759680167,6.58119597365011,6.59370759680167,,6.50043147092,6.51466048997143,6.56632533287792,6.40895633614376,6.50106190034078
76,Oracle,1340,5,Additive0.015,0,0,0,6.56264145312515,6.58111951197304,6.59264145312515,,6.5006436014619,6.51478386432222,6.56598356744011,6.40811386461547,6.49956949905686
76,Oracle Vector,1340,5,Additive0.015,182240,165,1,6.56467531979172,6.58111951197304,6.59467531979172,,6.5006436014619,6.51478386432222,6.56598356744011,6.40811386461547,6.49956949905686
76,Value,1340,5,Additive0.015,53764,270,4,6.5648876864857,6.58111951197304,6.5948876864857,,6.5006436014619,6.51478386432222,6.56598356744011,6.40811386461547,6.49956949905686
76,Vector,1340,5,Additive0.015,238520,212,2,6.55938113083702,6.58111951197304,6.58938113083702,,6.5006436014619,6.51478386432222,6.56598356744011,6.40811386461547,6.49956949905686
76,Dist L1,1340,5,Additive0.015,53756,260,4,6.56370759680167,6.58111951197304,6.59370759680167,,6.5006436014619,6.51478386432222,6.56598356744011,6.40811386461547,6.49956949905686
77,Oracle,1340,5,Additive0.015,0,0,0,6.56264145312515,6.58116816018591,6.59264145312515,,6.50168028883456,6.51542471980264,6.56462988485256,6.40799757738875,6.49960056688769
77,Oracle Vector,1340,5,Additive0.015,182240,165,1,6.56467531979172,6.58116816018591,6.59467531979172,,6.50168028883456,6.51542471980264,6.56462988485256,6.40799757738875,6.49960056688769
77,Value,1340,5,Additive0.015,53764,270,4,6.5648876864857,6.58116816018591,6.5948876864857,,6.50168028883456,6.51542471980264,6.56462988485256,6.40799757738875,6.49960056688769
77,Vector,1340,5,Additive0.015,238520,212,2,6.55938113083702,6.58116816018591,6.58938113083702,,6.50168028883456,6.51542471980264,6.56462988485256,6.40799757738875,6.49960056688769
77,Dist L1,1340,5,Additive0.015,53762,267,4,6.56370759680167,6.58116816018591,6.59370759680167,,6.50168028883456,6.51542471980264,6.56462988485256,6.40799757738875,6.49960056688769
78,Oracle,1340,5,Additive0.015,0,0,0,6.56264145312515,6.58111398388547,6.59264145312515,,6.50225910930777,6.5156746843354,6.56317132077905,6.40742003732594,6.49961259289787
78,Oracle Vector,1340,5,Additive0.015,182240,165,1,6.56467531979172,6.58111398388547,6.59467531979172,,6.50225910930777,6.5156746843354,6.56317132077905,6.40742003732594,6.49961259289787
78,Value,1340,5,Additive0.015,53768,275,4,6.5648876864857,6.58111398388547,6.5948876864857,,6.50225910930777,6.5156746843354,6.56317132077905,6.40742003732594,6.49961259289787
78,Vector,1340,5,Additive0.015,251920,225,2,6.55938113083702,6.58111398388546,6.58938113083702,,6.50225910930776,6.5156746843354,6.56317132077905,6.40742003732594,6.49961259289787
78,Dist L1,1340,5,Additive0.015,53766,272,4,6.56370759680167,6.58111398388547,6.59370759680167,,6.50225910930776,6.5156746843354,6.56317132077905,6.40742003732594,6.49961259289787
79,Oracle,1340,5,Additive0.015,0,0,0,6.56264145312515,6.58019235609414,6.59264145312515,,6.50205033106831,6.51513611574855,6.56235673552739,6.4064140016266,6.49832753015952
79,Oracle Vector,1340,5,Additive0.015,187600,170,1,6.56467531979172,6.58019235609414,6.59467531979172,,6.50205033106831,6.51513611574855,6.56235673552739,6.4064140016266,6.49832753015952
79,Value,1340,5,Additive0.015,53768,275,4,6.5648876864857,6.58019235609414,6.5948876864857,,6.50205033106831,6.51513611574855,6.5623567355274,6.4064140016266,6.49832753015952
79,Vector,1340,5,Additive0.015,257280,230,2,6.55938113083702,6.58019235609414,6.58938113083702,,6.50205033106831,6.51513611574855,6.5623567355274,6.4064140016266,6.49832753015952
79,Dist L1,1340,5,Additive0.015,53770,277,4,6.56370759680167,6.58019235609414,6.59370759680167,,6.50205033106831,6.51513611574855,6.5623567355274,6.4064140016266,6.49832753015952
80,Oracle,1340,5,Additive0.015,0,0,0,6.56264145312515,6.58004796002466,6.59264145312515,,6.50268810117905,6.5145638799905,6.56172159815836,6.40674749931854,6.49716249013146
80,Oracle Vector,1340,5,Additive0.015,187600,170,1,6.56467531979172,6.58004796002466,6.59467531979172,,6.50268810117905,6.5145638799905,6.56172159815836,6.40674749931854,6.49716249013146
80,Vector,1340,5,Additive0.015,257280,230,2,6.55938113083702,6.58004796002466,6.58938113083702,,6.50268810117905,6.5145638799905,6.56172159815836,6.40674749931854,6.49716249013146
80,Value,1340,5,Additive0.015,53774,282,4,6.5648876864857,6.58004796002466,6.5948876864857,,6.50268810117905,6.5145638799905,6.56172159815836,6.40674749931854,6.49716249013146
80,Dist L1,1340,5,Additive0.015,53774,282,4,6.56370759680167,6.58004796002466,6.59370759680167,,6.50268810117905,6.5145638799905,6.56172159815836,6.40674749931854,6.49716249013146
81,Oracle,1340,5,Additive0.015,0,0,0,6.56264145312515,6.58049691594442,6.59264145312515,,6.50403137828052,6.51518169719777,6.56050491057916,6.40803883877466,6.49842254136571
81,Oracle Vector,1340,5,Additive0.015,187600,170,1,6.56467531979172,6.58049691594442,6.59467531979172,,6.50403137828052,6.51518169719777,6.56050491057916,6.40803883877466,6.49842254136571
81,Value,1340,5,Additive0.015,53774,282,4,6.5648876864857,6.58049691594442,6.5948876864857,,6.50403137828052,6.51518169719777,6.56050491057916,6.40803883877466,6.49842254136571
81,Vector,1340,5,Additive0.015,262640,235,2,6.55938113083702,6.58049691594442,6.58938113083702,,6.50403137828052,6.51518169719777,6.56050491057916,6.40803883877466,6.49842254136571
81,Dist L1,1340,5,Additive0.015,53778,287,4,6.56370759680167,6.58049691594442,6.59370759680167,,6.50403137828052,6.51518169719777,6.56050491057916,6.40803883877466,6.49842254136571
82,Oracle,1340,5,Additive0.015,0,0,0,6.56264145312515,6.58105822424315,6.59264145312515,,6.50500040019238,6.51513006938151,6.56059023684032,6.40883403256629,6.49906898601114
82,Oracle Vector,1340,5,Additive0.015,187600,170,1,6.56467531979172,6.58105822424315,6.59467531979172,,6.50500040019238,6.51513006938151,6.56059023684032,6.40883403256629,6.49906898601114
82,Value,1340,5,Additive0.015,53778,287,4,6.5648876864857,6.58105822424315,6.5948876864857,,6.50500040019238,6.51513006938151,6.56059023684032,6.40883403256629,6.49906898601113
82,Vector,1340,5,Additive0.015,268000,240,2,6.55938113083702,6.58105822424315,6.58938113083702,,6.50500040019238,6.51513006938151,6.56059023684032,6.40883403256629,6.49906898601114
82,Dist L1,1340,5,Additive0.015,53786,297,4,6.56370759680167,6.58105822424315,6.59370759680167,,6.50500040019238,6.51513006938151,6.56059023684032,6.40883403256629,6.49906898601113
83,Oracle,1340,5,Additive0.015,0,0,0,6.56264145312515,6.58105943255782,6.59264145312515,,6.5049021243132,6.51469690496956,6.56062065743424,6.40948177321665,6.49841945487622
83,Oracle Vector,1340,5,Additive0.015,187600,170,1,6.56467531979172,6.58105943255782,6.59467531979172,,6.5049021243132,6.51469690496956,6.56062065743424,6.40948177321665,6.49841945487622
83,Value,1340,5,Additive0.015,53782,292,4,6.5648876864857,6.58105943255782,6.5948876864857,,6.5049021243132,6.51469690496956,6.56062065743424,6.40948177321665,6.49841945487622
83,Vector,1340,5,Additive0.015,268000,240,2,6.55938113083702,6.58105943255782,6.58938113083702,,6.5049021243132,6.51469690496956,6.56062065743424,6.40948177321665,6.49841945487622
83,Dist L1,1340,5,Additive0.015,53786,297,4,6.56370759680167,6.58105943255782,6.59370759680167,,6.5049021243132,6.51469690496956,6.56062065743424,6.40948177321665,6.49841945487622
84,Oracle,1340,5,Additive0.015,0,0,0,6.56264145312515,6.58064690665045,6.59264145312515,,6.50544847297736,6.51361183310465,6.55940069761766,6.40933210710935,6.49747991762734
84,Oracle Vector,1340,5,Additive0.015,192960,175,1,6.56467531979172,6.58064690665045,6.59467531979172,,6.50544847297736,6.51361183310465,6.55940069761766,6.40933210710935,6.49747991762734
84,Value,1340,5,Additive0.015,53790,301,4,6.5648876864857,6.58064690665045,6.5948876864857,,6.50544847297736,6.51361183310465,6.55940069761766,6.40933210710935,6.49747991762734
84,Vector,1340,5,Additive0.015,273360,245,2,6.55938113083702,6.58064690665045,6.58938113083702,,6.50544847297736,6.51361183310465,6.55940069761766,6.40933210710935,6.49747991762734
84,Dist L1,1340,5,Additive0.015,53796,309,4,6.56370759680167,6.58064690665045,6.59370759680167,,6.50544847297736,6.51361183310465,6.55940069761766,6.40933210710935,6.49747991762734
85,Oracle,1340,5,Additive0.015,0,0,0,6.56264145312515,6.58133297045788,6.59264145312515,,6.50593643693393,6.51368292981782,6.55999307655979,6.40928102663903,6.49836739131484
85,Oracle Vector,1340,5,Additive0.015,192960,175,1,6.56467531979172,6.58133297045788,6.59467531979172,,6.50593643693393,6.51368292981782,6.55999307655979,6.40928102663903,6.49836739131484
85,Vector,1340,5,Additive0.015,273360,245,2,6.55938113083702,6.58133297045788,6.58938113083702,,6.50593643693393,6.51368292981782,6.55999307655979,6.40928102663903,6.49836739131484
85,Value,1340,5,Additive0.015,53794,306,4,6.5648876864857,6.58133297045788,6.5948876864857,,6.50593643693393,6.51368292981782,6.55999307655979,6.40928102663903,6.49836739131484
85,Dist L1,1340,5,Additive0.015,53800,314,4,6.56370759680167,6.58133297045788,6.59370759680167,,6.50593643693393,6.51368292981782,6.55999307655979,6.40928102663903,6.49836739131484
86,Oracle,1340,5,Additive0.015,0,0,0,6.56264145312515,6.58213660584107,6.59264145312515,,6.50748985226,6.51353908180058,6.56044266383409,6.40903015999005,6.49918577699631
86,Value,1340,5,Additive0.015,53794,306,4,6.5648876864857,6.58213660584107,6.5948876864857,,6.50748985226,6.51353908180058,6.56044266383409,6.40903015999005,6.49918577699631
86,Oracle Vector,1340,5,Additive0.015,198320,180,1,6.56467531979172,6.58213660584107,6.59467531979172,,6.50748985226,6.51353908180058,6.56044266383409,6.40903015999005,6.49918577699631
86,Vector,1340,5,Additive0.015,281400,252,2,6.55938113083702,6.58213660584107,6.58938113083702,,6.50748985226,6.51353908180058,6.56044266383409,6.40903015999005,6.49918577699631
86,Dist L1,1340,5,Additive0.015,53804,319,4,6.56370759680167,6.58213660584107,6.59370759680167,,6.50748985226,6.51353908180058,6.56044266383409,6.40903015999005,6.49918577699631
87,Oracle,1340,5,Additive0.015,0,0,0,6.56264145312515,6.5828450058546,6.59264145312515,,6.5074273717208,6.51371001022891,6.56064224845104,6.40942189074874,6.49916215106984
87,Value,1340,5,Additive0.015,53794,306,4,6.5648876864857,6.5828450058546,6.5948876864857,,6.5074273717208,6.51371001022891,6.56064224845104,6.40942189074874,6.49916215106983
87,Oracle Vector,1340,5,Additive0.015,203680,185,1,6.56467531979172,6.5828450058546,6.59467531979172,,6.5074273717208,6.51371001022891,6.56064224845104,6.40942189074874,6.49916215106984
87,Vector,1340,5,Additive0.015,294800,264,3,6.5678450058546,6.5828450058546,6.5978450058546,,6.5074273717208,6.51371001022891,6.56064224845104,6.40942189074874,6.49916215106984
87,Dist L1,1340,5,Additive0.015,53814,332,4,6.56370759680167,6.5828450058546,6.59370759680167,,6.5074273717208,6.51371001022891,6.56064224845104,6.40942189074874,6.49916215106983
88,Oracle,1340,5,Additive0.015,0,0,0,6.56264145312515,6.58338567814348,6.59264145312515,,6.50735535290059,6.51374718648659,6.56132701630526,6.41023574711122,6.49916354962518
88,Oracle Vector,1340,5,Additive0.015,203680,185,1,6.56467531979172,6.58338567814348,6.59467531979172,,6.50735535290059,6.51374718648659,6.56132701630526,6.41023574711122,6.49916354962518
88,Value,1340,5,Additive0.015,53794,306,4,6.5648876864857,6.58338567814348,6.5948876864857,,6.50735535290059,6.51374718648659,6.56132701630526,6.41023574711122,6.49916354962518
88,Vector,1340,5,Additive0.015,294800,264,3,6.5678450058546,6.58338567814348,6.5978450058546,,6.50735535290059,6.51374718648658,6.56132701630526,6.41023574711122,6.49916354962518
88,Dist L1,1340,5,Additive0.015,53814,332,4,6.56370759680167,6.58338567814348,6.59370759680167,,6.50735535290059,6.51374718648659,6.56132701630526,6.41023574711122,6.49916354962518
89,Oracle,1340,5,Additive0.015,0,0,0,6.56264145312515,6.58396203767812,6.59264145312515,,6.50737544076518,6.51288979196221,6.56339527198984,6.41089129237906,6.49981164301658
89,Oracle Vector,1340,5,Additive0.015,203680,185,1,6.56467531979172,6.58396203767812,6.59467531979172,,6.50737544076518,6.51288979196221,6.56339527198984,6.41089129237906,6.49981164301658
89,Value,1340,5,Additive0.015,53794,306,4,6.5648876864857,6.58396203767812,6.5948876864857,,6.50737544076518,6.51288979196221,6.56339527198984,6.41089129237906,6.49981164301658
89,Vector,1340,5,Additive0.015,294800,264,3,6.5678450058546,6.58396203767812,6.5978450058546,,6.50737544076518,6.51288979196221,6.56339527198984,6.41089129237907,6.49981164301658
89,Dist L1,1340,5,Additive0.015,53828,349,4,6.56370759680167,6.58396203767812,6.59370759680167,,6.50737544076518,6.51288979196221,6.56339527198984,6.41089129237906,6.49981164301658
90,Oracle,1340,5,Additive0.015,0,0,0,6.56264145312515,6.58408719821,6.59264145312515,,6.506144266644,6.51345199653971,6.56370732859913,6.41229348961491,6.50006591346563
90,Vector,1340,5,Additive0.015,294800,264,3,6.5678450058546,6.58408719821,6.5978450058546,,6.506144266644,6.51345199653971,6.56370732859913,6.41229348961491,6.50006591346563
90,Oracle Vector,1340,5,Additive0.015,209040,190,1,6.56467531979172,6.58408719821,6.59467531979172,,6.506144266644,6.51345199653971,6.56370732859913,6.41229348961491,6.50006591346563
90,Value,1340,5,Additive0.015,53798,311,4,6.5648876864857,6.58408719821,6.5948876864857,,6.506144266644,6.51345199653971,6.56370732859913,6.41229348961491,6.50006591346563
90,Dist L1,1340,5,Additive0.015,53834,357,4,6.56370759680167,6.58408719821,6.59370759680167,,6.506144266644,6.51345199653971,6.56370732859913,6.41229348961491,6.50006591346563
91,Oracle,1340,5,Additive0.015,0,0,0,6.56264145312515,6.58479882502277,6.59264145312515,,6.50616770133329,6.51320164168442,6.56415537212877,6.41410340188634,6.50092118061337
91,Oracle Vector,1340,5,Additive0.015,209040,190,1,6.56467531979172,6.58479882502277,6.59467531979172,,6.50616770133329,6.51320164168442,6.56415537212877,6.41410340188634,6.50092118061337
91,Value,1340,5,Additive0.015,53802,316,4,6.5648876864857,6.58479882502277,6.5948876864857,,6.50616770133329,6.51320164168442,6.56415537212877,6.41410340188634,6.50092118061337
91,Vector,1340,5,Additive0.015,294800,264,3,6.5678450058546,6.58479882502278,6.5978450058546,,6.50616770133329,6.51320164168442,6.56415537212877,6.41410340188634,6.50092118061337
91,Dist L1,1340,5,Additive0.015,53848,375,4,6.56370759680167,6.58479882502277,6.59370759680167,,6.50616770133329,6.51320164168442,6.56415537212877,6.41410340188634,6.50092118061337
92,Oracle,1340,5,Additive0.015,0,0,0,6.56264145312515,6.58546060586672,6.59264145312515,,6.50744597144314,6.51297094239996,6.56464609914205,6.41472363018688,6.50052669138704
92,Vector,1340,5,Additive0.015,294800,264,3,6.5678450058546,6.58546060586672,6.5978450058546,,6.50744597144314,6.51297094239996,6.56464609914205,6.41472363018688,6.50052669138704
92,Oracle Vector,1340,5,Additive0.015,214400,195,1,6.56467531979172,6.58546060586672,6.59467531979172,,6.50744597144314,6.51297094239996,6.56464609914205,6.41472363018688,6.50052669138704
92,Value,1340,5,Additive0.015,53806,321,4,6.5648876864857,6.58546060586672,6.5948876864857,,6.50744597144314,6.51297094239996,6.56464609914205,6.41472363018688,6.50052669138704
92,Dist L1,1340,5,Additive0.015,53858,389,4,6.56370759680167,6.58546060586672,6.59370759680167,,6.50744597144314,6.51297094239996,6.56464609914205,6.41472363018688,6.50052669138704
93,Oracle,1340,5,Additive0.015,0,0,0,6.56264145312515,6.58548729725734,6.59264145312515,,6.50816519920361,6.51213960812466,6.56456812000116,6.41529262234165,6.49952396234749
93,Value,1340,5,Additive0.015,53822,341,4,6.5648876864857,6.58548729725734,6.5948876864857,,6.50816519920361,6.51213960812466,6.56456812000116,6.41529262234165,6.49952396234749
93,Oracle Vector,1340,5,Additive0.015,219760,200,1,6.56467531979172,6.58548729725734,6.59467531979172,,6.50816519920361,6.51213960812466,6.56456812000116,6.41529262234166,6.49952396234749
93,Vector,1340,5,Additive0.015,294800,264,3,6.5678450058546,6.58548729725734,6.5978450058546,,6.50816519920361,6.51213960812466,6.56456812000116,6.41529262234165,6.49952396234749
93,Dist L1,1340,5,Additive0.015,67263,410,5,6.57048729725734,6.58548729725734,6.60048729725734,,6.50816519920361,6.51213960812466,6.56456812000116,6.41529262234165,6.49952396234749
94,Oracle,1340,5,Additive0.015,0,0,0,6.56264145312515,6.58488660532413,6.59264145312515,,6.50793729615056,6.51104418868271,6.56370402324797,6.41481930996982,6.49912407922604
94,Vector,1340,5,Additive0.015,294800,264,3,6.5678450058546,6.58488660532413,6.5978450058546,,6.50793729615056,6.51104418868271,6.56370402324797,6.41481930996981,6.49912407922604
94,Oracle Vector,1340,5,Additive0.015,225120,205,1,6.56467531979172,6.58488660532413,6.59467531979172,,6.50793729615056,6.51104418868271,6.56370402324797,6.41481930996982,6.49912407922604
94,Value,1340,5,Additive0.015,67227,361,5,6.56988660532413,6.58488660532413,6.59988660532413,,6.50793729615056,6.51104418868271,6.56370402324797,6.41481930996982,6.49912407922604
94,Dist L1,1340,5,Additive0.015,67263,410,5,6.57048729725734,6.58488660532413,6.60048729725734,,6.50793729615056,6.51104418868271,6.56370402324797,6.41481930996982,6.49912407922604
95,Oracle,1340,5,Additive0.015,0,0,0,6.56264145312515,6.5842087612898,6.59264145312515,,6.50805993736752,6.51025729746694,6.56223156740419,6.41455514724756,6.4974877735075
95,Oracle Vector,1340,5,Additive0.015,225120,205,1,6.56467531979172,6.5842087612898,6.59467531979172,,6.50805993736752,6.51025729746694,6.56223156740419,6.41455514724756,6.4974877735075
95,Vector,1340,5,Additive0.015,294800,264,3,6.5678450058546,6.5842087612898,6.5978450058546,,6.50805993736752,6.51025729746694,6.56223156740419,6.41455514724756,6.4974877735075
95,Value,1340,5,Additive0.015,67227,361,5,6.56988660532413,6.5842087612898,6.59988660532413,,6.50805993736752,6.51025729746694,6.56223156740419,6.41455514724756,6.4974877735075
95,Dist L1,1340,5,Additive0.015,67263,410,5,6.57048729725734,6.58420876128981,6.60048729725734,,6.50805993736752,6.51025729746694,6.56223156740419,6.41455514724756,6.4974877735075
96,Oracle,1340,5,Additive0.015,0,0,0,6.56264145312515,6.58391847103237,6.59264145312515,,6.50790732911768,6.50918375338496,6.5618481832292,6.4145050725441,6.49813248649551
96,Oracle Vector,1340,5,Additive0.015,230480,210,1,6.56467531979172,6.58391847103237,6.59467531979172,,6.50790732911768,6.50918375338496,6.5618481832292,6.4145050725441,6.49813248649551
96,Vector,1340,5,Additive0.015,294800,264,3,6.5678450058546,6.58391847103237,6.5978450058546,,6.50790732911767,6.50918375338496,6.5618481832292,6.4145050725441,6.49813248649551
96,Value,1340,5,Additive0.015,67227,361,5,6.56988660532413,6.58391847103237,6.59988660532413,,6.50790732911768,6.50918375338496,6.5618481832292,6.4145050725441,6.49813248649551
96,Dist L1,1340,5,Additive0.015,67263,410,5,6.57048729725734,6.58391847103237,6.60048729725734,,6.50790732911768,6.50918375338496,6.5618481832292,6.4145050725441,6.49813248649551
97,Oracle,1340,5,Additive0.015,0,0,0,6.56264145312515,6.58429286840172,6.59264145312515,,6.50872927097759,6.50953285317852,6.56223062605136,6.4151336960881,6.49827776982667
97,Oracle Vector,1340,5,Additive0.015,235840,215,1,6.56467531979172,6.58429286840172,6.59467531979172,,6.50872927097759,6.50953285317852,6.56223062605136,6.4151336960881,6.49827776982667
97,Vector,1340,5,Additive0.015,294800,264,3,6.5678450058546,6.58429286840172,6.5978450058546,,6.50872927097759,6.50953285317852,6.56223062605136,6.4151336960881,6.49827776982667
97,Value,1340,5,Additive0.015,67227,361,5,6.56988660532413,6.58429286840172,6.59988660532413,,6.50872927097759,6.50953285317852,6.56223062605136,6.4151336960881,6.49827776982667
97,Dist L1,1340,5,Additive0.015,67263,410,5,6.57048729725734,6.58429286840172,6.60048729725734,,6.50872927097759,6.50953285317852,6.56223062605136,6.4151336960881,6.49827776982667
98,Oracle,1340,5,Additive0.015,0,0,0,6.56264145312515,6.58397950177462,6.59264145312515,,6.50881720229794,6.51017773840518,6.56087701085491,6.41535880265589,6.49750367541481
98,Value,1340,5,Additive0.015,67227,361,5,6.56988660532413,6.58397950177462,6.59988660532413,,6.50881720229794,6.51017773840518,6.56087701085491,6.41535880265589,6.49750367541481
98,Oracle Vector,1340,5,Additive0.015,241200,220,1,6.56467531979172,6.58397950177462,6.59467531979172,,6.50881720229794,6.51017773840518,6.56087701085491,6.41535880265589,6.49750367541481
98,Vector,1340,5,Additive0.015,294800,264,3,6.5678450058546,6.58397950177462,6.5978450058546,,6.50881720229794,6.51017773840518,6.56087701085491,6.41535880265589,6.49750367541481
98,Dist L1,1340,5,Additive0.015,67263,410,5,6.57048729725734,6.58397950177462,6.60048729725734,,6.50881720229794,6.51017773840518,6.56087701085491,6.41535880265589,6.49750367541481
99,Oracle,1340,5,Additive0.015,0,0,0,6.56264145312515,6.58350745525553,6.59264145312515,,6.50832520755303,6.50964481564771,6.55997468266941,6.41532907620371,6.49660178125753
99,Oracle Vector,1340,5,Additive0.015,241200,220,1,6.56467531979172,6.58350745525553,6.59467531979172,,6.50832520755303,6.50964481564771,6.55997468266941,6.41532907620371,6.49660178125753
99,Value,1340,5,Additive0.015,67227,361,5,6.56988660532413,6.58350745525553,6.59988660532413,,6.50832520755303,6.50964481564771,6.55997468266941,6.41532907620371,6.49660178125753
99,Vector,1340,5,Additive0.015,294800,264,3,6.5678450058546,6.58350745525553,6.5978450058546,,6.50832520755303,6.50964481564771,6.55997468266941,6.41532907620371,6.49660178125753
99,Dist L1,1340,5,Additive0.015,67263,410,5,6.57048729725734,6.58350745525553,6.60048729725734,,6.50832520755303,6.50964481564771,6.55997468266941,6.41532907620371,6.49660178125753
100,Oracle,1340,5,Additive0.015,0,0,0,6.56264145312515,6.58357747558225,6.59264145312515,,6.50785943292524,6.50955976168412,6.55977945773166,6.41496350799269,6.49646029104058
100,Oracle Vector,1340,5,Additive0.015,241200,220,1,6.56467531979172,6.58357747558225,6.59467531979172,,6.50785943292524,6.50955976168412,6.55977945773166,6.41496350799269,6.49646029104058
100,Vector,1340,5,Additive0.015,294800,264,3,6.5678450058546,6.58357747558225,6.5978450058546,,6.50785943292524,6.50955976168412,6.55977945773166,6.41496350799269,6.49646029104058
100,Value,1340,5,Additive0.015,67227,361,5,6.56988660532413,6.58357747558225,6.59988660532413,,6.50785943292524,6.50955976168412,6.55977945773166,6.41496350799269,6.49646029104058
100,Dist L1,1340,5,Additive0.015,67263,410,5,6.57048729725734,6.58357747558225,6.60048729725734,,6.50785943292524,6.50955976168412,6.55977945773166,6.41496350799269,6.49646029104058
101,Oracle,1340,5,Additive0.015,0,0,0,6.56264145312515,6.58387962741336,6.59264145312515,,6.50820225327158,6.5088878509357,6.55951134314715,6.41648032004413,6.49713445083477
101,Value,1340,5,Additive0.015,67227,361,5,6.56988660532413,6.58387962741336,6.59988660532413,,6.50820225327158,6.5088878509357,6.55951134314715,6.41648032004413,6.49713445083477
101,Oracle Vector,1340,5,Additive0.015,246560,225,1,6.56467531979172,6.58387962741336,6.59467531979172,,6.50820225327158,6.5088878509357,6.55951134314715,6.41648032004413,6.49713445083477
101,Vector,1340,5,Additive0.015,300160,269,3,6.5678450058546,6.58387962741336,6.5978450058546,,6.50820225327158,6.5088878509357,6.55951134314715,6.41648032004413,6.49713445083477
101,Dist L1,1340,5,Additive0.015,67263,410,5,6.57048729725734,6.58387962741336,6.60048729725734,,6.50820225327158,6.5088878509357,6.55951134314715,6.41648032004413,6.49713445083477
102,Oracle,1340,5,Additive0.015,0,0,0,6.56264145312515,6.58347900616374,6.59264145312515,,6.50772070354123,6.50881970764303,6.55938481767511,6.41712325063488,6.49743574893699
102,Oracle Vector,1340,5,Additive0.015,251920,230,1,6.56467531979172,6.58347900616374,6.59467531979172,,6.50772070354123,6.50881970764303,6.55938481767511,6.41712325063488,6.49743574893699
102,Value,1340,5,Additive0.015,67227,361,5,6.56988660532413,6.58347900616374,6.59988660532413,,6.50772070354123,6.50881970764303,6.55938481767511,6.41712325063488,6.49743574893699
102,Vector,1340,5,Additive0.015,305520,274,3,6.5678450058546,6.58347900616374,6.5978450058546,,6.50772070354123,6.50881970764303,6.55938481767511,6.41712325063488,6.49743574893699
102,Dist L1,1340,5,Additive0.015,67267,415,5,6.57048729725734,6.58347900616374,6.60048729725734,,6.50772070354123,6.50881970764303,6.55938481767511,6.41712325063488,6.49743574893699
103,Oracle,1340,5,Additive0.015,0,0,0,6.56264145312515,6.58347526821046,6.59264145312515,,6.50693130775746,6.50919534584107,6.55995695736173,6.41727290181271,6.49842577370974
103,Oracle Vector,1340,5,Additive0.015,257280,235,1,6.56467531979172,6.58347526821046,6.59467531979172,,6.50693130775746,6.50919534584107,6.55995695736173,6.41727290181271,6.49842577370974
103,Value,1340,5,Additive0.015,67227,361,5,6.56988660532413,6.58347526821046,6.59988660532413,,6.50693130775746,6.50919534584107,6.55995695736173,6.41727290181271,6.49842577370974
103,Vector,1340,5,Additive0.015,305520,274,3,6.5678450058546,6.58347526821046,6.5978450058546,,6.50693130775746,6.50919534584107,6.55995695736173,6.41727290181271,6.49842577370974
103,Dist L1,1340,5,Additive0.015,67267,415,5,6.57048729725734,6.58347526821046,6.60048729725734,,6.50693130775746,6.50919534584107,6.55995695736173,6.41727290181271,6.49842577370974
104,Oracle,1340,5,Additive0.015,0,0,0,6.56264145312515,6.58331381145302,6.59264145312515,,6.50629131910191,6.50877350110669,6.55987331748062,6.41795383312253,6.49893515325554
104,Oracle Vector,1340,5,Additive0.015,257280,235,1,6.56467531979172,6.58331381145302,6.59467531979172,,6.50629131910191,6.50877350110669,6.55987331748062,6.41795383312253,6.49893515325554
104,Vector,1340,5,Additive0.015,305520,274,3,6.5678450058546,6.58331381145302,6.5978450058546,,6.50629131910191,6.50877350110669,6.55987331748062,6.41795383312253,6.49893515325554
104,Value,1340,5,Additive0.015,67231,366,5,6.56988660532413,6.58331381145302,6.59988660532413,,6.50629131910191,6.50877350110669,6.55987331748062,6.41795383312253,6.49893515325554
104,Dist L1,1340,5,Additive0.015,67267,415,5,6.57048729725734,6.58331381145302,6.60048729725734,,6.50629131910191,6.50877350110669,6.55987331748062,6.41795383312253,6.49893515325554
105,Oracle,1340,5,Additive0.015,0,0,0,6.56264145312515,6.58372919210655,6.59264145312515,,6.50611437192402,6.50869676941271,6.56065322134041,6.4190536232204,6.50028640364493
105,Oracle Vector,1340,5,Additive0.015,257280,235,1,6.56467531979172,6.58372919210655,6.59467531979172,,6.50611437192402,6.50869676941271,6.56065322134041,6.4190536232204,6.50028640364493
105,Value,1340,5,Additive0.015,67231,366,5,6.56988660532413,6.58372919210655,6.59988660532413,,6.50611437192402,6.50869676941271,6.56065322134041,6.4190536232204,6.50028640364493
105,Vector,1340,5,Additive0.015,305520,274,3,6.5678450058546,6.58372919210655,6.5978450058546,,6.50611437192402,6.50869676941271,6.56065322134041,6.4190536232204,6.50028640364493
105,Dist L1,1340,5,Additive0.015,67267,415,5,6.57048729725734,6.58372919210655,6.60048729725734,,6.50611437192402,6.50869676941271,6.56065322134041,6.4190536232204,6.50028640364493
106,Oracle,1340,5,Additive0.015,0,0,0,6.56264145312515,6.58378790629554,6.59264145312515,,6.50533152931841,6.5081705505928,6.56152905745543,6.42018847052016,6.50011832507294
106,Oracle Vector,1340,5,Additive0.015,257280,235,1,6.56467531979172,6.58378790629554,6.59467531979172,,6.50533152931841,6.5081705505928,6.56152905745543,6.42018847052016,6.50011832507294
106,Value,1340,5,Additive0.015,67231,366,5,6.56988660532413,6.58378790629554,6.59988660532413,,6.50533152931841,6.5081705505928,6.56152905745543,6.42018847052016,6.50011832507294
106,Vector,1340,5,Additive0.015,305520,274,3,6.5678450058546,6.58378790629554,6.5978450058546,,6.50533152931841,6.5081705505928,6.56152905745543,6.42018847052016,6.50011832507294
106,Dist L1,1340,5,Additive0.015,67267,415,5,6.57048729725734,6.58378790629554,6.60048729725734,,6.50533152931841,6.5081705505928,6.56152905745543,6.42018847052016,6.50011832507294
107,Oracle,1340,5,Additive0.015,0,0,0,6.56264145312515,6.58343926311483,6.59264145312515,,6.50442802840474,6.50763568442761,6.56204773022754,6.42014233566574,6.50131868880105
107,Value,1340,5,Additive0.015,67235,371,5,6.56988660532413,6.58343926311483,6.59988660532413,,6.50442802840474,6.50763568442761,6.56204773022754,6.42014233566574,6.50131868880104
107,Vector,1340,5,Additive0.015,305520,274,3,6.5678450058546,6.58343926311483,6.5978450058546,,6.50442802840474,6.50763568442761,6.56204773022754,6.42014233566574,6.50131868880105
107,Oracle Vector,1340,5,Additive0.015,265320,243,1,6.56467531979172,6.58343926311483,6.59467531979172,,6.50442802840474,6.50763568442761,6.56204773022754,6.42014233566574,6.50131868880105
107,Dist L1,1340,5,Additive0.015,67267,415,5,6.57048729725734,6.58343926311483,6.60048729725734,,6.50442802840474,6.50763568442761,6.56204773022754,6.42014233566574,6.50131868880104
108,Oracle,1340,5,Additive0.015,0,0,0,6.56264145312515,6.58205165189699,6.59264145312515,,6.50301133884541,6.50605541489438,6.56062841992626,6.41933881383086,6.50004977192557
108,Oracle Vector,1340,5,Additive0.015,265320,243,1,6.56467531979172,6.58205165189699,6.59467531979172,,6.50301133884541,6.50605541489438,6.56062841992626,6.41933881383086,6.50004977192557
108,Value,1340,5,Additive0.015,67239,376,5,6.56988660532413,6.58205165189699,6.59988660532413,,6.50301133884541,6.50605541489438,6.56062841992626,6.41933881383086,6.50004977192557
108,Vector,1340,5,Additive0.015,310880,279,3,6.5678450058546,6.58205165189699,6.5978450058546,,6.50301133884541,6.50605541489438,6.56062841992626,6.41933881383086,6.50004977192557
108,Dist L1,1340,5,Additive0.015,80672,437,6,6.56705165189699,6.58205165189699,6.59705165189699,,6.50301133884541,6.50605541489438,6.56062841992626,6.41933881383086,6.50004977192557
109,Oracle,1340,5,Additive0.015,0,0,0,6.56264145312515,6.58113914961857,6.59264145312515,,6.50133150454417,6.50466527174028,6.56016175085216,6.42017905930271,6.49968586191281
109,Oracle Vector,1340,5,Additive0.015,265320,243,1,6.56467531979172,6.58113914961857,6.59467531979172,,6.50133150454417,6.50466527174028,6.56016175085216,6.42017905930271,6.49968586191281
109,Vector,1340,5,Additive0.015,310880,279,3,6.5678450058546,6.58113914961858,6.5978450058546,,6.50133150454417,6.50466527174028,6.56016175085216,6.42017905930271,6.49968586191281
109,Value,1340,5,Additive0.015,80644,396,6,6.56613914961858,6.58113914961857,6.59613914961857,,6.50133150454417,6.50466527174028,6.56016175085216,6.42017905930271,6.49968586191281
109,Dist L1,1340,5,Additive0.015,80672,437,6,6.56705165189699,6.58113914961858,6.59705165189699,,6.50133150454417,6.50466527174028,6.56016175085216,6.42017905930271,6.49968586191281
110,Oracle,1340,5,Additive0.015,0,0,0,6.56264145312515,6.58083089168544,6.59264145312515,,6.50079972487577,6.50430429917657,6.55969027517545,6.42136106040832,6.49939909594398
110,Oracle Vector,1340,5,Additive0.015,270680,248,1,6.56467531979172,6.58083089168544,6.59467531979172,,6.50079972487577,6.50430429917657,6.55969027517545,6.42136106040832,6.49939909594398
110,Vector,1340,5,Additive0.015,310880,279,3,6.5678450058546,6.58083089168544,6.5978450058546,,6.50079972487577,6.50430429917657,6.55969027517545,6.42136106040832,6.49939909594398
110,Value,1340,5,Additive0.015,80644,396,6,6.56613914961858,6.58083089168544,6.59613914961857,,6.50079972487577,6.50430429917657,6.55969027517545,6.42136106040832,6.49939909594398
110,Dist L1,1340,5,Additive0.015,80672,437,6,6.56705165189699,6.58083089168544,6.59705165189699,,6.50079972487577,6.50430429917657,6.55969027517545,6.42136106040832,6.49939909594398
111,Oracle,1340,5,Additive0.015,0,0,0,6.56264145312515,6.5793354311585,6.59264145312515,,6.49882556549162,6.50341753989317,6.55769601345155,6.42017718608076,6.49738880602013
111,Oracle Vector,1340,5,Additive0.015,281400,258,1,6.56467531979172,6.5793354311585,6.59467531979172,,6.49882556549162,6.50341753989317,6.55769601345155,6.42017718608076,6.49738880602013
111,Value,1340,5,Additive0.015,80644,396,6,6.56613914961858,6.5793354311585,6.59613914961857,,6.49882556549162,6.50341753989317,6.55769601345155,6.42017718608076,6.49738880602013
111,Vector,1340,5,Additive0.015,318920,286,3,6.5678450058546,6.5793354311585,6.5978450058546,,6.49882556549162,6.50341753989317,6.55769601345155,6.42017718608076,6.49738880602013
111,Dist L1,1340,5,Additive0.015,80672,437,6,6.56705165189699,6.5793354311585,6.59705165189699,,6.49882556549162,6.50341753989317,6.55769601345155,6.42017718608076,6.49738880602013
112,Oracle,1340,5,Additive0.015,0,0,0,6.56264145312515,6.57868723872669,6.59264145312515,,6.49758863562815,6.50380969558075,6.55636647705765,6.41957710371305,6.49607247820046
112,Oracle Vector,1340,5,Additive0.015,281400,258,1,6.56467531979172,6.57868723872669,6.59467531979172,,6.49758863562815,6.50380969558075,6.55636647705765,6.41957710371305,6.49607247820046
112,Value,1340,5,Additive0.015,80644,396,6,6.56613914961858,6.57868723872669,6.59613914961857,,6.49758863562815,6.50380969558075,6.55636647705765,6.41957710371305,6.49607247820046
112,Vector,1340,5,Additive0.015,318920,286,3,6.5678450058546,6.57868723872669,6.5978450058546,,6.49758863562815,6.50380969558075,6.55636647705765,6.41957710371305,6.49607247820046
112,Dist L1,1340,5,Additive0.015,80672,437,6,6.56705165189699,6.57868723872669,6.59705165189699,,6.49758863562815,6.50380969558075,6.55636647705765,6.41957710371305,6.49607247820046
113,Oracle,1340,5,Additive0.015,0,0,0,6.56264145312515,6.57765746828537,6.59264145312515,,6.49673562747141,6.50274060170566,6.55465800427575,6.42059280591235,6.49526921268731
113,Oracle Vector,1340,5,Additive0.015,289440,265,1,6.56467531979172,6.57765746828537,6.59467531979172,,6.49673562747141,6.50274060170566,6.55465800427575,6.42059280591235,6.49526921268731
113,Value,1340,5,Additive0.015,80644,396,6,6.56613914961858,6.57765746828537,6.59613914961857,,6.49673562747141,6.50274060170566,6.55465800427575,6.42059280591235,6.49526921268731
113,Vector,1340,5,Additive0.015,324280,291,3,6.5678450058546,6.57765746828537,6.5978450058546,,6.49673562747141,6.50274060170566,6.55465800427575,6.42059280591235,6.49526921268731
113,Dist L1,1340,5,Additive0.015,80672,437,6,6.56705165189699,6.57765746828537,6.59705165189699,,6.49673562747141,6.50274060170566,6.55465800427575,6.42059280591235,6.49526921268731
114,Oracle,1340,5,Additive0.015,0,0,0,6.56264145312515,6.57675121823137,6.59264145312515,,6.4945444173786,6.49984426206609,6.55413545592052,6.42236022969494,6.49676363073621
114,Oracle Vector,1340,5,Additive0.015,294800,270,1,6.56467531979172,6.57675121823137,6.59467531979172,,6.4945444173786,6.49984426206609,6.55413545592052,6.42236022969494,6.49676363073621
114,Value,1340,5,Additive0.015,80644,396,6,6.56613914961858,6.57675121823137,6.59613914961857,,6.4945444173786,6.49984426206609,6.55413545592052,6.42236022969494,6.49676363073621
114,Vector,1340,5,Additive0.015,332320,298,3,6.5678450058546,6.57675121823137,6.5978450058546,,6.4945444173786,6.49984426206609,6.55413545592052,6.42236022969494,6.49676363073621
114,Dist L1,1340,5,Additive0.015,80678,445,6,6.56705165189699,6.57675121823137,6.59705165189699,,6.4945444173786,6.49984426206609,6.55413545592052,6.42236022969494,6.49676363073621
115,Oracle,1340,5,Additive0.015,0,0,0,6.56264145312515,6.57663376476489,6.59264145312515,,6.49417458881411,6.49934350575613,6.5541764481283,6.42220954483848,6.49652482231633
115,Oracle Vector,1340,5,Additive0.015,294800,270,1,6.56467531979172,6.57663376476489,6.59467531979172,,6.49417458881411,6.49934350575613,6.5541764481283,6.42220954483848,6.49652482231633
115,Value,1340,5,Additive0.015,80644,396,6,6.56613914961858,6.57663376476489,6.59613914961857,,6.49417458881411,6.49934350575613,6.5541764481283,6.42220954483848,6.49652482231633
115,Vector,1340,5,Additive0.015,337680,303,3,6.5678450058546,6.57663376476489,6.5978450058546,,6.49417458881411,6.49934350575613,6.5541764481283,6.42220954483848,6.49652482231633
115,Dist L1,1340,5,Additive0.015,80682,450,6,6.56705165189699,6.57663376476489,6.59705165189699,,6.49417458881411,6.49934350575613,6.5541764481283,6.42220954483848,6.49652482231633
116,Oracle,1340,5,Additive0.015,0,0,0,6.56264145312515,6.5767261470877,6.59264145312515,,6.49437599494934,6.50011855923752,6.55366516864064,6.42214477547011,6.4972003962672
116,Oracle Vector,1340,5,Additive0.015,294800,270,1,6.56467531979172,6.5767261470877,6.59467531979172,,6.49437599494934,6.50011855923752,6.55366516864064,6.42214477547011,6.4972003962672
116,Vector,1340,5,Additive0.015,337680,303,3,6.5678450058546,6.5767261470877,6.5978450058546,,6.49437599494934,6.50011855923752,6.55366516864064,6.42214477547011,6.4972003962672
116,Value,1340,5,Additive0.015,80648,401,6,6.56613914961858,6.5767261470877,6.59613914961857,,6.49437599494934,6.50011855923752,6.55366516864064,6.42214477547011,6.4972003962672
116,Dist L1,1340,5,Additive0.015,80688,457,6,6.56705165189699,6.5767261470877,6.59705165189699,,6.49437599494934,6.50011855923752,6.55366516864064,6.42214477547011,6.4972003962672
117,Oracle,1340,5,Additive0.015,0,0,0,6.56264145312515,6.57556931562748,6.59264145312515,,6.49331450600286,6.50020420483482,6.55214724865621,6.42082508497985,6.49572046518675
117,Oracle Vector,1340,5,Additive0.015,300160,275,1,6.56467531979172,6.57556931562748,6.59467531979172,,6.49331450600286,6.50020420483482,6.55214724865621,6.42082508497985,6.49572046518675
117,Value,1340,5,Additive0.015,80656,410,6,6.56613914961858,6.57556931562748,6.59613914961857,,6.49331450600286,6.50020420483482,6.55214724865621,6.42082508497985,6.49572046518675
117,Vector,1340,5,Additive0.015,337680,303,3,6.5678450058546,6.57556931562748,6.5978450058546,,6.49331450600286,6.50020420483482,6.55214724865621,6.42082508497985,6.49572046518675
117,Dist L1,1340,5,Additive0.015,80698,468,6,6.56705165189699,6.57556931562748,6.59705165189699,,6.49331450600286,6.50020420483482,6.55214724865621,6.42082508497985,6.49572046518675
118,Oracle,1340,5,Additive0.015,0,0,0,6.56264145312515,6.57564189950407,6.59264145312515,,6.49298774098089,6.49994382922518,6.55195964216461,6.42239377058431,6.49707778141166
118,Oracle Vector,1340,5,Additive0.015,308200,282,1,6.56467531979172,6.57564189950407,6.59467531979172,,6.49298774098089,6.49994382922518,6.55195964216461,6.42239377058431,6.49707778141166
118,Value,1340,5,Additive0.015,80664,419,6,6.56613914961858,6.57564189950407,6.59613914961857,,6.49298774098089,6.49994382922518,6.55195964216461,6.42239377058431,6.49707778141166
118,Vector,1340,5,Additive0.015,343040,308,3,6.5678450058546,6.57564189950407,6.5978450058546,,6.49298774098089,6.49994382922518,6.55195964216461,6.42239377058431,6.49707778141166
118,Dist L1,1340,5,Additive0.015,94103,488,7,6.56064189950408,6.57564189950407,6.59064189950407,,6.49298774098089,6.49994382922518,6.55195964216461,6.42239377058431,6.49707778141166
119,Oracle,1340,5,Additive0.015,0,0,0,6.56264145312515,6.57533337759565,6.59264145312515,,6.49194827131549,6.50019639735237,6.55175228863431,6.42264495034365,6.49808538137003
119,Value,1340,5,Additive0.015,80674,432,6,6.56613914961858,6.57533337759565,6.59613914961857,,6.49194827131549,6.50019639735237,6.55175228863431,6.42264495034365,6.49808538137003
119,Oracle Vector,1340,5,Additive0.015,308200,282,1,6.56467531979172,6.57533337759565,6.59467531979172,,6.49194827131549,6.50019639735237,6.55175228863431,6.42264495034365,6.49808538137003
119,Vector,1340,5,Additive0.015,348400,313,3,6.5678450058546,6.57533337759566,6.5978450058546,,6.49194827131549,6.50019639735237,6.55175228863431,6.42264495034365,6.49808538137003
119,Dist L1,1340,5,Additive0.015,94103,488,7,6.56064189950408,6.57533337759566,6.59064189950407,,6.49194827131549,6.50019639735237,6.55175228863431,6.42264495034365,6.49808538137003
120,Oracle,1340,5,Additive0.015,0,0,0,6.56264145312515,6.57576632212381,6.59264145312515,,6.4922937727894,6.49965715956892,6.55203386137033,6.42423862304807,6.49942953155277
120,Oracle Vector,1340,5,Additive0.015,313560,287,1,6.56467531979172,6.57576632212381,6.59467531979172,,6.4922937727894,6.49965715956892,6.55203386137033,6.42423862304807,6.49942953155277
120,Vector,1340,5,Additive0.015,353760,318,3,6.5678450058546,6.57576632212381,6.5978450058546,,6.4922937727894,6.49965715956892,6.55203386137033,6.42423862304807,6.49942953155277
120,Value,1340,5,Additive0.015,94079,455,7,6.56076632212381,6.57576632212381,6.59076632212381,,6.4922937727894,6.49965715956892,6.55203386137033,6.42423862304807,6.49942953155277
120,Dist L1,1340,5,Additive0.015,94103,488,7,6.56064189950408,6.57576632212381,6.59064189950407,,6.4922937727894,6.49965715956892,6.55203386137033,6.42423862304807,6.49942953155277
121,Oracle,1340,5,Additive0.015,0,0,0,6.56264145312515,6.57583452544105,6.59264145312515,,6.4922133095689,6.49860629817268,6.55220778862255,6.4238763805028,6.50018382910429
121,Oracle Vector,1340,5,Additive0.015,313560,287,1,6.56467531979172,6.57583452544105,6.59467531979172,,6.4922133095689,6.49860629817268,6.55220778862255,6.4238763805028,6.50018382910429
121,Value,1340,5,Additive0.015,94079,455,7,6.56076632212381,6.57583452544105,6.59076632212381,,6.4922133095689,6.49860629817268,6.55220778862255,6.4238763805028,6.50018382910429
121,Vector,1340,5,Additive0.015,353760,318,3,6.5678450058546,6.57583452544105,6.5978450058546,,6.4922133095689,6.49860629817268,6.55220778862255,6.4238763805028,6.50018382910429
121,Dist L1,1340,5,Additive0.015,94103,488,7,6.56064189950408,6.57583452544105,6.59064189950407,,6.4922133095689,6.49860629817268,6.55220778862255,6.4238763805028,6.50018382910429
122,Oracle,1340,5,Additive0.015,0,0,0,6.56264145312515,6.57619666299466,6.59264145312515,,6.49182545750105,6.49793491226695,6.55313356434028,6.42472999324367,6.50173190261071
122,Value,1340,5,Additive0.015,94079,455,7,6.56076632212381,6.57619666299466,6.59076632212381,,6.49182545750105,6.49793491226695,6.55313356434028,6.42472999324367,6.50173190261071
122,Oracle Vector,1340,5,Additive0.015,318920,292,1,6.56467531979172,6.57619666299466,6.59467531979172,,6.49182545750105,6.49793491226695,6.55313356434028,6.42472999324368,6.50173190261071
122,Vector,1340,5,Additive0.015,359120,323,3,6.5678450058546,6.57619666299465,6.5978450058546,,6.49182545750105,6.49793491226695,6.55313356434028,6.42472999324367,6.50173190261071
122,Dist L1,1340,5,Additive0.015,94103,488,7,6.56064189950408,6.57619666299466,6.59064189950407,,6.49182545750105,6.49793491226695,6.55313356434028,6.42472999324368,6.50173190261071
123,Oracle,1340,5,Additive0.015,0,0,0,6.56264145312515,6.57707262734085,6.59264145312515,,6.49144016426183,6.49825229163373,6.5542130127208,6.42648954644621,6.50313051137335
123,Oracle Vector,1340,5,Additive0.015,318920,292,1,6.56467531979172,6.57707262734085,6.59467531979172,,6.49144016426183,6.49825229163373,6.5542130127208,6.42648954644621,6.50313051137335
123,Value,1340,5,Additive0.015,94079,455,7,6.56076632212381,6.57707262734085,6.59076632212381,,6.49144016426183,6.49825229163373,6.5542130127208,6.42648954644621,6.50313051137335
123,Vector,1340,5,Additive0.015,359120,323,3,6.5678450058546,6.57707262734085,6.5978450058546,,6.49144016426183,6.49825229163373,6.5542130127208,6.42648954644621,6.50313051137335
123,Dist L1,1340,5,Additive0.015,94103,488,7,6.56064189950408,6.57707262734085,6.59064189950407,,6.49144016426183,6.49825229163373,6.5542130127208,6.42648954644621,6.50313051137335
124,Oracle,1340,5,Additive0.015,0,0,0,6.56264145312515,6.57656358159958,6.59264145312515,,6.48964997399041,6.49517581462011,6.55413604253051,6.42785603759061,6.50470204431913
124,Oracle Vector,1340,5,Additive0.015,318920,292,1,6.56467531979172,6.57656358159958,6.59467531979172,,6.48964997399041,6.49517581462011,6.55413604253051,6.42785603759061,6.50470204431913
124,Value,1340,5,Additive0.015,94079,455,7,6.56076632212381,6.57656358159958,6.59076632212381,,6.48964997399041,6.49517581462011,6.55413604253051,6.42785603759061,6.50470204431913
124,Vector,1340,5,Additive0.015,359120,323,3,6.5678450058546,6.57656358159958,6.5978450058546,,6.48964997399041,6.49517581462011,6.55413604253051,6.42785603759061,6.50470204431913
124,Dist L1,1340,5,Additive0.015,94103,488,7,6.56064189950408,6.57656358159958,6.59064189950407,,6.48964997399041,6.49517581462011,6.55413604253051,6.42785603759061,6.50470204431913
125,Oracle,1340,5,Additive0.015,0,0,0,6.56264145312515,6.57823548464054,6.59264145312515,,6.49087697773822,6.49590576517726,6.55593755890509,6.42897620942957,6.50627533230026
125,Oracle Vector,1340,5,Additive0.015,324280,297,1,6.56467531979172,6.57823548464054,6.59467531979172,,6.49087697773822,6.49590576517726,6.55593755890509,6.42897620942957,6.50627533230026
125,Vector,1340,5,Additive0.015,359120,323,3,6.5678450058546,6.57823548464054,6.5978450058546,,6.49087697773822,6.49590576517726,6.55593755890509,6.42897620942957,6.50627533230026
125,Value,1340,5,Additive0.015,94079,455,7,6.56076632212381,6.57823548464054,6.59076632212381,,6.49087697773822,6.49590576517726,6.55593755890509,6.42897620942957,6.50627533230026
125,Dist L1,1340,5,Additive0.015,94103,488,7,6.56064189950408,6.57823548464054,6.59064189950407,,6.49087697773822,6.49590576517726,6.55593755890509,6.42897620942957,6.50627533230026
126,Oracle,1340,5,Additive0.015,0,0,0,6.56264145312515,6.57881610936979,6.59264145312515,,6.49140534152327,6.49641495908936,6.55687463264855,6.43080905532768,6.50714253776169
126,Oracle Vector,1340,5,Additive0.015,324280,297,1,6.56467531979172,6.57881610936979,6.59467531979172,,6.49140534152327,6.49641495908936,6.55687463264855,6.43080905532768,6.50714253776169
126,Value,1340,5,Additive0.015,94079,455,7,6.56076632212381,6.57881610936979,6.59076632212381,,6.49140534152327,6.49641495908936,6.55687463264855,6.43080905532768,6.50714253776169
126,Vector,1340,5,Additive0.015,359120,323,3,6.5678450058546,6.57881610936979,6.5978450058546,,6.49140534152327,6.49641495908936,6.55687463264855,6.43080905532768,6.50714253776169
126,Dist L1,1340,5,Additive0.015,94103,488,7,6.56064189950408,6.57881610936979,6.59064189950407,,6.49140534152327,6.49641495908936,6.55687463264855,6.43080905532768,6.50714253776169
127,Oracle,1340,5,Additive0.015,0,0,0,6.56264145312515,6.58003544070693,6.59264145312515,,6.49298241989228,6.49725941938274,6.55863609613233,6.43180025007995,6.50732336082611
127,Value,1340,5,Additive0.015,94079,455,7,6.56076632212381,6.58003544070693,6.59076632212381,,6.49298241989228,6.49725941938274,6.55863609613233,6.43180025007995,6.50732336082611
127,Oracle Vector,1340,5,Additive0.015,332320,305,1,6.56467531979172,6.58003544070693,6.59467531979172,,6.49298241989228,6.49725941938274,6.55863609613233,6.43180025007995,6.50732336082611
127,Vector,1340,5,Additive0.015,364480,328,3,6.5678450058546,6.58003544070693,6.5978450058546,,6.49298241989228,6.49725941938274,6.55863609613233,6.43180025007995,6.50732336082611
127,Dist L1,1340,5,Additive0.015,94103,488,7,6.56064189950408,6.58003544070693,6.59064189950407,,6.49298241989228,6.49725941938274,6.55863609613233,6.43180025007995,6.50732336082611
128,Oracle,1340,5,Additive0.015,0,0,0,6.56264145312515,6.57986076500702,6.59264145312515,,6.49302962386214,6.49609348930366,6.55916206621375,6.43198590546506,6.50643933367886
128,Oracle Vector,1340,5,Additive0.015,332320,305,1,6.56467531979172,6.57986076500702,6.59467531979172,,6.49302962386214,6.49609348930366,6.55916206621375,6.43198590546506,6.50643933367886
128,Value,1340,5,Additive0.015,94079,455,7,6.56076632212381,6.57986076500702,6.59076632212381,,6.49302962386214,6.49609348930366,6.55916206621375,6.43198590546506,6.50643933367887
128,Vector,1340,5,Additive0.015,364480,328,3,6.5678450058546,6.57986076500702,6.5978450058546,,6.49302962386214,6.49609348930366,6.55916206621375,6.43198590546507,6.50643933367886
128,Dist L1,1340,5,Additive0.015,94103,488,7,6.56064189950408,6.57986076500702,6.59064189950407,,6.49302962386214,6.49609348930366,6.55916206621375,6.43198590546506,6.50643933367887
129,Oracle,1340,5,Additive0.015,0,0,0,6.56264145312515,6.58061330017551,6.59264145312515,,6.4936828568162,6.49652131124304,6.56068694936322,6.43210657521821,6.50669360894675
129,Oracle Vector,1340,5,Additive0.015,337680,310,1,6.56467531979172,6.58061330017551,6.59467531979172,,6.4936828568162,6.49652131124304,6.56068694936322,6.43210657521821,6.50669360894675
129,Vector,1340,5,Additive0.015,364480,328,3,6.5678450058546,6.58061330017551,6.5978450058546,,6.4936828568162,6.49652131124304,6.56068694936322,6.43210657521821,6.50669360894675
129,Value,1340,5,Additive0.015,94079,455,7,6.56076632212381,6.58061330017551,6.59076632212381,,6.4936828568162,6.49652131124304,6.56068694936322,6.43210657521821,6.50669360894675
129,Dist L1,1340,5,Additive0.015,94103,488,7,6.56064189950408,6.58061330017551,6.59064189950407,,6.4936828568162,6.49652131124304,6.56068694936322,6.43210657521821,6.50669360894675
130,Oracle,1340,5,Additive0.015,0,0,0,6.56264145312515,6.580594037095,6.59264145312515,,6.49374285995295,6.49584620102042,6.56175889478496,6.43197500258117,6.50683162673345
130,Vector,1340,5,Additive0.015,364480,328,3,6.5678450058546,6.580594037095,6.5978450058546,,6.49374285995295,6.49584620102042,6.56175889478496,6.43197500258117,6.50683162673345
130,Oracle Vector,1340,5,Additive0.015,348400,320,1,6.56467531979172,6.580594037095,6.59467531979172,,6.49374285995295,6.49584620102042,6.56175889478496,6.43197500258117,6.50683162673345
130,Value,1340,5,Additive0.015,94079,455,7,6.56076632212381,6.580594037095,6.59076632212381,,6.49374285995295,6.49584620102042,6.56175889478496,6.43197500258117,6.50683162673345
130,Dist L1,1340,5,Additive0.015,94107,493,7,6.56064189950408,6.580594037095,6.59064189950407,,6.49374285995295,6.49584620102042,6.56175889478496,6.43197500258117,6.50683162673345
131,Oracle,1340,5,Additive0.015,0,0,0,6.56264145312515,6.58103331753519,6.59264145312515,,6.49398838758465,6.49598422767945,6.56280610694631,6.43264107240251,6.5073113540088
131,Oracle Vector,1340,5,Additive0.015,353760,325,1,6.56467531979172,6.58103331753519,6.59467531979172,,6.49398838758465,6.49598422767945,6.56280610694631,6.43264107240251,6.5073113540088
131,Value,1340,5,Additive0.015,94079,455,7,6.56076632212381,6.58103331753519,6.59076632212381,,6.49398838758465,6.49598422767945,6.56280610694631,6.43264107240251,6.5073113540088
131,Vector,1340,5,Additive0.015,364480,328,3,6.5678450058546,6.58103331753519,6.5978450058546,,6.49398838758465,6.49598422767945,6.56280610694631,6.43264107240251,6.5073113540088
131,Dist L1,1340,5,Additive0.015,94111,498,7,6.56064189950408,6.58103331753519,6.59064189950407,,6.49398838758465,6.49598422767945,6.56280610694631,6.43264107240251,6.5073113540088
132,Oracle,1340,5,Additive0.015,0,0,0,6.56264145312515,6.5804334528203,6.59264145312515,,6.49222002156886,6.49612319654429,6.56272438272667,6.4319618510941,6.50699754895291
132,Oracle Vector,1340,5,Additive0.015,353760,325,1,6.56467531979172,6.5804334528203,6.59467531979172,,6.49222002156886,6.49612319654429,6.56272438272667,6.4319618510941,6.50699754895291
132,Value,1340,5,Additive0.015,94079,455,7,6.56076632212381,6.5804334528203,6.59076632212381,,6.49222002156886,6.49612319654429,6.56272438272667,6.4319618510941,6.50699754895291
132,Vector,1340,5,Additive0.015,369840,333,3,6.5678450058546,6.5804334528203,6.5978450058546,,6.49222002156886,6.49612319654429,6.56272438272667,6.4319618510941,6.50699754895291
132,Dist L1,1340,5,Additive0.015,94111,498,7,6.56064189950408,6.5804334528203,6.59064189950407,,6.49222002156886,6.49612319654429,6.56272438272667,6.4319618510941,6.50699754895291
133,Oracle,1340,5,Additive0.015,0,0,0,6.56264145312515,6.58060036198837,6.59264145312515,,6.4924819215907,6.49609069019407,6.56282919202625,6.43161619131744,6.50827318078993
133,Oracle Vector,1340,5,Additive0.015,353760,325,1,6.56467531979172,6.58060036198837,6.59467531979172,,6.4924819215907,6.49609069019407,6.56282919202625,6.43161619131744,6.50827318078993
133,Value,1340,5,Additive0.015,94083,460,7,6.56076632212381,6.58060036198837,6.59076632212381,,6.4924819215907,6.49609069019407,6.56282919202625,6.43161619131744,6.50827318078993
133,Vector,1340,5,Additive0.015,375200,338,3,6.5678450058546,6.58060036198837,6.5978450058546,,6.4924819215907,6.49609069019407,6.56282919202625,6.43161619131744,6.50827318078993
133,Dist L1,1340,5,Additive0.015,94111,498,7,6.56064189950408,6.58060036198837,6.59064189950407,,6.4924819215907,6.49609069019407,6.56282919202625,6.43161619131744,6.50827318078993
134,Oracle,1340,5,Additive0.015,0,0,0,6.56264145312515,6.58095596774602,6.59264145312515,,6.49267591666,6.49588342211373,6.56415899699986,6.43228263723977,6.50872953543731
134,Value,1340,5,Additive0.015,94087,465,7,6.56076632212381,6.58095596774602,6.59076632212381,,6.49267591666,6.49588342211373,6.56415899699986,6.43228263723977,6.50872953543731
134,Vector,1340,5,Additive0.015,375200,338,3,6.5678450058546,6.58095596774602,6.5978450058546,,6.49267591666,6.49588342211373,6.56415899699986,6.43228263723977,6.50872953543731
134,Oracle Vector,1340,5,Additive0.015,359120,330,1,6.56467531979172,6.58095596774602,6.59467531979172,,6.49267591666,6.49588342211373,6.56415899699986,6.43228263723977,6.50872953543731
134,Dist L1,1340,5,Additive0.015,94111,498,7,6.56064189950408,6.58095596774602,6.59064189950407,,6.49267591666,6.49588342211373,6.56415899699986,6.43228263723977,6.50872953543731
135,Oracle,1340,5,Additive0.015,0,0,0,6.56264145312515,6.58085171541358,6.59264145312515,,6.49323912380519,6.49499987680984,6.56500324906491,6.43292951162429,6.5083579969454
135,Value,1340,5,Additive0.015,94087,465,7,6.56076632212381,6.58085171541358,6.59076632212381,,6.49323912380519,6.49499987680983,6.56500324906491,6.43292951162428,6.5083579969454
135,Oracle Vector,1340,5,Additive0.015,364480,335,1,6.56467531979172,6.58085171541358,6.59467531979172,,6.49323912380519,6.49499987680984,6.56500324906491,6.43292951162428,6.5083579969454
135,Vector,1340,5,Additive0.015,380560,343,3,6.5678450058546,6.58085171541357,6.5978450058546,,6.49323912380519,6.49499987680984,6.56500324906491,6.43292951162428,6.5083579969454
135,Dist L1,1340,5,Additive0.015,94115,503,7,6.56064189950408,6.58085171541358,6.59064189950407,,6.49323912380519,6.49499987680983,6.56500324906491,6.43292951162428,6.5083579969454
136,Oracle,1340,5,Additive0.015,0,0,0,6.56264145312515,6.58054940365269,6.59264145312515,,6.49343239119411,6.4934873540029,6.56509755471522,6.43358483439935,6.50767932871254
136,Value,1340,5,Additive0.015,94087,465,7,6.56076632212381,6.58054940365269,6.59076632212381,,6.49343239119411,6.4934873540029,6.56509755471522,6.43358483439935,6.50767932871254
136,Oracle Vector,1340,5,Additive0.015,369840,340,1,6.56467531979172,6.58054940365269,6.59467531979172,,6.49343239119411,6.4934873540029,6.56509755471522,6.43358483439935,6.50767932871254
136,Vector,1340,5,Additive0.015,380560,343,3,6.5678450058546,6.58054940365269,6.5978450058546,,6.49343239119411,6.4934873540029,6.56509755471522,6.43358483439935,6.50767932871254
136,Dist L1,1340,5,Additive0.015,94115,503,7,6.56064189950408,6.58054940365269,6.59064189950407,,6.4934323911941,6.4934873540029,6.56509755471522,6.43358483439935,6.50767932871254
137,Oracle,1340,5,Additive0.015,0,0,0,6.56264145312515,6.58013689633941,6.59264145312515,,6.49406854525921,6.49352883071452,6.56450906721197,6.43374533858603,6.50747063891391
137,Oracle Vector,1340,5,Additive0.015,369840,340,1,6.56467531979172,6.58013689633941,6.59467531979172,,6.49406854525921,6.49352883071452,6.56450906721197,6.43374533858603,6.50747063891391
137,Value,1340,5,Additive0.015,94091,470,7,6.56076632212381,6.58013689633941,6.59076632212381,,6.49406854525921,6.49352883071452,6.56450906721197,6.43374533858603,6.50747063891391
137,Vector,1340,5,Additive0.015,388600,350,3,6.5678450058546,6.58013689633941,6.5978450058546,,6.49406854525921,6.49352883071452,6.56450906721197,6.43374533858603,6.50747063891391
137,Dist L1,1340,5,Additive0.015,94115,503,7,6.56064189950408,6.5801368963394,6.59064189950407,,6.49406854525921,6.49352883071452,6.56450906721197,6.43374533858603,6.50747063891391
138,Oracle,1340,5,Additive0.015,0,0,0,6.56264145312515,6.57917694235799,6.59264145312515,,6.49419096914822,6.4927301677814,6.56367319720677,6.43302639833084,6.50519445776389
138,Oracle Vector,1340,5,Additive0.015,369840,340,1,6.56467531979172,6.57917694235799,6.59467531979172,,6.49419096914822,6.4927301677814,6.56367319720677,6.43302639833084,6.50519445776389
138,Value,1340,5,Additive0.015,94091,470,7,6.56076632212381,6.57917694235799,6.59076632212381,,6.49419096914822,6.4927301677814,6.56367319720677,6.43302639833084,6.50519445776389
138,Vector,1340,5,Additive0.015,388600,350,3,6.5678450058546,6.57917694235799,6.5978450058546,,6.49419096914822,6.4927301677814,6.56367319720677,6.43302639833084,6.50519445776389
138,Dist L1,1340,5,Additive0.015,94121,510,7,6.56064189950408,6.57917694235799,6.59064189950407,,6.49419096914822,6.4927301677814,6.56367319720677,6.43302639833084,6.50519445776389
139,Oracle,1340,5,Additive0.015,0,0,0,6.56264145312515,6.57936754969112,6.59264145312515,,6.49528505921525,6.49360078672061,6.56365109548394,6.43314556769994,6.50476912696355
139,Oracle Vector,1340,5,Additive0.015,375200,345,1,6.56467531979172,6.57936754969112,6.59467531979172,,6.49528505921525,6.49360078672061,6.56365109548394,6.43314556769994,6.50476912696355
139,Value,1340,5,Additive0.015,94091,470,7,6.56076632212381,6.57936754969112,6.59076632212381,,6.49528505921525,6.49360078672061,6.56365109548394,6.43314556769994,6.50476912696355
139,Vector,1340,5,Additive0.015,388600,350,3,6.5678450058546,6.57936754969112,6.5978450058546,,6.49528505921525,6.49360078672061,6.56365109548394,6.43314556769994,6.50476912696355
139,Dist L1,1340,5,Additive0.015,94125,515,7,6.56064189950408,6.57936754969112,6.59064189950407,,6.49528505921525,6.49360078672061,6.56365109548394,6.43314556769994,6.50476912696355
140,Oracle,1340,5,Additive0.015,0,0,0,6.56264145312515,6.57980826221681,6.59264145312515,,6.49605566335943,6.49304914739073,6.56411065698821,6.43341753454524,6.50618255645369
140,Oracle Vector,1340,5,Additive0.015,375200,345,1,6.56467531979172,6.57980826221681,6.59467531979172,,6.49605566335943,6.49304914739073,6.56411065698821,6.43341753454524,6.50618255645369
140,Value,1340,5,Additive0.015,94095,475,7,6.56076632212381,6.57980826221681,6.59076632212381,,6.49605566335943,6.49304914739073,6.56411065698821,6.43341753454524,6.50618255645369
140,Vector,1340,5,Additive0.015,388600,350,3,6.5678450058546,6.57980826221681,6.5978450058546,,6.49605566335943,6.49304914739073,6.56411065698821,6.43341753454524,6.50618255645369
140,Dist L1,1340,5,Additive0.015,94133,525,7,6.56064189950408,6.57980826221681,6.59064189950407,,6.49605566335943,6.49304914739073,6.56411065698821,6.43341753454524,6.50618255645369
141,Oracle,1340,5,Additive0.015,0,0,0,6.56264145312515,6.57941579353678,6.59264145312515,,6.49607637880353,6.49279297270951,6.56381151526959,6.43310434819942,6.50581460250551
141,Value,1340,5,Additive0.015,94095,475,7,6.56076632212381,6.57941579353678,6.59076632212381,,6.49607637880353,6.49279297270951,6.56381151526959,6.43310434819942,6.50581460250551
141,Oracle Vector,1340,5,Additive0.015,380560,350,1,6.56467531979172,6.57941579353678,6.59467531979172,,6.49607637880353,6.49279297270951,6.56381151526959,6.43310434819942,6.50581460250551
141,Vector,1340,5,Additive0.015,388600,350,3,6.5678450058546,6.57941579353678,6.5978450058546,,6.49607637880353,6.49279297270951,6.56381151526959,6.43310434819942,6.50581460250551
141,Dist L1,1340,5,Additive0.015,94133,525,7,6.56064189950408,6.57941579353678,6.59064189950407,,6.49607637880353,6.49279297270951,6.56381151526959,6.43310434819942,6.50581460250551
142,Oracle,1340,5,Additive0.015,0,0,0,6.56264145312515,6.57910805264579,6.59264145312515,,6.49586099414928,6.49297085947395,6.56324089864344,6.43310191737777,6.50573883281625
142,Oracle Vector,1340,5,Additive0.015,380560,350,1,6.56467531979172,6.57910805264579,6.59467531979172,,6.49586099414928,6.49297085947395,6.56324089864344,6.43310191737777,6.50573883281625
142,Value,1340,5,Additive0.015,94101,482,7,6.56076632212381,6.57910805264579,6.59076632212381,,6.49586099414928,6.49297085947395,6.56324089864344,6.43310191737777,6.50573883281625
142,Vector,1340,5,Additive0.015,393960,355,3,6.5678450058546,6.57910805264579,6.5978450058546,,6.49586099414928,6.49297085947395,6.56324089864344,6.43310191737777,6.50573883281625
142,Dist L1,1340,5,Additive0.015,94143,538,7,6.56064189950408,6.57910805264579,6.59064189950407,,6.49586099414928,6.49297085947395,6.56324089864344,6.43310191737777,6.50573883281625
143,Oracle,1340,5,Additive0.015,0,0,0,6.56264145312515,6.57870901518302,6.59264145312515,,6.49521341753032,6.49339487355527,6.56329518274435,6.43305795638544,6.50629093321619
143,Oracle Vector,1340,5,Additive0.015,380560,350,1,6.56467531979172,6.57870901518302,6.59467531979172,,6.49521341753032,6.49339487355527,6.56329518274435,6.43305795638544,6.50629093321619
143,Value,1340,5,Additive0.015,94109,492,7,6.56076632212381,6.57870901518302,6.59076632212381,,6.49521341753032,6.49339487355527,6.56329518274435,6.43305795638544,6.50629093321619
143,Vector,1340,5,Additive0.015,393960,355,3,6.5678450058546,6.57870901518302,6.5978450058546,,6.49521341753032,6.49339487355527,6.56329518274435,6.43305795638544,6.50629093321619
143,Dist L1,1340,5,Additive0.015,107548,559,8,6.56370901518302,6.57870901518302,6.59370901518302,,6.49521341753032,6.49339487355527,6.56329518274435,6.43305795638544,6.50629093321619
144,Oracle,1340,5,Additive0.015,0,0,0,6.56264145312515,6.57893832201993,6.59264145312515,,6.49508339381952,6.4936380427269,6.56353422541425,6.43343573059563,6.50656097406317
144,Oracle Vector,1340,5,Additive0.015,380560,350,1,6.56467531979172,6.57893832201993,6.59467531979172,,6.49508339381952,6.4936380427269,6.56353422541425,6.43343573059563,6.50656097406317
144,Value,1340,5,Additive0.015,94117,502,7,6.56076632212381,6.57893832201993,6.59076632212381,,6.49508339381952,6.4936380427269,6.56353422541425,6.43343573059563,6.50656097406317
144,Vector,1340,5,Additive0.015,399320,360,3,6.5678450058546,6.57893832201993,6.5978450058546,,6.49508339381952,6.4936380427269,6.56353422541425,6.43343573059563,6.50656097406317
144,Dist L1,1340,5,Additive0.015,107548,559,8,6.56370901518302,6.57893832201993,6.59370901518302,,6.49508339381952,6.4936380427269,6.56353422541425,6.43343573059563,6.50656097406317
145,Oracle,1340,5,Additive0.015,0,0,0,6.56264145312515,6.57909107480694,6.59264145312515,,6.49506807240707,6.49374644677733,6.56478462019923,6.43327244406009,6.50712075031518
145,Oracle Vector,1340,5,Additive0.015,385920,355,1,6.56467531979172,6.57909107480694,6.59467531979172,,6.49506807240707,6.49374644677733,6.56478462019923,6.43327244406009,6.50712075031518
145,Vector,1340,5,Additive0.015,404680,365,3,6.5678450058546,6.57909107480694,6.5978450058546,,6.49506807240707,6.49374644677733,6.56478462019923,6.43327244406009,6.50712075031518
145,Value,1340,5,Additive0.015,107522,523,8,6.56409107480694,6.57909107480694,6.59409107480694,,6.49506807240707,6.49374644677733,6.56478462019923,6.43327244406009,6.50712075031518
145,Dist L1,1340,5,Additive0.015,107548,559,8,6.56370901518302,6.57909107480694,6.59370901518302,,6.49506807240707,6.49374644677733,6.56478462019923,6.43327244406009,6.50712075031518
146,Oracle,1340,5,Additive0.015,0,0,0,6.56264145312515,6.57854892429595,6.59264145312515,,6.494662965852,6.49312651893035,6.5648992321624,6.43272361895913,6.50638519478753
146,Value,1340,5,Additive0.015,107522,523,8,6.56409107480694,6.57854892429595,6.59409107480694,,6.494662965852,6.49312651893035,6.5648992321624,6.43272361895913,6.50638519478753
146,Oracle Vector,1340,5,Additive0.015,385920,355,1,6.56467531979172,6.57854892429595,6.59467531979172,,6.494662965852,6.49312651893035,6.5648992321624,6.43272361895913,6.50638519478753
146,Vector,1340,5,Additive0.015,404680,365,3,6.5678450058546,6.57854892429595,6.5978450058546,,6.494662965852,6.49312651893035,6.5648992321624,6.43272361895913,6.50638519478753
146,Dist L1,1340,5,Additive0.015,107548,559,8,6.56370901518302,6.57854892429595,6.59370901518302,,6.494662965852,6.49312651893035,6.5648992321624,6.43272361895913,6.50638519478753
147,Oracle,1340,5,Additive0.015,0,0,0,6.56264145312515,6.57801108613339,6.59264145312515,,6.4942094825168,6.49191221237427,6.56419728893787,6.43276023439643,6.50582187945488
147,Oracle Vector,1340,5,Additive0.015,385920,355,1,6.56467531979172,6.57801108613339,6.59467531979172,,6.4942094825168,6.49191221237427,6.56419728893787,6.43276023439643,6.50582187945488
147,Value,1340,5,Additive0.015,107522,523,8,6.56409107480694,6.57801108613339,6.59409107480694,,6.4942094825168,6.49191221237427,6.56419728893787,6.43276023439643,6.50582187945488
147,Vector,1340,5,Additive0.015,410040,370,3,6.5678450058546,6.57801108613339,6.5978450058546,,6.4942094825168,6.49191221237427,6.56419728893787,6.43276023439643,6.50582187945488
147,Dist L1,1340,5,Additive0.015,107548,559,8,6.56370901518302,6.57801108613339,6.59370901518302,,6.4942094825168,6.49191221237427,6.56419728893787,6.43276023439643,6.50582187945488
148,Oracle,1340,5,Additive0.015,0,0,0,6.56264145312515,6.5776849062438,6.59264145312515,,6.49357299670481,6.49096555333642,6.56498659760726,6.43245702864196,6.50660601377837
148,Oracle Vector,1340,5,Additive0.015,391280,360,1,6.56467531979172,6.5776849062438,6.59467531979172,,6.49357299670481,6.49096555333642,6.56498659760726,6.43245702864195,6.50660601377837
148,Value,1340,5,Additive0.015,107522,523,8,6.56409107480694,6.5776849062438,6.59409107480694,,6.49357299670481,6.49096555333642,6.56498659760726,6.43245702864195,6.50660601377837
148,Vector,1340,5,Additive0.015,420760,379,3,6.5678450058546,6.5776849062438,6.5978450058546,,6.49357299670481,6.49096555333642,6.56498659760726,6.43245702864195,6.50660601377837
148,Dist L1,1340,5,Additive0.015,107548,559,8,6.56370901518302,6.5776849062438,6.59370901518302,,6.49357299670481,6.49096555333642,6.56498659760726,6.43245702864195,6.50660601377837
149,Oracle,1340,5,Additive0.015,0,0,0,6.56264145312515,6.57814323834054,6.59264145312515,,6.4938048336606,6.49194988648871,6.56608631636342,6.43258901291928,6.50717605188034
149,Oracle Vector,1340,5,Additive0.015,391280,360,1,6.56467531979172,6.57814323834054,6.59467531979172,,6.4938048336606,6.49194988648871,6.56608631636342,6.43258901291929,6.50717605188034
149,Vector,1340,5,Additive0.015,420760,379,3,6.5678450058546,6.57814323834054,6.5978450058546,,6.4938048336606,6.49194988648871,6.56608631636342,6.43258901291929,6.50717605188034
149,Value,1340,5,Additive0.015,107522,523,8,6.56409107480694,6.57814323834054,6.59409107480694,,6.4938048336606,6.49194988648871,6.56608631636342,6.43258901291929,6.50717605188034
149,Dist L1,1340,5,Additive0.015,107548,559,8,6.56370901518302,6.57814323834054,6.59370901518302,,6.4938048336606,6.49194988648871,6.56608631636342,6.43258901291929,6.50717605188034
150,Oracle,1340,5,Additive0.015,0,0,0,6.56264145312515,6.57838164984254,6.59264145312515,,6.49315581886582,6.49206537064391,6.56700866163519,6.43301810819123,6.50830458622278
150,Value,1340,5,Additive0.015,107522,523,8,6.56409107480694,6.57838164984254,6.59409107480694,,6.49315581886582,6.49206537064391,6.56700866163519,6.43301810819123,6.50830458622278
150,Vector,1340,5,Additive0.015,420760,379,3,6.5678450058546,6.57838164984254,6.5978450058546,,6.49315581886582,6.49206537064391,6.56700866163519,6.43301810819123,6.50830458622278
150,Oracle Vector,1340,5,Additive0.015,396640,365,1,6.56467531979172,6.57838164984254,6.59467531979172,,6.49315581886582,6.49206537064391,6.56700866163519,6.43301810819123,6.50830458622278
150,Dist L1,1340,5,Additive0.015,107548,559,8,6.56370901518302,6.57838164984254,6.59370901518302,,6.49315581886582,6.49206537064391,6.56700866163519,6.43301810819123,6.50830458622278
151,Oracle,1340,5,Additive0.015,0,0,0,6.56264145312515,6.57856023513702,6.59264145312515,,6.49232242647911,6.49237262593312,6.56691860533279,6.43430430298153,6.50895208744897
151,Oracle Vector,1340,5,Additive0.015,402000,370,1,6.56467531979172,6.57856023513702,6.59467531979172,,6.49232242647911,6.49237262593312,6.56691860533279,6.43430430298153,6.50895208744897
151,Vector,1340,5,Additive0.015,420760,379,3,6.5678450058546,6.57856023513702,6.5978450058546,,6.49232242647911,6.49237262593312,6.56691860533279,6.43430430298153,6.50895208744897
151,Value,1340,5,Additive0.015,107522,523,8,6.56409107480694,6.57856023513702,6.59409107480694,,6.49232242647911,6.49237262593312,6.56691860533279,6.43430430298153,6.50895208744897
151,Dist L1,1340,5,Additive0.015,107548,559,8,6.56370901518302,6.57856023513702,6.59370901518302,,6.49232242647911,6.49237262593312,6.56691860533279,6.43430430298153,6.50895208744897
152,Oracle,1340,5,Additive0.015,0,0,0,6.56264145312515,6.57852545600192,6.59264145312515,,6.49092010439714,6.49185067276933,6.56746742781981,6.43469425391015,6.51019849088777
152,Oracle Vector,1340,5,Additive0.015,402000,370,1,6.56467531979172,6.57852545600192,6.59467531979172,,6.49092010439714,6.49185067276933,6.56746742781981,6.43469425391014,6.51019849088777
152,Vector,1340,5,Additive0.015,420760,379,3,6.5678450058546,6.57852545600193,6.5978450058546,,6.49092010439714,6.49185067276933,6.5674674278198,6.43469425391014,6.51019849088777
152,Value,1340,5,Additive0.015,107522,523,8,6.56409107480694,6.57852545600192,6.59409107480694,,6.49092010439714,6.49185067276933,6.5674674278198,6.43469425391014,6.51019849088777
152,Dist L1,1340,5,Additive0.015,107548,559,8,6.56370901518302,6.57852545600192,6.59370901518302,,6.49092010439714,6.49185067276933,6.5674674278198,6.43469425391014,6.51019849088777
153,Oracle,1340,5,Additive0.015,0,0,0,6.56264145312515,6.57875498900368,6.59264145312515,,6.48931865905337,6.49221655851011,6.56780101656606,6.43616330273201,6.51102692092398
153,Oracle Vector,1340,5,Additive0.015,407360,375,1,6.56467531979172,6.57875498900368,6.59467531979172,,6.48931865905337,6.49221655851011,6.56780101656606,6.43616330273201,6.51102692092398
153,Value,1340,5,Additive0.015,107522,523,8,6.56409107480694,6.57875498900368,6.59409107480694,,6.48931865905337,6.49221655851011,6.56780101656606,6.43616330273201,6.51102692092398
153,Vector,1340,5,Additive0.015,431480,389,3,6.5678450058546,6.57875498900368,6.5978450058546,,6.48931865905337,6.49221655851011,6.56780101656606,6.43616330273201,6.51102692092398
153,Dist L1,1340,5,Additive0.015,107548,559,8,6.56370901518302,6.57875498900368,6.59370901518302,,6.48931865905337,6.49221655851011,6.56780101656606,6.43616330273201,6.51102692092398
154,Oracle,1340,5,Additive0.015,0,0,0,6.56264145312515,6.57955548465154,6.59264145312515,,6.48978678383464,6.49304930056175,6.56906204210341,6.43763262264085,6.51133796699777
154,Oracle Vector,1340,5,Additive0.015,412720,380,1,6.56467531979172,6.57955548465154,6.59467531979172,,6.48978678383464,6.49304930056175,6.56906204210341,6.43763262264085,6.51133796699777
154,Value,1340,5,Additive0.015,107522,523,8,6.56409107480694,6.57955548465154,6.59409107480694,,6.48978678383464,6.49304930056175,6.56906204210341,6.43763262264085,6.51133796699777
154,Vector,1340,5,Additive0.015,431480,389,3,6.5678450058546,6.57955548465154,6.5978450058546,,6.48978678383464,6.49304930056175,6.56906204210341,6.43763262264085,6.51133796699777
154,Dist L1,1340,5,Additive0.015,107548,559,8,6.56370901518302,6.57955548465154,6.59370901518302,,6.48978678383464,6.49304930056175,6.56906204210341,6.43763262264085,6.51133796699777
155,Oracle,1340,5,Additive0.015,0,0,0,6.56264145312515,6.58040267092835,6.59264145312515,,6.49002922102507,6.49351306903448,6.56967376801169,6.43886369398095,6.5124633563743
155,Oracle Vector,1340,5,Additive0.015,412720,380,1,6.56467531979172,6.58040267092835,6.59467531979172,,6.49002922102507,6.49351306903448,6.56967376801169,6.43886369398095,6.5124633563743
155,Value,1340,5,Additive0.015,107522,523,8,6.56409107480694,6.58040267092835,6.59409107480694,,6.49002922102507,6.49351306903448,6.56967376801169,6.43886369398095,6.5124633563743
155,Vector,1340,5,Additive0.015,431480,389,3,6.5678450058546,6.58040267092835,6.5978450058546,,6.49002922102507,6.49351306903448,6.56967376801169,6.43886369398095,6.5124633563743
155,Dist L1,1340,5,Additive0.015,107548,559,8,6.56370901518302,6.58040267092835,6.59370901518302,,6.49002922102507,6.49351306903448,6.56967376801169,6.43886369398095,6.5124633563743
156,Oracle,1340,5,Additive0.015,0,0,0,6.56264145312515,6.58059695661919,6.59264145312515,,6.49047426373598,6.49392582132902,6.56970768856355,6.43843043410343,6.51275069110047
156,Oracle Vector,1340,5,Additive0.015,412720,380,1,6.56467531979172,6.58059695661919,6.59467531979172,,6.49047426373598,6.49392582132902,6.56970768856355,6.43843043410343,6.51275069110047
156,Value,1340,5,Additive0.015,107522,523,8,6.56409107480694,6.58059695661919,6.59409107480694,,6.49047426373598,6.49392582132902,6.56970768856355,6.43843043410343,6.51275069110047
156,Vector,1340,5,Additive0.015,431480,389,3,6.5678450058546,6.58059695661919,6.5978450058546,,6.49047426373598,6.49392582132902,6.56970768856355,6.43843043410343,6.51275069110047
156,Dist L1,1340,5,Additive0.015,107548,559,8,6.56370901518302,6.58059695661919,6.59370901518302,,6.49047426373598,6.49392582132902,6.56970768856355,6.43843043410343,6.51275069110047
157,Oracle,1340,5,Additive0.015,0,0,0,6.56264145312515,6.58078577397855,6.59264145312515,,6.49003939718666,6.49442980789194,6.57042712154109,6.43860388492134,6.51234640063674
157,Value,1340,5,Additive0.015,107522,523,8,6.56409107480694,6.58078577397855,6.59409107480694,,6.49003939718666,6.49442980789194,6.57042712154109,6.43860388492134,6.51234640063674
157,Vector,1340,5,Additive0.015,431480,389,3,6.5678450058546,6.58078577397855,6.5978450058546,,6.49003939718666,6.49442980789194,6.57042712154109,6.43860388492134,6.51234640063674
157,Oracle Vector,1340,5,Additive0.015,418080,385,1,6.56467531979172,6.58078577397855,6.59467531979172,,6.49003939718666,6.49442980789194,6.57042712154109,6.43860388492134,6.51234640063674
157,Dist L1,1340,5,Additive0.015,107552,564,8,6.56370901518302,6.58078577397855,6.59370901518302,,6.49003939718666,6.49442980789194,6.57042712154109,6.43860388492134,6.51234640063674
158,Oracle,1340,5,Additive0.015,0,0,0,6.56264145312515,6.58104252023611,6.59264145312515,,6.48983728396075,6.49528121074027,6.57069969208987,6.43864876167392,6.51282459519132
158,Oracle Vector,1340,5,Additive0.015,418080,385,1,6.56467531979172,6.58104252023611,6.59467531979172,,6.48983728396075,6.49528121074027,6.57069969208987,6.43864876167392,6.51282459519132
158,Value,1340,5,Additive0.015,107526,528,8,6.56409107480694,6.58104252023611,6.59409107480694,,6.48983728396075,6.49528121074027,6.57069969208987,6.43864876167392,6.51282459519132
158,Vector,1340,5,Additive0.015,431480,389,3,6.5678450058546,6.58104252023611,6.5978450058546,,6.48983728396075,6.49528121074027,6.57069969208987,6.43864876167392,6.51282459519132
158,Dist L1,1340,5,Additive0.015,107552,564,8,6.56370901518302,6.58104252023611,6.59370901518302,,6.48983728396075,6.49528121074027,6.57069969208987,6.43864876167392,6.51282459519132
159,Oracle,1340,5,Additive0.015,0,0,0,6.56264145312515,6.58202493782005,6.59264145312515,,6.49034782807412,6.49638018797598,6.57197955059293,6.43863698937378,6.51432730532379
159,Oracle Vector,1340,5,Additive0.015,431480,397,1,6.56467531979172,6.58202493782005,6.59467531979172,,6.49034782807412,6.49638018797598,6.57197955059293,6.43863698937377,6.51432730532379
159,Value,1340,5,Additive0.015,107526,528,8,6.56409107480694,6.58202493782005,6.59409107480694,,6.49034782807412,6.49638018797598,6.57197955059293,6.43863698937378,6.51432730532379
159,Vector,1340,5,Additive0.015,436840,394,3,6.5678450058546,6.58202493782005,6.5978450058546,,6.49034782807412,6.49638018797598,6.57197955059293,6.43863698937378,6.51432730532379
159,Dist L1,1340,5,Additive0.015,107556,569,8,6.56370901518302,6.58202493782005,6.59370901518302,,6.49034782807412,6.49638018797598,6.57197955059293,6.43863698937377,6.51432730532379
160,Oracle,1340,5,Additive0.015,0,0,0,6.56264145312515,6.58295998706162,6.59264145312515,,6.49187453650252,6.49832828026771,6.57296900427657,6.43864483256268,6.51532810949893
160,Vector,1340,5,Additive0.015,436840,394,3,6.5678450058546,6.58295998706162,6.5978450058546,,6.49187453650252,6.49832828026771,6.57296900427657,6.43864483256268,6.51532810949893
160,Value,1340,5,Additive0.015,107526,528,8,6.56409107480694,6.58295998706162,6.59409107480694,,6.49187453650252,6.49832828026771,6.57296900427657,6.43864483256268,6.51532810949893
160,Oracle Vector,1340,5,Additive0.015,444880,408,2,6.56795998706162,6.58295998706162,6.59795998706162,,6.49187453650252,6.49832828026771,6.57296900427657,6.43864483256268,6.51532810949893
160,Dist L1,1340,5,Additive0.015,107556,569,8,6.56370901518302,6.58295998706162,6.59370901518302,,6.49187453650252,6.49832828026771,6.57296900427657,6.43864483256268,6.51532810949893
161,Oracle,1340,5,Additive0.015,0,0,0,6.56264145312515,6.58393733995402,6.59264145312515,,6.49234834290549,6.49870053899948,6.57456388706618,6.43920810771261,6.51668010770379
161,Oracle Vector,1340,5,Additive0.015,444880,408,2,6.56795998706162,6.58393733995402,6.59795998706162,,6.49234834290549,6.49870053899948,6.57456388706618,6.43920810771262,6.51668010770379
161,Value,1340,5,Additive0.015,107530,533,8,6.56409107480694,6.58393733995402,6.59409107480694,,6.49234834290549,6.49870053899948,6.57456388706618,6.43920810771261,6.51668010770379
161,Vector,1340,5,Additive0.015,436840,394,3,6.5678450058546,6.58393733995402,6.5978450058546,,6.49234834290549,6.49870053899948,6.57456388706618,6.43920810771262,6.51668010770379
161,Dist L1,1340,5,Additive0.015,107560,574,8,6.56370901518302,6.58393733995402,6.59370901518302,,6.4923483429055,6.49870053899948,6.57456388706618,6.43920810771261,6.51668010770379
162,Oracle,1340,5,Additive0.015,0,0,0,6.56264145312515,6.58434564055093,6.59264145312515,,6.49206683141849,6.49885178739712,6.57517190572099,6.4397066065595,6.51686888576305
162,Oracle Vector,1340,5,Additive0.015,444880,408,2,6.56795998706162,6.58434564055093,6.59795998706162,,6.49206683141849,6.49885178739712,6.57517190572099,6.4397066065595,6.51686888576305
162,Value,1340,5,Additive0.015,107536,540,8,6.56409107480694,6.58434564055093,6.59409107480694,,6.49206683141849,6.49885178739712,6.57517190572099,6.4397066065595,6.51686888576304
162,Vector,1340,5,Additive0.015,444880,401,3,6.5678450058546,6.58434564055093,6.5978450058546,,6.49206683141849,6.49885178739712,6.57517190572099,6.4397066065595,6.51686888576305
162,Dist L1,1340,5,Additive0.015,107560,574,8,6.56370901518302,6.58434564055093,6.59370901518302,,6.49206683141849,6.49885178739712,6.57517190572099,6.4397066065595,6.51686888576304
163,Oracle,1340,5,Additive0.015,0,0,0,6.56264145312515,6.58454583648456,6.59264145312515,,6.49117240397643,6.50015419089069,6.57537270179636,6.43968942295809,6.51702124154697
163,Oracle Vector,1340,5,Additive0.015,444880,408,2,6.56795998706162,6.58454583648456,6.59795998706162,,6.49117240397643,6.50015419089069,6.57537270179636,6.43968942295809,6.51702124154697
163,Value,1340,5,Additive0.015,107544,550,8,6.56409107480694,6.58454583648456,6.59409107480694,,6.49117240397643,6.50015419089069,6.57537270179636,6.43968942295809,6.51702124154697
163,Vector,1340,5,Additive0.015,455600,410,3,6.5678450058546,6.58454583648456,6.5978450058546,,6.49117240397643,6.50015419089069,6.57537270179636,6.43968942295809,6.51702124154697
163,Dist L1,1340,5,Additive0.015,107568,584,8,6.56370901518302,6.58454583648456,6.59370901518302,,6.49117240397643,6.50015419089069,6.57537270179636,6.43968942295809,6.51702124154697
164,Oracle,1340,5,Additive0.015,0,0,0,6.56264145312515,6.58497936332926,6.59264145312515,,6.49136848578851,6.50195084235938,6.57594481784337,6.43972937198748,6.51647631464648
164,Oracle Vector,1340,5,Additive0.015,444880,408,2,6.56795998706162,6.58497936332926,6.59795998706162,,6.49136848578851,6.50195084235938,6.57594481784337,6.43972937198747,6.51647631464648
164,Value,1340,5,Additive0.015,107550,557,8,6.56409107480694,6.58497936332926,6.59409107480694,,6.49136848578851,6.50195084235938,6.57594481784337,6.43972937198747,6.51647631464648
164,Vector,1340,5,Additive0.015,469000,422,3,6.5678450058546,6.58497936332926,6.5978450058546,,6.49136848578851,6.50195084235938,6.57594481784337,6.43972937198747,6.51647631464648
164,Dist L1,1340,5,Additive0.015,107574,592,8,6.56370901518302,6.58497936332926,6.59370901518302,,6.49136848578851,6.50195084235938,6.57594481784337,6.43972937198747,6.51647631464648
165,Oracle,1340,5,Additive0.015,0,0,0,6.56264145312515,6.58551712001379,6.59264145312515,,6.49092964087247,6.50300781566225,6.57668332676071,6.4411405775478,6.51710707438379
165,Oracle Vector,1340,5,Additive0.015,444880,408,2,6.56795998706162,6.58551712001379,6.59795998706162,,6.49092964087247,6.50300781566225,6.57668332676071,6.4411405775478,6.51710707438379
165,Value,1340,5,Additive0.015,107564,575,8,6.56409107480694,6.58551712001379,6.59409107480694,,6.49092964087246,6.50300781566225,6.57668332676071,6.4411405775478,6.51710707438379
165,Vector,1340,5,Additive0.015,482400,433,3,6.5678450058546,6.58551712001379,6.5978450058546,,6.49092964087246,6.50300781566225,6.57668332676071,6.4411405775478,6.51710707438379
165,Dist L1,1340,5,Additive0.015,107584,603,8,6.56370901518302,6.58551712001379,6.59370901518302,,6.49092964087247,6.50300781566226,6.57668332676071,6.4411405775478,6.51710707438379
166,Oracle,1340,5,Additive0.015,0,0,0,6.56264145312515,6.58641533012381,6.59264145312515,,6.49045199442581,6.50417970086916,6.57769299029924,6.44249130485365,6.51799515170533
166,Oracle Vector,1340,5,Additive0.015,444880,408,2,6.56795998706162,6.58641533012381,6.59795998706162,,6.49045199442581,6.50417970086916,6.57769299029924,6.44249130485365,6.51799515170533
166,Vector,1340,5,Additive0.015,482400,433,3,6.5678450058546,6.58641533012381,6.5978450058546,,6.49045199442581,6.50417970086916,6.57769299029924,6.44249130485365,6.51799515170533
166,Value,1340,5,Additive0.015,107564,575,8,6.56409107480694,6.58641533012381,6.59409107480694,,6.49045199442581,6.50417970086915,6.57769299029924,6.44249130485365,6.51799515170533
166,Dist L1,1340,5,Additive0.015,107584,603,8,6.56370901518302,6.58641533012381,6.59370901518302,,6.49045199442581,6.50417970086915,6.57769299029924,6.44249130485365,6.51799515170533
167,Oracle,1340,5,Additive0.015,0,0,0,6.56264145312515,6.58691724821862,6.59264145312515,,6.48965619003828,6.50455026921539,6.57866825209294,6.44412877603521,6.51938236758042
167,Oracle Vector,1340,5,Additive0.015,444880,408,2,6.56795998706162,6.58691724821862,6.59795998706162,,6.48965619003828,6.50455026921539,6.57866825209294,6.44412877603521,6.51938236758042
167,Value,1340,5,Additive0.015,107568,580,8,6.56409107480694,6.58691724821862,6.59409107480694,,6.48965619003828,6.50455026921539,6.57866825209294,6.44412877603521,6.51938236758042
167,Vector,1340,5,Additive0.015,495800,445,3,6.5678450058546,6.58691724821862,6.5978450058546,,6.48965619003828,6.50455026921539,6.57866825209294,6.44412877603521,6.51938236758042
167,Dist L1,1340,5,Additive0.015,107588,608,8,6.56370901518302,6.58691724821862,6.59370901518302,,6.48965619003828,6.50455026921539,6.57866825209294,6.44412877603521,6.51938236758042
168,Oracle,1340,5,Additive0.015,0,0,0,6.56264145312515,6.58692444198773,6.59264145312515,,6.48975853985822,6.50516085928631,6.57882067703216,6.44349933729925,6.51974305845212
168,Oracle Vector,1340,5,Additive0.015,444880,408,2,6.56795998706162,6.58692444198773,6.59795998706162,,6.48975853985822,6.50516085928631,6.57882067703216,6.44349933729925,6.51974305845212
168,Value,1340,5,Additive0.015,107572,585,8,6.56409107480694,6.58692444198773,6.59409107480694,,6.48975853985822,6.50516085928631,6.57882067703216,6.44349933729925,6.51974305845212
168,Vector,1340,5,Additive0.015,503840,453,3,6.5678450058546,6.58692444198773,6.5978450058546,,6.48975853985822,6.50516085928631,6.57882067703216,6.44349933729925,6.51974305845212
168,Dist L1,1340,5,Additive0.015,107594,616,8,6.56370901518302,6.58692444198773,6.59370901518302,,6.48975853985822,6.50516085928631,6.57882067703216,6.44349933729925,6.51974305845212
169,Oracle,1340,5,Additive0.015,0,0,0,6.56264145312515,6.58693699535373,6.59264145312515,,6.48961537909269,6.50492901141702,6.57923778391741,6.4436844852673,6.51899178434564
169,Oracle Vector,1340,5,Additive0.015,444880,408,2,6.56795998706162,6.58693699535373,6.59795998706162,,6.48961537909269,6.50492901141702,6.57923778391741,6.4436844852673,6.51899178434564
169,Vector,1340,5,Additive0.015,511880,460,3,6.5678450058546,6.58693699535373,6.5978450058546,,6.48961537909269,6.50492901141702,6.57923778391741,6.4436844852673,6.51899178434564
169,Value,1340,5,Additive0.015,107572,585,8,6.56409107480694,6.58693699535373,6.59409107480694,,6.48961537909269,6.50492901141702,6.57923778391741,6.4436844852673,6.51899178434564
169,Dist L1,1340,5,Additive0.015,107598,621,8,6.56370901518302,6.58693699535373,6.59370901518302,,6.48961537909269,6.50492901141702,6.57923778391741,6.4436844852673,6.51899178434564
170,Oracle,1340,5,Additive0.015,0,0,0,6.56264145312515,6.58669478156921,6.59264145312515,,6.48801195732298,6.50622435830097,6.57878285672781,6.44357534625773,6.5200500824435
170,Oracle Vector,1340,5,Additive0.015,444880,408,2,6.56795998706162,6.58669478156921,6.59795998706162,,6.48801195732298,6.50622435830097,6.57878285672781,6.44357534625773,6.5200500824435
170,Value,1340,5,Additive0.015,107580,594,8,6.56409107480694,6.58669478156921,6.59409107480694,,6.48801195732298,6.50622435830097,6.57878285672781,6.44357534625773,6.52005008244351
170,Vector,1340,5,Additive0.015,519920,468,3,6.5678450058546,6.58669478156921,6.5978450058546,,6.48801195732298,6.50622435830097,6.57878285672781,6.44357534625773,6.5200500824435
170,Dist L1,1340,5,Additive0.015,107608,633,8,6.56370901518302,6.58669478156921,6.59370901518302,,6.48801195732298,6.50622435830097,6.57878285672781,6.44357534625773,6.52005008244351
171,Oracle,1340,5,Additive0.015,0,0,0,6.56264145312515,6.58684082036395,6.59264145312515,,6.48688094762258,6.5069088212968,6.57949851032747,6.44425567818556,6.52105795172537
171,Oracle Vector,1340,5,Additive0.015,450240,413,2,6.56795998706162,6.58684082036395,6.59795998706162,,6.48688094762258,6.5069088212968,6.57949851032747,6.44425567818556,6.52105795172537
171,Value,1340,5,Additive0.015,107590,605,8,6.56409107480694,6.58684082036395,6.59409107480694,,6.48688094762258,6.5069088212968,6.57949851032747,6.44425567818556,6.52105795172537
171,Vector,1340,5,Additive0.015,527960,475,3,6.5678450058546,6.58684082036394,6.5978450058546,,6.48688094762258,6.5069088212968,6.57949851032747,6.44425567818556,6.52105795172537
171,Dist L1,1340,5,Additive0.015,107618,645,8,6.56370901518302,6.58684082036395,6.59370901518302,,6.48688094762258,6.5069088212968,6.57949851032747,6.44425567818556,6.52105795172537
172,Oracle,1340,5,Additive0.015,0,0,0,6.56264145312515,6.58646029346599,6.59264145312515,,6.48625758928592,6.50781528848228,6.57910259821576,6.44404272512791,6.5202382509246
172,Oracle Vector,1340,5,Additive0.015,450240,413,2,6.56795998706162,6.58646029346599,6.59795998706162,,6.48625758928592,6.50781528848228,6.57910259821576,6.44404272512791,6.5202382509246
172,Value,1340,5,Additive0.015,107596,612,8,6.56409107480694,6.58646029346599,6.59409107480694,,6.48625758928592,6.50781528848228,6.57910259821576,6.44404272512791,6.5202382509246
172,Vector,1340,5,Additive0.015,541360,487,3,6.5678450058546,6.58646029346599,6.5978450058546,,6.48625758928592,6.50781528848228,6.57910259821576,6.44404272512792,6.5202382509246
172,Dist L1,1340,5,Additive0.015,107626,655,8,6.56370901518302,6.58646029346599,6.59370901518302,,6.48625758928592,6.50781528848228,6.57910259821576,6.44404272512791,6.5202382509246
173,Oracle,1340,5,Additive0.015,0,0,0,6.56264145312515,6.58555628873586,6.59264145312515,,6.48434909824747,6.50709048789807,6.57869194589922,6.44304647552988,6.51966009069413
173,Oracle Vector,1340,5,Additive0.015,450240,413,2,6.56795998706162,6.58555628873586,6.59795998706162,,6.48434909824747,6.50709048789807,6.57869194589922,6.44304647552989,6.51966009069413
173,Value,1340,5,Additive0.015,107596,612,8,6.56409107480694,6.58555628873586,6.59409107480694,,6.48434909824747,6.50709048789807,6.57869194589922,6.44304647552989,6.51966009069413
173,Vector,1340,5,Additive0.015,541360,487,3,6.5678450058546,6.58555628873586,6.5978450058546,,6.48434909824747,6.50709048789807,6.57869194589922,6.44304647552989,6.51966009069414
173,Dist L1,1340,5,Additive0.015,107636,667,8,6.56370901518302,6.58555628873586,6.59370901518302,,6.48434909824747,6.50709048789807,6.57869194589922,6.44304647552989,6.51966009069413
174,Oracle,1340,5,Additive0.015,0,0,0,6.56264145312515,6.58461063384543,6.59264145312515,,6.48194073162226,6.5058536813268,6.57870350264174,6.44298691240638,6.51957699595301
174,Oracle Vector,1340,5,Additive0.015,450240,413,2,6.56795998706162,6.58461063384543,6.59795998706162,,6.48194073162226,6.5058536813268,6.57870350264174,6.44298691240638,6.51957699595301
174,Vector,1340,5,Additive0.015,541360,487,3,6.5678450058546,6.58461063384543,6.5978450058546,,6.48194073162226,6.5058536813268,6.57870350264174,6.44298691240638,6.51957699595301
174,Value,1340,5,Additive0.015,107606,623,8,6.56409107480694,6.58461063384543,6.59409107480694,,6.48194073162226,6.5058536813268,6.57870350264174,6.44298691240638,6.51957699595301
174,Dist L1,1340,5,Additive0.015,121041,688,9,6.56961063384543,6.58461063384543,6.59961063384543,,6.48194073162226,6.5058536813268,6.57870350264174,6.44298691240638,6.51957699595301
175,Oracle,1340,5,Additive0.015,0,0,0,6.56264145312515,6.58398821345558,6.59264145312515,,6.47983395919126,6.50572480653331,6.57815350225589,6.44396849266078,6.51963848400626
175,Oracle Vector,1340,5,Additive0.015,450240,413,2,6.56795998706162,6.58398821345558,6.59795998706162,,6.47983395919126,6.50572480653331,6.57815350225589,6.44396849266078,6.51963848400626
175,Vector,1340,5,Additive0.015,541360,487,3,6.5678450058546,6.58398821345558,6.5978450058546,,6.47983395919126,6.50572480653331,6.57815350225589,6.44396849266078,6.51963848400626
175,Value,1340,5,Additive0.015,121011,643,9,6.56898821345558,6.58398821345558,6.59898821345558,,6.47983395919126,6.50572480653331,6.57815350225589,6.44396849266078,6.51963848400626
175,Dist L1,1340,5,Additive0.015,121041,688,9,6.56961063384543,6.58398821345557,6.59961063384543,,6.47983395919126,6.50572480653331,6.57815350225589,6.44396849266078,6.51963848400626
176,Oracle,1340,5,Additive0.015,0,0,0,6.56264145312515,6.58370036021123,6.59264145312515,,6.47850987977431,6.50538081261012,6.5786692207975,6.44635879834585,6.52052094703168
176,Oracle Vector,1340,5,Additive0.015,450240,413,2,6.56795998706162,6.58370036021123,6.59795998706162,,6.47850987977431,6.50538081261012,6.5786692207975,6.44635879834585,6.52052094703168
176,Value,1340,5,Additive0.015,121011,643,9,6.56898821345558,6.58370036021123,6.59898821345558,,6.47850987977431,6.50538081261012,6.5786692207975,6.44635879834585,6.52052094703168
176,Vector,1340,5,Additive0.015,546720,492,3,6.5678450058546,6.58370036021123,6.5978450058546,,6.47850987977431,6.50538081261012,6.5786692207975,6.44635879834585,6.52052094703168
176,Dist L1,1340,5,Additive0.015,121041,688,9,6.56961063384543,6.58370036021123,6.59961063384543,,6.47850987977431,6.50538081261012,6.5786692207975,6.44635879834585,6.52052094703168
177,Oracle,1340,5,Additive0.015,0,0,0,6.56264145312515,6.58229724688403,6.59264145312515,,6.47653610948352,6.50392228561033,6.57853549852995,6.44582285453588,6.51964729519002
177,Oracle Vector,1340,5,Additive0.015,450240,413,2,6.56795998706162,6.58229724688403,6.59795998706162,,6.47653610948352,6.50392228561033,6.57853549852995,6.44582285453588,6.51964729519002
177,Vector,1340,5,Additive0.015,546720,492,3,6.5678450058546,6.58229724688403,6.5978450058546,,6.47653610948352,6.50392228561033,6.57853549852995,6.44582285453588,6.51964729519002
177,Value,1340,5,Additive0.015,121011,643,9,6.56898821345558,6.58229724688403,6.59898821345558,,6.47653610948352,6.50392228561033,6.57853549852995,6.44582285453588,6.51964729519002
177,Dist L1,1340,5,Additive0.015,121041,688,9,6.56961063384543,6.58229724688403,6.59961063384543,,6.47653610948352,6.50392228561033,6.57853549852995,6.44582285453588,6.51964729519002
178,Oracle,1340,5,Additive0.015,0,0,0,6.56264145312515,6.58228463123697,6.59264145312515,,6.47551323886224,6.50453629061662,6.57878216904622,6.44611826076794,6.51988780055357
178,Oracle Vector,1340,5,Additive0.015,455600,418,2,6.56795998706162,6.58228463123697,6.59795998706162,,6.47551323886224,6.50453629061662,6.57878216904622,6.44611826076794,6.51988780055357
178,Value,1340,5,Additive0.015,121011,643,9,6.56898821345558,6.58228463123697,6.59898821345558,,6.47551323886224,6.50453629061662,6.57878216904622,6.44611826076794,6.51988780055357
178,Vector,1340,5,Additive0.015,546720,492,3,6.5678450058546,6.58228463123697,6.5978450058546,,6.47551323886224,6.50453629061662,6.57878216904622,6.44611826076794,6.51988780055357
178,Dist L1,1340,5,Additive0.015,121041,688,9,6.56961063384543,6.58228463123697,6.59961063384543,,6.47551323886224,6.50453629061662,6.57878216904622,6.44611826076794,6.51988780055357
179,Oracle,1340,5,Additive0.015,0,0,0,6.56264145312515,6.58183673927175,6.59264145312515,,6.47307900125326,6.50527770213689,6.57783113981059,6.44622119801943,6.52081423438452
179,Value,1340,5,Additive0.015,121011,643,9,6.56898821345558,6.58183673927175,6.59898821345558,,6.47307900125326,6.50527770213689,6.57783113981059,6.44622119801943,6.52081423438452
179,Oracle Vector,1340,5,Additive0.015,460960,423,2,6.56795998706162,6.58183673927175,6.59795998706162,,6.47307900125326,6.50527770213689,6.57783113981059,6.44622119801943,6.52081423438452
179,Vector,1340,5,Additive0.015,546720,492,3,6.5678450058546,6.58183673927175,6.5978450058546,,6.47307900125326,6.50527770213689,6.57783113981059,6.44622119801943,6.52081423438452
179,Dist L1,1340,5,Additive0.015,121041,688,9,6.56961063384543,6.58183673927175,6.59961063384543,,6.47307900125326,6.50527770213689,6.57783113981059,6.44622119801943,6.52081423438452
180,Oracle,1340,5,Additive0.015,0,0,0,6.56264145312515,6.58160300217112,6.59264145312515,,6.47237837115549,6.50560559967548,6.57725214748827,6.44644746616304,6.5213890048446
180,Oracle Vector,1340,5,Additive0.015,466320,428,2,6.56795998706162,6.58160300217112,6.59795998706162,,6.47237837115549,6.50560559967548,6.57725214748827,6.44644746616304,6.5213890048446
180,Value,1340,5,Additive0.015,121011,643,9,6.56898821345558,6.58160300217112,6.59898821345558,,6.47237837115549,6.50560559967548,6.57725214748827,6.44644746616304,6.5213890048446
180,Vector,1340,5,Additive0.015,552080,497,3,6.5678450058546,6.58160300217112,6.5978450058546,,6.47237837115549,6.50560559967548,6.57725214748827,6.44644746616304,6.5213890048446
180,Dist L1,1340,5,Additive0.015,121041,688,9,6.56961063384543,6.58160300217112,6.59961063384543,,6.47237837115549,6.50560559967548,6.57725214748827,6.44644746616304,6.5213890048446
181,Oracle,1340,5,Additive0.015,0,0,0,6.56264145312515,6.58093193612871,6.59264145312515,,6.47179921294775,6.5053776157804,6.57651794475934,6.44593827834009,6.52077057765519
181,Oracle Vector,1340,5,Additive0.015,466320,428,2,6.56795998706162,6.58093193612871,6.59795998706162,,6.47179921294775,6.5053776157804,6.57651794475934,6.44593827834009,6.52077057765519
181,Value,1340,5,Additive0.015,121011,643,9,6.56898821345558,6.58093193612871,6.59898821345558,,6.47179921294775,6.5053776157804,6.57651794475934,6.44593827834009,6.52077057765519
181,Vector,1340,5,Additive0.015,557440,502,3,6.5678450058546,6.58093193612871,6.5978450058546,,6.47179921294775,6.5053776157804,6.57651794475934,6.44593827834009,6.52077057765519
181,Dist L1,1340,5,Additive0.015,121045,693,9,6.56961063384543,6.58093193612871,6.59961063384543,,6.47179921294775,6.50537761578039,6.57651794475934,6.44593827834009,6.52077057765519
182,Oracle,1340,5,Additive0.015,0,0,0,6.56264145312515,6.58070142959429,6.59264145312515,,6.47187532319401,6.50483299409437,6.57623747842204,6.44601075616715,6.52055024114641
182,Oracle Vector,1340,5,Additive0.015,471680,433,2,6.56795998706162,6.58070142959429,6.59795998706162,,6.47187532319401,6.50483299409437,6.57623747842204,6.44601075616715,6.52055024114641
182,Value,1340,5,Additive0.015,121011,643,9,6.56898821345558,6.58070142959429,6.59898821345558,,6.47187532319401,6.50483299409437,6.57623747842204,6.44601075616715,6.52055024114641
182,Vector,1340,5,Additive0.015,557440,502,3,6.5678450058546,6.58070142959429,6.5978450058546,,6.47187532319401,6.50483299409437,6.57623747842204,6.44601075616715,6.52055024114641
182,Dist L1,1340,5,Additive0.015,121051,701,9,6.56961063384543,6.58070142959429,6.59961063384543,,6.47187532319401,6.50483299409437,6.57623747842204,6.44601075616715,6.52055024114641
183,Oracle,1340,5,Additive0.015,0,0,0,6.56264145312515,6.58029441165328,6.59264145312515,,6.47124716899281,6.50568363632536,6.57579702916802,6.44640501035712,6.51918831493304
183,Oracle Vector,1340,5,Additive0.015,471680,433,2,6.56795998706162,6.58029441165328,6.59795998706162,,6.47124716899281,6.50568363632536,6.57579702916802,6.44640501035712,6.51918831493304
183,Value,1340,5,Additive0.015,121015,648,9,6.56898821345558,6.58029441165328,6.59898821345558,,6.47124716899281,6.50568363632536,6.57579702916802,6.44640501035712,6.51918831493304
183,Vector,1340,5,Additive0.015,562800,507,3,6.5678450058546,6.58029441165328,6.5978450058546,,6.47124716899281,6.50568363632536,6.57579702916802,6.44640501035712,6.51918831493304
183,Dist L1,1340,5,Additive0.015,121059,710,9,6.56961063384543,6.58029441165328,6.59961063384543,,6.47124716899281,6.50568363632536,6.57579702916802,6.44640501035712,6.51918831493304
184,Oracle,1340,5,Additive0.015,0,0,0,6.56264145312515,6.57990778366592,6.59264145312515,,6.46932866557582,6.5060230355808,6.57508919967776,6.44644196252578,6.5196058930196
184,Oracle Vector,1340,5,Additive0.015,471680,433,2,6.56795998706162,6.57990778366592,6.59795998706162,,6.46932866557582,6.5060230355808,6.57508919967776,6.44644196252578,6.5196058930196
184,Value,1340,5,Additive0.015,121019,653,9,6.56898821345558,6.57990778366592,6.59898821345558,,6.46932866557582,6.5060230355808,6.57508919967776,6.44644196252578,6.5196058930196
184,Vector,1340,5,Additive0.015,568160,512,3,6.5678450058546,6.57990778366592,6.5978450058546,,6.46932866557582,6.5060230355808,6.57508919967776,6.44644196252578,6.5196058930196
184,Dist L1,1340,5,Additive0.015,121065,718,9,6.56961063384543,6.57990778366592,6.59961063384543,,6.46932866557582,6.5060230355808,6.57508919967776,6.44644196252578,6.5196058930196
185,Oracle,1340,5,Additive0.015,0,0,0,6.56264145312515,6.57930394183214,6.59264145312515,,6.46781427391949,6.50636639673854,6.57394709786927,6.44626710545162,6.52004336007612
185,Oracle Vector,1340,5,Additive0.015,471680,433,2,6.56795998706162,6.57930394183214,6.59795998706162,,6.46781427391949,6.50636639673854,6.57394709786927,6.44626710545162,6.52004336007612
185,Value,1340,5,Additive0.015,121027,662,9,6.56898821345558,6.57930394183214,6.59898821345558,,6.46781427391949,6.50636639673854,6.57394709786927,6.44626710545162,6.52004336007612
185,Vector,1340,5,Additive0.015,576200,519,3,6.5678450058546,6.57930394183214,6.5978450058546,,6.46781427391949,6.50636639673854,6.57394709786927,6.44626710545162,6.52004336007612
185,Dist L1,1340,5,Additive0.015,121075,729,9,6.56961063384543,6.57930394183214,6.59961063384543,,6.46781427391949,6.50636639673854,6.57394709786927,6.44626710545162,6.52004336007612
186,Oracle,1340,5,Additive0.015,0,0,0,6.56264145312515,6.57858783984537,6.59264145312515,,6.46566750344764,6.5064037449749,6.57324716085535,6.44685738094014,6.51994672827678
186,Oracle Vector,1340,5,Additive0.015,477040,438,2,6.56795998706162,6.57858783984537,6.59795998706162,,6.46566750344764,6.5064037449749,6.57324716085535,6.44685738094014,6.51994672827678
186,Value,1340,5,Additive0.015,121037,674,9,6.56898821345558,6.57858783984537,6.59898821345558,,6.46566750344764,6.5064037449749,6.57324716085535,6.44685738094014,6.51994672827678
186,Vector,1340,5,Additive0.015,581560,524,3,6.5678450058546,6.57858783984537,6.5978450058546,,6.46566750344764,6.5064037449749,6.57324716085535,6.44685738094014,6.51994672827678
186,Dist L1,1340,5,Additive0.015,134480,750,10,6.56358783984537,6.57858783984537,6.59358783984537,,6.46566750344764,6.5064037449749,6.57324716085535,6.44685738094014,6.51994672827678
187,Oracle,1340,5,Additive0.015,0,0,0,6.56264145312515,6.57829373571015,6.59264145312515,,6.46438532042627,6.5058355175433,6.57329800047901,6.44724541060749,6.5211782096777
187,Oracle Vector,1340,5,Additive0.015,477040,438,2,6.56795998706162,6.57829373571015,6.59795998706162,,6.46438532042627,6.5058355175433,6.57329800047901,6.44724541060749,6.5211782096777
187,Vector,1340,5,Additive0.015,581560,524,3,6.5678450058546,6.57829373571015,6.5978450058546,,6.46438532042627,6.5058355175433,6.57329800047901,6.44724541060749,6.5211782096777
187,Value,1340,5,Additive0.015,134442,694,10,6.56329373571015,6.57829373571015,6.59329373571015,,6.46438532042627,6.5058355175433,6.57329800047901,6.44724541060749,6.5211782096777
187,Dist L1,1340,5,Additive0.015,134480,750,10,6.56358783984537,6.57829373571015,6.59358783984537,,6.46438532042627,6.5058355175433,6.57329800047901,6.44724541060749,6.5211782096777
188,Oracle,1340,5,Additive0.015,0,0,0,6.56264145312515,6.57842290827459,6.59264145312515,,6.46295966654244,6.50556865873171,6.57282917525219,6.4480932509634,6.52336299152914
188,Oracle Vector,1340,5,Additive0.015,482400,443,2,6.56795998706162,6.57842290827459,6.59795998706162,,6.46295966654244,6.50556865873171,6.57282917525219,6.44809325096341,6.52336299152914
188,Value,1340,5,Additive0.015,134442,694,10,6.56329373571015,6.57842290827459,6.59329373571015,,6.46295966654244,6.50556865873171,6.57282917525219,6.44809325096341,6.52336299152914
188,Vector,1340,5,Additive0.015,586920,529,3,6.5678450058546,6.57842290827459,6.5978450058546,,6.46295966654244,6.50556865873171,6.57282917525219,6.44809325096341,6.52336299152914
188,Dist L1,1340,5,Additive0.015,134480,750,10,6.56358783984537,6.57842290827459,6.59358783984537,,6.46295966654244,6.50556865873171,6.57282917525219,6.44809325096341,6.52336299152914
189,Oracle,1340,5,Additive0.015,0,0,0,6.56264145312515,6.57719809195657,6.59264145312515,,6.46046022346539,6.50435226789317,6.57177023893056,6.44791606716168,6.52273087014603
189,Oracle Vector,1340,5,Additive0.015,482400,443,2,6.56795998706162,6.57719809195657,6.59795998706162,,6.46046022346539,6.50435226789317,6.57177023893056,6.44791606716168,6.52273087014603
189,Value,1340,5,Additive0.015,134442,694,10,6.56329373571015,6.57719809195657,6.59329373571015,,6.46046022346539,6.50435226789317,6.57177023893056,6.44791606716168,6.52273087014603
189,Vector,1340,5,Additive0.015,592280,534,3,6.5678450058546,6.57719809195657,6.5978450058546,,6.46046022346539,6.50435226789317,6.57177023893056,6.44791606716168,6.52273087014603
189,Dist L1,1340,5,Additive0.015,134480,750,10,6.56358783984537,6.57719809195657,6.59358783984537,,6.46046022346539,6.50435226789317,6.57177023893056,6.44791606716168,6.52273087014603
190,Oracle,1340,5,Additive0.015,0,0,0,6.56264145312515,6.57644612668313,6.59264145312515,,6.45882916254394,6.50422131440824,6.57133959777164,6.4478468254078,6.52214876253784
190,Oracle Vector,1340,5,Additive0.015,487760,448,2,6.56795998706162,6.57644612668313,6.59795998706162,,6.45882916254394,6.50422131440824,6.57133959777164,6.44784682540779,6.52214876253784
190,Value,1340,5,Additive0.015,134442,694,10,6.56329373571015,6.57644612668313,6.59329373571015,,6.45882916254394,6.50422131440824,6.57133959777164,6.4478468254078,6.52214876253784
190,Vector,1340,5,Additive0.015,600320,541,3,6.5678450058546,6.57644612668313,6.5978450058546,,6.45882916254394,6.50422131440824,6.57133959777164,6.4478468254078,6.52214876253784
190,Dist L1,1340,5,Additive0.015,134480,750,10,6.56358783984537,6.57644612668313,6.59358783984537,,6.45882916254394,6.50422131440824,6.57133959777164,6.4478468254078,6.52214876253784
191,Oracle,1340,5,Additive0.015,0,0,0,6.56264145312515,6.57588829270566,6.59264145312515,,6.45820097173133,6.50469418962553,6.57092541804397,6.44823703880699,6.52088818295704
191,Vector,1340,5,Additive0.015,600320,541,3,6.5678450058546,6.57588829270566,6.5978450058546,,6.45820097173133,6.50469418962553,6.57092541804397,6.44823703880699,6.52088818295704
191,Oracle Vector,1340,5,Additive0.015,498480,458,2,6.56795998706162,6.57588829270566,6.59795998706162,,6.45820097173133,6.50469418962553,6.57092541804397,6.44823703880699,6.52088818295704
191,Value,1340,5,Additive0.015,134442,694,10,6.56329373571015,6.57588829270566,6.59329373571015,,6.45820097173133,6.50469418962553,6.57092541804397,6.44823703880699,6.52088818295703
191,Dist L1,1340,5,Additive0.015,134480,750,10,6.56358783984537,6.57588829270566,6.59358783984537,,6.45820097173133,6.50469418962553,6.57092541804397,6.44823703880699,6.52088818295704
192,Oracle,1340,5,Additive0.015,0,0,0,6.56264145312515,6.57478812929193,6.59264145312515,,6.45708002075436,6.50450242973344,6.56988205951561,6.44708011497245,6.52028490342415
192,Oracle Vector,1340,5,Additive0.015,498480,458,2,6.56795998706162,6.57478812929193,6.59795998706162,,6.45708002075436,6.50450242973344,6.56988205951561,6.44708011497245,6.52028490342415
192,Value,1340,5,Additive0.015,134446,699,10,6.56329373571015,6.57478812929193,6.59329373571015,,6.45708002075436,6.50450242973344,6.56988205951561,6.44708011497245,6.52028490342415
192,Vector,1340,5,Additive0.015,605680,546,3,6.5678450058546,6.57478812929193,6.5978450058546,,6.45708002075436,6.50450242973344,6.56988205951561,6.44708011497245,6.52028490342415
192,Dist L1,1340,5,Additive0.015,134484,755,10,6.56358783984537,6.57478812929193,6.59358783984537,,6.45708002075436,6.50450242973344,6.56988205951561,6.44708011497245,6.52028490342415
193,Oracle,1340,5,Additive0.015,0,0,0,6.56264145312515,6.57453182479717,6.59264145312515,,6.45613933543306,6.50428870594819,6.56929687078812,6.44708873097766,6.52045162355188
193,Oracle Vector,1340,5,Additive0.015,503840,463,2,6.56795998706162,6.57453182479717,6.59795998706162,,6.45613933543306,6.50428870594819,6.56929687078812,6.44708873097766,6.52045162355188
193,Value,1340,5,Additive0.015,134450,704,10,6.56329373571015,6.57453182479717,6.59329373571015,,6.45613933543306,6.50428870594819,6.56929687078812,6.44708873097766,6.52045162355188
193,Vector,1340,5,Additive0.015,613720,553,3,6.5678450058546,6.57453182479717,6.5978450058546,,6.45613933543306,6.50428870594819,6.56929687078812,6.44708873097766,6.52045162355188
193,Dist L1,1340,5,Additive0.015,134484,755,10,6.56358783984537,6.57453182479717,6.59358783984537,,6.45613933543306,6.50428870594819,6.56929687078812,6.44708873097766,6.52045162355188
194,Value,1340,5,Additive0.015,134454,709,10,6.56329373571015,6.57387750705549,6.59329373571015,,6.45560435453113,6.50358830497816,6.5689340716401,6.44661657356229,6.52000738914989
194,Oracle Vector,1340,5,Additive0.015,503840,463,2,6.56795998706162,6.57387750705549,6.59795998706162,,6.45560435453113,6.50358830497816,6.5689340716401,6.44661657356229,6.52000738914989
194,Oracle,1340,5,Additive0.015,0,0,0,6.56264145312515,6.57387750705549,6.59264145312515,,6.45560435453113,6.50358830497816,6.5689340716401,6.44661657356229,6.52000738914989
194,Vector,1340,5,Additive0.015,619080,558,3,6.5678450058546,6.57387750705549,6.5978450058546,,6.45560435453113,6.50358830497816,6.5689340716401,6.44661657356229,6.52000738914989
194,Dist L1,1340,5,Additive0.015,134488,760,10,6.56358783984537,6.57387750705549,6.59358783984537,,6.45560435453113,6.50358830497816,6.5689340716401,6.4466165735623,6.52000738914989
195,Oracle,1340,5,Additive0.015,0,0,0,6.56264145312515,6.57280198415034,6.59264145312515,,6.45416843147983,6.50232945745098,6.56758490891649,6.4459627394831,6.51991716023385
195,Value,1340,5,Additive0.015,134458,714,10,6.56329373571015,6.57280198415034,6.59329373571015,,6.45416843147983,6.50232945745098,6.56758490891649,6.4459627394831,6.51991716023385
195,Oracle Vector,1340,5,Additive0.015,509200,468,2,6.56795998706162,6.57280198415034,6.59795998706162,,6.45416843147983,6.50232945745098,6.56758490891649,6.4459627394831,6.51991716023385
195,Vector,1340,5,Additive0.015,632480,569,3,6.5678450058546,6.57280198415034,6.5978450058546,,6.45416843147983,6.50232945745098,6.56758490891649,6.4459627394831,6.51991716023385
195,Dist L1,1340,5,Additive0.015,134494,767,10,6.56358783984537,6.57280198415034,6.59358783984537,,6.45416843147983,6.50232945745098,6.56758490891649,6.4459627394831,6.51991716023385
196,Oracle,1340,5,Additive0.015,0,0,0,6.56264145312515,6.57238146517106,6.59264145312515,,6.45257568727027,6.50193090730015,6.56727031074342,6.44689781353754,6.51953106018628
196,Oracle Vector,1340,5,Additive0.015,509200,468,2,6.56795998706162,6.57238146517106,6.59795998706162,,6.45257568727027,6.50193090730015,6.56727031074342,6.44689781353754,6.51953106018628
196,Value,1340,5,Additive0.015,134462,719,10,6.56329373571015,6.57238146517106,6.59329373571015,,6.45257568727027,6.50193090730015,6.56727031074342,6.44689781353754,6.51953106018628
196,Vector,1340,5,Additive0.015,637840,574,3,6.5678450058546,6.57238146517106,6.5978450058546,,6.45257568727027,6.50193090730015,6.56727031074342,6.44689781353755,6.51953106018628
196,Dist L1,1340,5,Additive0.015,147899,789,11,6.55738146517106,6.57238146517106,6.58738146517106,,6.45257568727027,6.50193090730015,6.56727031074342,6.44689781353754,6.51953106018628
197,Oracle,1340,5,Additive0.015,0,0,0,6.56264145312515,6.57093159279583,6.59264145312515,,6.45101017462666,6.50059559292523,6.56566465595244,6.44571813053393,6.5205740496181
197,Oracle Vector,1340,5,Additive0.015,517240,475,2,6.56795998706162,6.57093159279583,6.59795998706162,,6.45101017462666,6.50059559292523,6.56566465595244,6.44571813053393,6.5205740496181
197,Value,1340,5,Additive0.015,147867,740,11,6.55593159279583,6.57093159279583,6.58593159279583,,6.45101017462666,6.50059559292523,6.56566465595244,6.44571813053393,6.5205740496181
197,Vector,1340,5,Additive0.015,651240,585,4,6.55593159279583,6.57093159279583,6.58593159279583,,6.45101017462666,6.50059559292523,6.56566465595244,6.44571813053393,6.5205740496181
197,Dist L1,1340,5,Additive0.015,147899,789,11,6.55738146517106,6.57093159279583,6.58738146517106,,6.45101017462666,6.50059559292523,6.56566465595244,6.44571813053393,6.5205740496181
198,Oracle,1340,5,Additive0.015,0,0,0,6.56264145312515,6.56942390362561,6.59264145312515,,6.44919651629342,6.499605400381,6.56398230805658,6.44459052176308,6.51952588655357
198,Oracle Vector,1340,5,Additive0.015,522600,480,2,6.56795998706162,6.56942390362561,6.59795998706162,,6.44919651629342,6.499605400381,6.56398230805658,6.44459052176308,6.51952588655357
198,Vector,1340,5,Additive0.015,651240,585,4,6.55593159279583,6.56942390362561,6.58593159279583,,6.44919651629342,6.499605400381,6.56398230805658,6.44459052176308,6.51952588655357
198,Value,1340,5,Additive0.015,147867,740,11,6.55593159279583,6.56942390362561,6.58593159279583,,6.44919651629342,6.499605400381,6.56398230805658,6.44459052176308,6.51952588655357
198,Dist L1,1340,5,Additive0.015,147899,789,11,6.55738146517106,6.56942390362561,6.58738146517106,,6.44919651629342,6.499605400381,6.56398230805658,6.44459052176308,6.51952588655357
199,Oracle,1340,5,Additive0.015,0,0,0,6.56264145312515,6.56769561968108,6.59264145312515,,6.44757551248695,6.49765456457201,6.56316422273975,6.44353750333123,6.51881478987611
199,Value,1340,5,Additive0.015,147867,740,11,6.55593159279583,6.56769561968108,6.58593159279583,,6.44757551248695,6.497654564572,6.56316422273975,6.44353750333123,6.51881478987611
199,Vector,1340,5,Additive0.015,651240,585,4,6.55593159279583,6.56769561968108,6.58593159279583,,6.44757551248695,6.49765456457201,6.56316422273975,6.44353750333123,6.51881478987611
199,Oracle Vector,1340,5,Additive0.015,536000,490,3,6.55269561968108,6.56769561968108,6.58269561968108,,6.44757551248695,6.49765456457201,6.56316422273975,6.44353750333123,6.51881478987611
199,Dist L1,1340,5,Additive0.015,147899,789,11,6.55738146517106,6.56769561968108,6.58738146517106,,6.44757551248695,6.497654564572,6.56316422273975,6.44353750333123,6.51881478987611
200,Oracle,1340,5,Additive0.015,0,0,0,6.56264145312515,6.56507206696828,6.59264145312515,,6.44625173396836,6.49515957516453,6.56126064680198,6.44166301081825,6.51719342985703
200,Oracle Vector,1340,5,Additive0.015,536000,490,3,6.55269561968108,6.56507206696828,6.58269561968108,,6.44625173396836,6.49515957516453,6.56126064680198,6.44166301081825,6.51719342985703
200,Vector,1340,5,Additive0.015,651240,585,4,6.55593159279583,6.56507206696828,6.58593159279583,,6.44625173396836,6.49515957516453,6.56126064680198,6.44166301081825,6.51719342985703
200,Value,1340,5,Additive0.015,147867,740,11,6.55593159279583,6.56507206696828,6.58593159279583,,6.44625173396836,6.49515957516453,6.56126064680198,6.44166301081825,6.51719342985703
200,Dist L1,1340,5,Additive0.015,147899,789,11,6.55738146517106,6.56507206696828,6.58738146517106,,6.44625173396836,6.49515957516453,6.56126064680198,6.44166301081825,6.51719342985703
201,Oracle,1340,5,Additive0.015,0,0,0,6.56264145312515,6.56455545803747,6.59264145312515,,6.44573173180897,6.49420256661354,6.56133982490183,6.44027146632511,6.51724409181855
201,Oracle Vector,1340,5,Additive0.015,536000,490,3,6.55269561968108,6.56455545803747,6.58269561968108,,6.44573173180897,6.49420256661354,6.56133982490183,6.44027146632511,6.51724409181855
201,Value,1340,5,Additive0.015,147867,740,11,6.55593159279583,6.56455545803747,6.58593159279583,,6.44573173180897,6.49420256661354,6.56133982490183,6.44027146632511,6.51724409181854
201,Vector,1340,5,Additive0.015,651240,585,4,6.55593159279583,6.56455545803747,6.58593159279583,,6.44573173180897,6.49420256661354,6.56133982490183,6.44027146632511,6.51724409181855
201,Dist L1,1340,5,Additive0.015,147899,789,11,6.55738146517106,6.56455545803747,6.58738146517106,,6.44573173180897,6.49420256661354,6.56133982490183,6.44027146632511,6.51724409181854
202,Oracle,1340,5,Additive0.015,0,0,0,6.56264145312515,6.56428385185587,6.59264145312515,,6.44616518997881,6.49409648606145,6.55986397177453,6.43973809901737,6.51717700895085
202,Oracle Vector,1340,5,Additive0.015,536000,490,3,6.55269561968108,6.56428385185587,6.58269561968108,,6.44616518997881,6.49409648606145,6.55986397177453,6.43973809901737,6.51717700895085
202,Value,1340,5,Additive0.015,147867,740,11,6.55593159279583,6.56428385185587,6.58593159279583,,6.44616518997881,6.49409648606145,6.55986397177453,6.43973809901737,6.51717700895085
202,Vector,1340,5,Additive0.015,651240,585,4,6.55593159279583,6.56428385185587,6.58593159279583,,6.44616518997881,6.49409648606145,6.55986397177453,6.43973809901737,6.51717700895085
202,Dist L1,1340,5,Additive0.015,147909,802,11,6.55738146517106,6.56428385185587,6.58738146517106,,6.44616518997881,6.49409648606145,6.55986397177453,6.43973809901737,6.51717700895085
203,Oracle,1340,5,Additive0.015,0,0,0,6.56264145312515,6.56415713051082,6.59264145312515,,6.44736513248767,6.49428291448854,6.55954848113688,6.43920355867459,6.5158951110935
203,Oracle Vector,1340,5,Additive0.015,536000,490,3,6.55269561968108,6.56415713051082,6.58269561968108,,6.44736513248767,6.49428291448854,6.55954848113688,6.43920355867459,6.5158951110935
203,Value,1340,5,Additive0.015,147871,745,11,6.55593159279583,6.56415713051082,6.58593159279583,,6.44736513248767,6.49428291448854,6.55954848113688,6.43920355867459,6.5158951110935
203,Vector,1340,5,Additive0.015,656600,590,4,6.55593159279583,6.56415713051082,6.58593159279583,,6.44736513248767,6.49428291448854,6.55954848113688,6.43920355867459,6.5158951110935
203,Dist L1,1340,5,Additive0.015,161314,822,12,6.54915713051082,6.56415713051082,6.57915713051082,,6.44736513248767,6.49428291448854,6.55954848113688,6.43920355867459,6.5158951110935
204,Oracle,1340,5,Additive0.015,0,0,0,6.56264145312515,6.56381010603805,6.59264145312515,,6.44766705138155,6.4936439264144,6.5590713081992,6.43771212923756,6.5155998367339
204,Oracle Vector,1340,5,Additive0.015,536000,490,3,6.55269561968108,6.56381010603805,6.58269561968108,,6.44766705138155,6.4936439264144,6.5590713081992,6.43771212923756,6.5155998367339
204,Value,1340,5,Additive0.015,147879,755,11,6.55593159279583,6.56381010603805,6.58593159279583,,6.44766705138155,6.4936439264144,6.5590713081992,6.43771212923756,6.5155998367339
204,Vector,1340,5,Additive0.015,661960,595,4,6.55593159279583,6.56381010603805,6.58593159279583,,6.44766705138155,6.4936439264144,6.5590713081992,6.43771212923756,6.5155998367339
204,Dist L1,1340,5,Additive0.015,161314,822,12,6.54915713051082,6.56381010603805,6.57915713051082,,6.44766705138155,6.4936439264144,6.5590713081992,6.43771212923756,6.5155998367339
205,Oracle,1340,5,Additive0.015,0,0,0,6.56264145312515,6.56349133000295,6.59264145312515,,6.44694585954439,6.49354768269172,6.55899203802095,6.43785419654473,6.5149012185484
205,Oracle Vector,1340,5,Additive0.015,536000,490,3,6.55269561968108,6.56349133000295,6.58269561968108,,6.44694585954439,6.49354768269172,6.55899203802095,6.43785419654473,6.5149012185484
205,Vector,1340,5,Additive0.015,667320,600,4,6.55593159279583,6.56349133000295,6.58593159279583,,6.44694585954439,6.49354768269172,6.55899203802095,6.43785419654473,6.5149012185484
205,Value,1340,5,Additive0.015,161284,776,12,6.54849133000295,6.56349133000295,6.57849133000295,,6.44694585954439,6.49354768269172,6.55899203802095,6.43785419654473,6.5149012185484
205,Dist L1,1340,5,Additive0.015,161314,822,12,6.54915713051082,6.56349133000295,6.57915713051082,,6.44694585954439,6.49354768269172,6.55899203802095,6.43785419654473,6.5149012185484
206,Oracle,1340,5,Additive0.015,0,0,0,6.56264145312515,6.56294010497469,6.59264145312515,,6.44572518052015,6.49263343335205,6.55888891012567,6.43814506066884,6.51481712808879
206,Oracle Vector,1340,5,Additive0.015,536000,490,3,6.55269561968108,6.56294010497469,6.58269561968108,,6.44572518052015,6.49263343335205,6.55888891012567,6.43814506066884,6.51481712808879
206,Value,1340,5,Additive0.015,161284,776,12,6.54849133000295,6.56294010497469,6.57849133000295,,6.44572518052015,6.49263343335205,6.55888891012567,6.43814506066884,6.51481712808879
206,Vector,1340,5,Additive0.015,672680,605,4,6.55593159279583,6.56294010497469,6.58593159279583,,6.44572518052015,6.49263343335205,6.55888891012567,6.43814506066884,6.51481712808879
206,Dist L1,1340,5,Additive0.015,161314,822,12,6.54915713051082,6.56294010497468,6.57915713051082,,6.44572518052015,6.49263343335205,6.55888891012567,6.43814506066884,6.51481712808879
207,Oracle,1340,5,Additive0.015,0,0,0,6.56264145312515,6.56291089523256,6.59264145312515,,6.44624087828833,6.49283006004572,6.55850891313817,6.43877455875971,6.51441453810761
207,Value,1340,5,Additive0.015,161284,776,12,6.54849133000295,6.56291089523256,6.57849133000295,,6.44624087828833,6.49283006004572,6.55850891313817,6.43877455875971,6.51441453810761
207,Oracle Vector,1340,5,Additive0.015,536000,490,3,6.55269561968108,6.56291089523256,6.58269561968108,,6.44624087828833,6.49283006004572,6.55850891313817,6.43877455875971,6.51441453810761
207,Vector,1340,5,Additive0.015,672680,605,4,6.55593159279583,6.56291089523256,6.58593159279583,,6.44624087828833,6.49283006004572,6.55850891313817,6.43877455875971,6.51441453810761
207,Dist L1,1340,5,Additive0.015,161314,822,12,6.54915713051082,6.56291089523256,6.57915713051082,,6.44624087828833,6.49283006004572,6.55850891313817,6.43877455875971,6.51441453810761
208,Oracle,1340,5,Additive0.015,0,0,0,6.56264145312515,6.56286418831582,6.59264145312515,,6.44620441970952,6.49225237643654,6.55848314663922,6.44028116178277,6.51440330540335
208,Oracle Vector,1340,5,Additive0.015,536000,490,3,6.55269561968108,6.56286418831582,6.58269561968108,,6.44620441970952,6.49225237643654,6.55848314663922,6.44028116178277,6.51440330540335
208,Value,1340,5,Additive0.015,161284,776,12,6.54849133000295,6.56286418831582,6.57849133000295,,6.44620441970952,6.49225237643654,6.55848314663922,6.44028116178277,6.51440330540335
208,Vector,1340,5,Additive0.015,686080,616,4,6.55593159279583,6.56286418831582,6.58593159279583,,6.44620441970952,6.49225237643654,6.55848314663922,6.44028116178277,6.51440330540335
208,Dist L1,1340,5,Additive0.015,161314,822,12,6.54915713051082,6.56286418831582,6.57915713051082,,6.44620441970952,6.49225237643654,6.55848314663922,6.44028116178277,6.51440330540335
209,Oracle,1340,5,Additive0.015,13400,10,1,6.54700718369214,6.56200718369213,6.57700718369213,,6.44592352504692,6.49205653990687,6.55777929382671,6.43941759945101,6.51327408576808
209,Oracle Vector,1340,5,Additive0.015,536000,490,3,6.55269561968108,6.56200718369213,6.58269561968108,,6.44592352504692,6.49205653990687,6.55777929382671,6.43941759945101,6.51327408576808
209,Vector,1340,5,Additive0.015,686080,616,4,6.55593159279583,6.56200718369213,6.58593159279583,,6.44592352504692,6.49205653990687,6.55777929382671,6.43941759945101,6.51327408576808
209,Value,1340,5,Additive0.015,161284,776,12,6.54849133000295,6.56200718369213,6.57849133000295,,6.44592352504692,6.49205653990688,6.55777929382671,6.43941759945101,6.51327408576808
209,Dist L1,1340,5,Additive0.015,161314,822,12,6.54915713051082,6.56200718369213,6.57915713051082,,6.44592352504692,6.49205653990688,6.55777929382671,6.43941759945101,6.51327408576808
210,Oracle,1340,5,Additive0.015,13400,10,1,6.54700718369214,6.56126951600451,6.57700718369213,,6.44377077988243,6.49113781003219,6.55735790800716,6.44023446261513,6.51340914569074
210,Oracle Vector,1340,5,Additive0.015,541360,495,3,6.55269561968108,6.56126951600451,6.58269561968108,,6.44377077988243,6.49113781003219,6.55735790800716,6.44023446261513,6.51340914569074
210,Value,1340,5,Additive0.015,161284,776,12,6.54849133000295,6.56126951600451,6.57849133000295,,6.44377077988243,6.49113781003219,6.55735790800716,6.44023446261513,6.51340914569074
210,Vector,1340,5,Additive0.015,691440,621,4,6.55593159279583,6.56126951600451,6.58593159279583,,6.44377077988243,6.49113781003219,6.55735790800716,6.44023446261513,6.51340914569074
210,Dist L1,1340,5,Additive0.015,161314,822,12,6.54915713051082,6.56126951600451,6.57915713051082,,6.44377077988243,6.49113781003219,6.55735790800716,6.44023446261513,6.51340914569074
211,Oracle,1340,5,Additive0.015,13400,10,1,6.54700718369214,6.56065407836953,6.57700718369213,,6.4425854382576,6.49081313689704,6.55634990349997,6.4398756879405,6.51339890523881
211,Oracle Vector,1340,5,Additive0.015,546720,500,3,6.55269561968108,6.56065407836953,6.58269561968108,,6.4425854382576,6.49081313689704,6.55634990349997,6.4398756879405,6.51339890523881
211,Value,1340,5,Additive0.015,161284,776,12,6.54849133000295,6.56065407836953,6.57849133000295,,6.4425854382576,6.49081313689704,6.55634990349997,6.4398756879405,6.51339890523881
211,Vector,1340,5,Additive0.015,704840,632,4,6.55593159279583,6.56065407836953,6.58593159279583,,6.4425854382576,6.49081313689704,6.55634990349997,6.4398756879405,6.51339890523881
211,Dist L1,1340,5,Additive0.015,161314,822,12,6.54915713051082,6.56065407836953,6.57915713051082,,6.4425854382576,6.49081313689704,6.55634990349997,6.4398756879405,6.51339890523881
212,Oracle,1340,5,Additive0.015,13400,10,1,6.54700718369214,6.56012906569452,6.57700718369213,,6.44097466902317,6.49041588409097,6.5559563782976,6.44001389483288,6.51397925745726
212,Oracle Vector,1340,5,Additive0.015,546720,500,3,6.55269561968108,6.56012906569452,6.58269561968108,,6.44097466902317,6.49041588409097,6.5559563782976,6.44001389483288,6.51397925745726
212,Value,1340,5,Additive0.015,161284,776,12,6.54849133000295,6.56012906569452,6.57849133000295,,6.44097466902317,6.49041588409097,6.5559563782976,6.44001389483288,6.51397925745726
212,Vector,1340,5,Additive0.015,712880,639,4,6.55593159279583,6.56012906569452,6.58593159279583,,6.44097466902317,6.49041588409097,6.5559563782976,6.44001389483288,6.51397925745726
212,Dist L1,1340,5,Additive0.015,161318,827,12,6.54915713051082,6.56012906569452,6.57915713051082,,6.44097466902317,6.49041588409097,6.5559563782976,6.44001389483288,6.51397925745726
213,Oracle,1340,5,Additive0.015,13400,10,1,6.54700718369214,6.5596860520749,6.57700718369213,,6.44102079692653,6.48924074786919,6.55550365535642,6.43917735983294,6.51434438280283
213,Oracle Vector,1340,5,Additive0.015,546720,500,3,6.55269561968108,6.5596860520749,6.58269561968108,,6.44102079692653,6.48924074786919,6.55550365535642,6.43917735983294,6.51434438280283
213,Value,1340,5,Additive0.015,161284,776,12,6.54849133000295,6.5596860520749,6.57849133000295,,6.44102079692653,6.48924074786919,6.55550365535641,6.43917735983294,6.51434438280283
213,Vector,1340,5,Additive0.015,723600,648,4,6.55593159279583,6.5596860520749,6.58593159279583,,6.44102079692653,6.48924074786919,6.55550365535641,6.43917735983294,6.51434438280283
213,Dist L1,1340,5,Additive0.015,161322,832,12,6.54915713051082,6.5596860520749,6.57915713051082,,6.44102079692653,6.48924074786918,6.55550365535641,6.43917735983294,6.51434438280283
214,Oracle,1340,5,Additive0.015,13400,10,1,6.54700718369214,6.55969520797466,6.57700718369213,,6.4410509386195,6.48844273638684,6.55536403147961,6.43937292422469,6.51501311135053
214,Oracle Vector,1340,5,Additive0.015,546720,500,3,6.55269561968108,6.55969520797466,6.58269561968108,,6.4410509386195,6.48844273638684,6.55536403147961,6.43937292422469,6.51501311135053
214,Value,1340,5,Additive0.015,161288,781,12,6.54849133000295,6.55969520797467,6.57849133000295,,6.4410509386195,6.48844273638684,6.55536403147961,6.43937292422469,6.51501311135053
214,Vector,1340,5,Additive0.015,737000,659,4,6.55593159279583,6.55969520797467,6.58593159279583,,6.4410509386195,6.48844273638684,6.55536403147961,6.43937292422469,6.51501311135053
214,Dist L1,1340,5,Additive0.015,161328,839,12,6.54915713051082,6.55969520797467,6.57915713051082,,6.4410509386195,6.48844273638684,6.55536403147961,6.43937292422469,6.51501311135053
215,Oracle,1340,5,Additive0.015,13400,10,1,6.54700718369214,6.55937326347614,6.57700718369213,,6.44048216303101,6.48792899108058,6.55518164282041,6.4396434936713,6.5151803179925
215,Oracle Vector,1340,5,Additive0.015,546720,500,3,6.55269561968108,6.55937326347614,6.58269561968108,,6.44048216303101,6.48792899108058,6.55518164282041,6.4396434936713,6.5151803179925
215,Value,1340,5,Additive0.015,161296,791,12,6.54849133000295,6.55937326347614,6.57849133000295,,6.44048216303101,6.48792899108058,6.55518164282041,6.4396434936713,6.5151803179925
215,Vector,1340,5,Additive0.015,750400,669,5,6.54437326347614,6.55937326347614,6.57437326347614,,6.44048216303101,6.48792899108058,6.55518164282041,6.4396434936713,6.5151803179925
215,Dist L1,1340,5,Additive0.015,174733,861,13,6.54437326347614,6.55937326347614,6.57437326347614,,6.44048216303101,6.48792899108058,6.55518164282041,6.4396434936713,6.5151803179925
216,Oracle,1340,5,Additive0.015,13400,10,1,6.54700718369214,6.558569889273,6.57700718369213,,6.4399021216536,6.48686924451679,6.55519693721296,6.43971767337264,6.51422174453466
216,Value,1340,5,Additive0.015,161304,801,12,6.54849133000295,6.558569889273,6.57849133000295,,6.4399021216536,6.48686924451679,6.55519693721296,6.43971767337264,6.51422174453466
216,Oracle Vector,1340,5,Additive0.015,546720,500,3,6.55269561968108,6.558569889273,6.58269561968108,,6.4399021216536,6.48686924451679,6.55519693721296,6.43971767337264,6.51422174453466
216,Dist L1,1340,5,Additive0.015,174733,861,13,6.54437326347614,6.558569889273,6.57437326347614,,6.4399021216536,6.48686924451679,6.55519693721296,6.43971767337264,6.51422174453466
216,Vector,1340,5,Additive0.015,750400,669,5,6.54437326347614,6.558569889273,6.57437326347614,,6.4399021216536,6.48686924451679,6.55519693721296,6.43971767337264,6.51422174453466
217,Oracle,1340,5,Additive0.015,13400,10,1,6.54700718369214,6.55878530386978,6.57700718369213,,6.44055267186887,6.48670254585713,6.55532580947704,6.43966583940911,6.51411951116989
217,Oracle Vector,1340,5,Additive0.015,554760,507,3,6.55269561968108,6.55878530386978,6.58269561968108,,6.44055267186887,6.48670254585713,6.55532580947704,6.43966583940911,6.51411951116989
217,Vector,1340,5,Additive0.015,750400,669,5,6.54437326347614,6.55878530386978,6.57437326347614,,6.44055267186887,6.48670254585713,6.55532580947704,6.43966583940911,6.51411951116989
217,Dist L1,1340,5,Additive0.015,174733,861,13,6.54437326347614,6.55878530386978,6.57437326347614,,6.44055267186887,6.48670254585713,6.55532580947704,6.43966583940911,6.51411951116989
217,Value,1340,5,Additive0.015,174709,822,13,6.54378530386978,6.55878530386978,6.57378530386978,,6.44055267186887,6.48670254585713,6.55532580947704,6.43966583940911,6.51411951116989
218,Oracle,1340,5,Additive0.015,13400,10,1,6.54700718369214,6.55912696339935,6.57700718369213,,6.44010799634856,6.48666832487572,6.55576653608429,6.43995891644576,6.51397896325451
218,Oracle Vector,1340,5,Additive0.015,554760,507,3,6.55269561968108,6.55912696339936,6.58269561968108,,6.44010799634856,6.48666832487572,6.55576653608429,6.43995891644576,6.51397896325451
218,Value,1340,5,Additive0.015,174709,822,13,6.54378530386978,6.55912696339935,6.57378530386978,,6.44010799634856,6.48666832487572,6.55576653608429,6.43995891644576,6.51397896325451
218,Vector,1340,5,Additive0.015,750400,669,5,6.54437326347614,6.55912696339935,6.57437326347614,,6.44010799634856,6.48666832487572,6.55576653608429,6.43995891644576,6.51397896325451
218,Dist L1,1340,5,Additive0.015,174733,861,13,6.54437326347614,6.55912696339935,6.57437326347614,,6.44010799634856,6.48666832487572,6.55576653608429,6.43995891644576,6.51397896325451
219,Oracle,1340,5,Additive0.015,13400,10,1,6.54700718369214,6.55918449433717,6.57700718369213,,6.43945712238409,6.4866207376102,6.55577971023921,6.44011379927495,6.51434648139882
219,Value,1340,5,Additive0.015,174709,822,13,6.54378530386978,6.55918449433717,6.57378530386978,,6.43945712238409,6.4866207376102,6.55577971023921,6.44011379927495,6.51434648139882
219,Oracle Vector,1340,5,Additive0.015,560120,512,3,6.55269561968108,6.55918449433717,6.58269561968108,,6.43945712238409,6.4866207376102,6.55577971023921,6.44011379927495,6.51434648139882
219,Vector,1340,5,Additive0.015,750400,669,5,6.54437326347614,6.55918449433717,6.57437326347614,,6.43945712238409,6.4866207376102,6.55577971023921,6.44011379927495,6.51434648139882
219,Dist L1,1340,5,Additive0.015,174733,861,13,6.54437326347614,6.55918449433717,6.57437326347614,,6.43945712238409,6.4866207376102,6.55577971023921,6.44011379927495,6.51434648139882
220,Oracle,1340,5,Additive0.015,13400,10,1,6.54700718369214,6.55944612434355,6.57700718369213,,6.44063588489868,6.48679218291143,6.55552366449628,6.44060636216332,6.51357459941111
220,Oracle Vector,1340,5,Additive0.015,560120,512,3,6.55269561968108,6.55944612434355,6.58269561968108,,6.44063588489868,6.48679218291143,6.55552366449628,6.44060636216332,6.51357459941111
220,Vector,1340,5,Additive0.015,750400,669,5,6.54437326347614,6.55944612434355,6.57437326347614,,6.44063588489868,6.48679218291143,6.55552366449628,6.44060636216332,6.51357459941111
220,Value,1340,5,Additive0.015,174709,822,13,6.54378530386978,6.55944612434355,6.57378530386978,,6.44063588489868,6.48679218291143,6.55552366449628,6.44060636216332,6.51357459941111
220,Dist L1,1340,5,Additive0.015,174733,861,13,6.54437326347614,6.55944612434355,6.57437326347614,,6.44063588489868,6.48679218291143,6.55552366449628,6.44060636216332,6.51357459941111
221,Oracle,1340,5,Additive0.015,13400,10,1,6.54700718369214,6.55967333565667,6.57700718369213,,6.44052864311649,6.48705781130779,6.55554611295104,6.44165282485943,6.51283216881318
221,Oracle Vector,1340,5,Additive0.015,560120,512,3,6.55269561968108,6.55967333565667,6.58269561968108,,6.44052864311649,6.48705781130779,6.55554611295104,6.44165282485943,6.51283216881318
221,Value,1340,5,Additive0.015,174709,822,13,6.54378530386978,6.55967333565667,6.57378530386978,,6.44052864311649,6.48705781130779,6.55554611295104,6.44165282485943,6.51283216881318
221,Vector,1340,5,Additive0.015,750400,669,5,6.54437326347614,6.55967333565667,6.57437326347614,,6.44052864311649,6.48705781130779,6.55554611295104,6.44165282485943,6.51283216881318
221,Dist L1,1340,5,Additive0.015,174733,861,13,6.54437326347614,6.55967333565667,6.57437326347614,,6.44052864311649,6.48705781130779,6.55554611295104,6.44165282485943,6.51283216881318
222,Oracle,1340,5,Additive0.015,13400,10,1,6.54700718369214,6.55947599160942,6.57700718369213,,6.44027340723145,6.48708207765586,6.55461830336761,6.4414252719626,6.51250565528562
222,Oracle Vector,1340,5,Additive0.015,560120,512,3,6.55269561968108,6.55947599160942,6.58269561968108,,6.44027340723145,6.48708207765586,6.55461830336761,6.4414252719626,6.51250565528562
222,Vector,1340,5,Additive0.015,750400,669,5,6.54437326347614,6.55947599160942,6.57437326347614,,6.44027340723145,6.48708207765586,6.55461830336761,6.4414252719626,6.51250565528562
222,Value,1340,5,Additive0.015,174709,822,13,6.54378530386978,6.55947599160942,6.57378530386978,,6.44027340723145,6.48708207765586,6.55461830336761,6.4414252719626,6.51250565528562
222,Dist L1,1340,5,Additive0.015,174733,861,13,6.54437326347614,6.55947599160942,6.57437326347614,,6.44027340723145,6.48708207765586,6.55461830336761,6.4414252719626,6.51250565528562
223,Oracle,1340,5,Additive0.015,13400,10,1,6.54700718369214,6.55955739562951,6.57700718369213,,6.44098136520164,6.48844306613807,6.55451906691926,6.44039568556833,6.51208766376604
223,Oracle Vector,1340,5,Additive0.015,560120,512,3,6.55269561968108,6.55955739562951,6.58269561968108,,6.44098136520164,6.48844306613807,6.55451906691926,6.44039568556833,6.51208766376604
223,Vector,1340,5,Additive0.015,750400,669,5,6.54437326347614,6.55955739562951,6.57437326347614,,6.44098136520164,6.48844306613807,6.55451906691926,6.44039568556833,6.51208766376604
223,Value,1340,5,Additive0.015,174709,822,13,6.54378530386978,6.55955739562951,6.57378530386978,,6.44098136520164,6.48844306613807,6.55451906691926,6.44039568556833,6.51208766376604
223,Dist L1,1340,5,Additive0.015,174733,861,13,6.54437326347614,6.55955739562951,6.57437326347614,,6.44098136520164,6.48844306613807,6.55451906691926,6.44039568556833,6.51208766376604
224,Oracle,1340,5,Additive0.015,13400,10,1,6.54700718369214,6.55987377095341,6.57700718369213,,6.44192694448601,6.4900262875675,6.55441987134547,6.43969479432345,6.51180064454095
224,Oracle Vector,1340,5,Additive0.015,560120,512,3,6.55269561968108,6.55987377095341,6.58269561968108,,6.44192694448601,6.4900262875675,6.55441987134547,6.43969479432345,6.51180064454095
224,Value,1340,5,Additive0.015,174709,822,13,6.54378530386978,6.55987377095341,6.57378530386978,,6.44192694448601,6.4900262875675,6.55441987134547,6.43969479432345,6.51180064454095
224,Vector,1340,5,Additive0.015,750400,669,5,6.54437326347614,6.55987377095341,6.57437326347614,,6.44192694448601,6.4900262875675,6.55441987134547,6.43969479432345,6.51180064454095
224,Dist L1,1340,5,Additive0.015,174733,861,13,6.54437326347614,6.55987377095341,6.57437326347614,,6.44192694448601,6.4900262875675,6.55441987134547,6.43969479432345,6.51180064454095
225,Oracle,1340,5,Additive0.015,13400,10,1,6.54700718369214,6.56028658780119,6.57700718369213,,6.44257718067817,6.49123095777805,6.55531552125338,6.43934613335725,6.51154637445751
225,Oracle Vector,1340,5,Additive0.015,560120,512,3,6.55269561968108,6.56028658780119,6.58269561968108,,6.44257718067817,6.49123095777805,6.55531552125338,6.43934613335725,6.51154637445751
225,Vector,1340,5,Additive0.015,750400,669,5,6.54437326347614,6.56028658780118,6.57437326347614,,6.44257718067817,6.49123095777805,6.55531552125338,6.43934613335725,6.51154637445751
225,Value,1340,5,Additive0.015,174709,822,13,6.54378530386978,6.56028658780119,6.57378530386978,,6.44257718067817,6.49123095777805,6.55531552125338,6.43934613335725,6.51154637445751
225,Dist L1,1340,5,Additive0.015,174733,861,13,6.54437326347614,6.56028658780119,6.57437326347614,,6.44257718067817,6.49123095777805,6.55531552125338,6.43934613335725,6.51154637445751
226,Oracle,1340,5,Additive0.015,13400,10,1,6.54700718369214,6.56021933777903,6.57700718369213,,6.44189227929197,6.4908033281349,6.55511760093224,6.43788427416068,6.51108719321907
226,Value,1340,5,Additive0.015,174709,822,13,6.54378530386978,6.56021933777903,6.57378530386978,,6.44189227929197,6.4908033281349,6.55511760093224,6.43788427416069,6.51108719321907
226,Vector,1340,5,Additive0.015,750400,669,5,6.54437326347614,6.56021933777903,6.57437326347614,,6.44189227929197,6.4908033281349,6.55511760093224,6.43788427416069,6.51108719321907
226,Oracle Vector,1340,5,Additive0.015,565480,517,3,6.55269561968108,6.56021933777903,6.58269561968108,,6.44189227929197,6.4908033281349,6.55511760093224,6.43788427416069,6.51108719321907
226,Dist L1,1340,5,Additive0.015,174733,861,13,6.54437326347614,6.56021933777903,6.57437326347614,,6.44189227929197,6.4908033281349,6.55511760093224,6.43788427416069,6.51108719321907
227,Oracle,1340,5,Additive0.015,13400,10,1,6.54700718369214,6.5612080587583,6.57700718369213,,6.44187049694192,6.49310161254588,6.55567609264905,6.43894493892568,6.51184896304987
227,Oracle Vector,1340,5,Additive0.015,565480,517,3,6.55269561968108,6.5612080587583,6.58269561968108,,6.44187049694192,6.49310161254588,6.55567609264905,6.43894493892568,6.51184896304987
227,Value,1340,5,Additive0.015,174709,822,13,6.54378530386978,6.5612080587583,6.57378530386978,,6.44187049694192,6.49310161254588,6.55567609264905,6.43894493892568,6.51184896304987
227,Vector,1340,5,Additive0.015,750400,669,5,6.54437326347614,6.5612080587583,6.57437326347614,,6.44187049694192,6.49310161254588,6.55567609264905,6.43894493892568,6.51184896304987
227,Dist L1,1340,5,Additive0.015,174733,861,13,6.54437326347614,6.5612080587583,6.57437326347614,,6.44187049694192,6.49310161254588,6.55567609264905,6.43894493892568,6.51184896304987
228,Oracle,1340,5,Additive0.015,13400,10,1,6.54700718369214,6.56053107747611,6.57700718369213,,6.44086727547347,6.49237628835528,6.5552981402856,6.43887984357364,6.5109793432908
228,Oracle Vector,1340,5,Additive0.015,565480,517,3,6.55269561968108,6.56053107747611,6.58269561968108,,6.44086727547347,6.49237628835528,6.5552981402856,6.43887984357364,6.5109793432908
228,Vector,1340,5,Additive0.015,750400,669,5,6.54437326347614,6.56053107747611,6.57437326347614,,6.44086727547347,6.49237628835528,6.5552981402856,6.43887984357364,6.5109793432908
228,Value,1340,5,Additive0.015,174709,822,13,6.54378530386978,6.56053107747611,6.57378530386978,,6.44086727547347,6.49237628835528,6.5552981402856,6.43887984357364,6.5109793432908
228,Dist L1,1340,5,Additive0.015,174733,861,13,6.54437326347614,6.56053107747611,6.57437326347614,,6.44086727547347,6.49237628835528,6.5552981402856,6.43887984357364,6.5109793432908
229,Oracle,1340,5,Additive0.015,13400,10,1,6.54700718369214,6.56051057592464,6.57700718369213,,6.44122597272046,6.49157829967687,6.55574920052116,6.43864787065432,6.51073717866064
229,Oracle Vector,1340,5,Additive0.015,565480,517,3,6.55269561968108,6.56051057592464,6.58269561968108,,6.44122597272046,6.49157829967687,6.55574920052116,6.43864787065432,6.51073717866064
229,Vector,1340,5,Additive0.015,750400,669,5,6.54437326347614,6.56051057592464,6.57437326347614,,6.44122597272046,6.49157829967687,6.55574920052116,6.43864787065432,6.51073717866064
229,Value,1340,5,Additive0.015,174709,822,13,6.54378530386978,6.56051057592464,6.57378530386978,,6.44122597272046,6.49157829967687,6.55574920052116,6.43864787065432,6.51073717866064
229,Dist L1,1340,5,Additive0.015,174733,861,13,6.54437326347614,6.56051057592464,6.57437326347614,,6.44122597272046,6.49157829967687,6.55574920052116,6.43864787065432,6.51073717866064
230,Oracle,1340,5,Additive0.015,13400,10,1,6.54700718369214,6.56073882326285,6.57700718369213,,6.44126258179739,6.49173559435495,6.55592445727307,6.43879744363427,6.51102478114188
230,Value,1340,5,Additive0.015,174709,822,13,6.54378530386978,6.56073882326285,6.57378530386978,,6.44126258179739,6.49173559435495,6.55592445727307,6.43879744363427,6.51102478114188
230,Oracle Vector,1340,5,Additive0.015,565480,517,3,6.55269561968108,6.56073882326285,6.58269561968108,,6.44126258179739,6.49173559435495,6.55592445727307,6.43879744363427,6.51102478114188
230,Vector,1340,5,Additive0.015,750400,669,5,6.54437326347614,6.56073882326285,6.57437326347614,,6.44126258179739,6.49173559435495,6.55592445727307,6.43879744363427,6.51102478114188
230,Dist L1,1340,5,Additive0.015,174733,861,13,6.54437326347614,6.56073882326285,6.57437326347614,,6.44126258179739,6.49173559435495,6.55592445727307,6.43879744363427,6.51102478114188
231,Oracle,1340,5,Additive0.015,13400,10,1,6.54700718369214,6.56064376415598,6.57700718369213,,6.44185526221267,6.49264998598872,6.55576944472461,6.43857986113103,6.51011756666326
231,Oracle Vector,1340,5,Additive0.015,565480,517,3,6.55269561968108,6.56064376415598,6.58269561968108,,6.44185526221267,6.49264998598872,6.55576944472461,6.43857986113103,6.51011756666326
231,Vector,1340,5,Additive0.015,750400,669,5,6.54437326347614,6.56064376415598,6.57437326347614,,6.44185526221267,6.49264998598872,6.55576944472461,6.43857986113103,6.51011756666326
231,Value,1340,5,Additive0.015,174709,822,13,6.54378530386978,6.56064376415598,6.57378530386978,,6.44185526221267,6.49264998598872,6.55576944472461,6.43857986113103,6.51011756666326
231,Dist L1,1340,5,Additive0.015,174733,861,13,6.54437326347614,6.56064376415598,6.57437326347614,,6.44185526221267,6.49264998598872,6.55576944472461,6.43857986113103,6.51011756666326
232,Oracle,1340,5,Additive0.015,13400,10,1,6.54700718369214,6.56082767738465,6.57700718369213,,6.44167752012713,6.49291943665089,6.55549433915393,6.43931008734169,6.51072009739304
232,Oracle Vector,1340,5,Additive0.015,565480,517,3,6.55269561968108,6.56082767738465,6.58269561968108,,6.44167752012713,6.49291943665089,6.55549433915393,6.43931008734169,6.51072009739304
232,Vector,1340,5,Additive0.015,750400,669,5,6.54437326347614,6.56082767738465,6.57437326347614,,6.44167752012713,6.49291943665089,6.55549433915393,6.43931008734169,6.51072009739304
232,Value,1340,5,Additive0.015,174709,822,13,6.54378530386978,6.56082767738465,6.57378530386978,,6.44167752012713,6.49291943665089,6.55549433915393,6.43931008734169,6.51072009739304
232,Dist L1,1340,5,Additive0.015,174733,861,13,6.54437326347614,6.56082767738465,6.57437326347614,,6.44167752012713,6.49291943665089,6.55549433915393,6.43931008734169,6.51072009739304
233,Oracle,1340,5,Additive0.015,13400,10,1,6.54700718369214,6.56042238390135,6.57700718369213,,6.44158609405587,6.49211676160705,6.55524328679723,6.43879336569807,6.51075286945798
233,Oracle Vector,1340,5,Additive0.015,570840,522,3,6.55269561968108,6.56042238390135,6.58269561968108,,6.44158609405587,6.49211676160705,6.55524328679723,6.43879336569807,6.51075286945798
233,Value,1340,5,Additive0.015,174709,822,13,6.54378530386978,6.56042238390135,6.57378530386978,,6.44158609405587,6.49211676160705,6.55524328679723,6.43879336569807,6.51075286945798
233,Vector,1340,5,Additive0.015,758440,676,5,6.54437326347614,6.56042238390135,6.57437326347614,,6.44158609405587,6.49211676160705,6.55524328679723,6.43879336569807,6.51075286945798
233,Dist L1,1340,5,Additive0.015,174739,868,13,6.54437326347614,6.56042238390135,6.57437326347614,,6.44158609405587,6.49211676160705,6.55524328679723,6.43879336569807,6.51075286945798
234,Oracle,1340,5,Additive0.015,13400,10,1,6.54700718369214,6.5605454882444,6.57700718369213,,6.44275168961868,6.49253241254736,6.55496643573397,6.43861066125913,6.51025461217685
234,Oracle Vector,1340,5,Additive0.015,570840,522,3,6.55269561968108,6.5605454882444,6.58269561968108,,6.44275168961868,6.49253241254737,6.55496643573397,6.43861066125913,6.51025461217685
234,Value,1340,5,Additive0.015,174709,822,13,6.54378530386978,6.5605454882444,6.57378530386978,,6.44275168961868,6.49253241254737,6.55496643573397,6.43861066125913,6.51025461217685
234,Vector,1340,5,Additive0.015,758440,676,5,6.54437326347614,6.5605454882444,6.57437326347614,,6.44275168961868,6.49253241254736,6.55496643573397,6.43861066125913,6.51025461217685
234,Dist L1,1340,5,Additive0.015,174745,875,13,6.54437326347614,6.5605454882444,6.57437326347614,,6.44275168961868,6.49253241254737,6.55496643573397,6.43861066125913,6.51025461217685
235,Oracle,1340,5,Additive0.015,13400,10,1,6.54700718369214,6.56048499260018,6.57700718369213,,6.44331463708574,6.49240054477815,6.55410090450299,6.43811121281793,6.51034758096329
235,Value,1340,5,Additive0.015,174713,827,13,6.54378530386978,6.56048499260018,6.57378530386978,,6.44331463708574,6.49240054477815,6.55410090450299,6.43811121281793,6.51034758096328
235,Oracle Vector,1340,5,Additive0.015,576200,527,3,6.55269561968108,6.56048499260018,6.58269561968108,,6.44331463708574,6.49240054477815,6.55410090450299,6.43811121281793,6.51034758096329
235,Vector,1340,5,Additive0.015,758440,676,5,6.54437326347614,6.56048499260018,6.57437326347614,,6.44331463708574,6.49240054477815,6.55410090450299,6.43811121281793,6.51034758096329
235,Dist L1,1340,5,Additive0.015,174751,883,13,6.54437326347614,6.56048499260018,6.57437326347614,,6.44331463708574,6.49240054477815,6.55410090450299,6.43811121281793,6.51034758096328
236,Oracle,1340,5,Additive0.015,13400,10,1,6.54700718369214,6.56052580047058,6.57700718369213,,6.4442377031616,6.49298978740801,6.5531432630396,6.43757825024077,6.51031553308241
236,Oracle Vector,1340,5,Additive0.015,576200,527,3,6.55269561968108,6.56052580047058,6.58269561968108,,6.4442377031616,6.49298978740801,6.5531432630396,6.43757825024077,6.51031553308241
236,Vector,1340,5,Additive0.015,758440,676,5,6.54437326347614,6.56052580047057,6.57437326347614,,6.4442377031616,6.49298978740801,6.5531432630396,6.43757825024077,6.51031553308241
236,Value,1340,5,Additive0.015,174717,832,13,6.54378530386978,6.56052580047058,6.57378530386978,,6.4442377031616,6.49298978740801,6.5531432630396,6.43757825024077,6.51031553308241
236,Dist L1,1340,5,Additive0.015,174759,893,13,6.54437326347614,6.56052580047057,6.57437326347614,,6.4442377031616,6.49298978740801,6.5531432630396,6.43757825024077,6.51031553308241
237,Oracle,1340,5,Additive0.015,13400,10,1,6.54700718369214,6.56021382940952,6.57700718369213,,6.44453015072567,6.49371782841417,6.55239217625821,6.43691870491993,6.50939617750622
237,Oracle Vector,1340,5,Additive0.015,576200,527,3,6.55269561968108,6.56021382940952,6.58269561968108,,6.44453015072567,6.49371782841417,6.55239217625821,6.43691870491993,6.50939617750622
237,Value,1340,5,Additive0.015,174723,839,13,6.54378530386978,6.56021382940952,6.57378530386978,,6.44453015072567,6.49371782841417,6.55239217625821,6.43691870491993,6.50939617750622
237,Vector,1340,5,Additive0.015,758440,676,5,6.54437326347614,6.56021382940952,6.57437326347614,,6.44453015072567,6.49371782841417,6.55239217625821,6.43691870491993,6.50939617750622
237,Dist L1,1340,5,Additive0.015,188164,914,14,6.54521382940952,6.56021382940952,6.57521382940952,,6.44453015072567,6.49371782841417,6.55239217625821,6.43691870491993,6.50939617750622
238,Oracle,1340,5,Additive0.015,13400,10,1,6.54700718369214,6.56131074910669,6.57700718369213,,6.4457284398554,6.49631965084934,6.55333611319385,6.43694220768643,6.51065000815501
238,Oracle Vector,1340,5,Additive0.015,576200,527,3,6.55269561968108,6.56131074910668,6.58269561968108,,6.4457284398554,6.49631965084934,6.55333611319385,6.43694220768643,6.51065000815501
238,Vector,1340,5,Additive0.015,758440,676,5,6.54437326347614,6.56131074910669,6.57437326347614,,6.4457284398554,6.49631965084934,6.55333611319385,6.43694220768643,6.51065000815501
238,Value,1340,5,Additive0.015,174727,844,13,6.54378530386978,6.56131074910669,6.57378530386978,,6.4457284398554,6.49631965084934,6.55333611319385,6.43694220768643,6.51065000815501
238,Dist L1,1340,5,Additive0.015,188164,914,14,6.54521382940952,6.56131074910669,6.57521382940952,,6.4457284398554,6.49631965084934,6.55333611319385,6.43694220768643,6.51065000815501
239,Oracle,1340,5,Additive0.015,13400,10,1,6.54700718369214,6.56262241640585,6.57700718369213,,6.44733372288807,6.49826329539319,6.5536349332913,6.43731742049751,6.51136623431726
239,Oracle Vector,1340,5,Additive0.015,576200,527,3,6.55269561968108,6.56262241640585,6.58269561968108,,6.44733372288807,6.49826329539319,6.5536349332913,6.43731742049751,6.51136623431726
239,Value,1340,5,Additive0.015,174727,844,13,6.54378530386978,6.56262241640585,6.57378530386978,,6.44733372288807,6.4982632953932,6.5536349332913,6.43731742049751,6.51136623431726
239,Vector,1340,5,Additive0.015,758440,676,5,6.54437326347614,6.56262241640585,6.57437326347614,,6.44733372288807,6.4982632953932,6.5536349332913,6.43731742049751,6.51136623431726
239,Dist L1,1340,5,Additive0.015,188164,914,14,6.54521382940952,6.56262241640585,6.57521382940952,,6.44733372288807,6.4982632953932,6.5536349332913,6.43731742049751,6.51136623431726
240,Oracle,1340,5,Additive0.015,13400,10,1,6.54700718369214,6.5639468106212,6.57700718369213,,6.44891996293079,6.49985200473639,6.55522562487669,6.43846329250921,6.51139737444843
240,Oracle Vector,1340,5,Additive0.015,576200,527,3,6.55269561968108,6.5639468106212,6.58269561968108,,6.44891996293079,6.49985200473639,6.55522562487669,6.43846329250921,6.51139737444843
240,Value,1340,5,Additive0.015,174731,849,13,6.54378530386978,6.5639468106212,6.57378530386978,,6.44891996293079,6.49985200473639,6.55522562487669,6.43846329250921,6.51139737444843
240,Vector,1340,5,Additive0.015,763800,681,5,6.54437326347614,6.5639468106212,6.57437326347614,,6.44891996293079,6.4998520047364,6.55522562487669,6.43846329250921,6.51139737444843
240,Dist L1,1340,5,Additive0.015,188164,914,14,6.54521382940952,6.5639468106212,6.57521382940952,,6.44891996293079,6.4998520047364,6.55522562487669,6.43846329250921,6.51139737444843
241,Oracle,1340,5,Additive0.015,13400,10,1,6.54700718369214,6.56444975166798,6.57700718369213,,6.44888597773589,6.49992335128455,6.55549981280642,6.43837031302951,6.51206023630029
241,Oracle Vector,1340,5,Additive0.015,576200,527,3,6.55269561968108,6.56444975166798,6.58269561968108,,6.44888597773589,6.49992335128454,6.55549981280642,6.43837031302951,6.51206023630029
241,Vector,1340,5,Additive0.015,769160,686,5,6.54437326347614,6.56444975166798,6.57437326347614,,6.44888597773589,6.49992335128455,6.55549981280642,6.43837031302951,6.51206023630029
241,Value,1340,5,Additive0.015,174735,854,13,6.54378530386978,6.56444975166798,6.57378530386978,,6.44888597773589,6.49992335128454,6.55549981280642,6.43837031302951,6.51206023630029
241,Dist L1,1340,5,Additive0.015,188164,914,14,6.54521382940952,6.56444975166798,6.57521382940952,,6.44888597773589,6.49992335128454,6.55549981280642,6.43837031302951,6.51206023630029
242,Oracle,1340,5,Additive0.015,13400,10,1,6.54700718369214,6.56509698116808,6.57700718369213,,6.44971456658835,6.50045860227869,6.55662341980876,6.43763886440087,6.51306456338461
242,Vector,1340,5,Additive0.015,769160,686,5,6.54437326347614,6.56509698116808,6.57437326347614,,6.44971456658835,6.50045860227869,6.55662341980876,6.43763886440087,6.51306456338461
242,Value,1340,5,Additive0.015,174743,864,13,6.54378530386978,6.56509698116808,6.57378530386978,,6.44971456658835,6.50045860227869,6.55662341980876,6.43763886440087,6.51306456338461
242,Oracle Vector,1340,5,Additive0.015,581560,532,3,6.55269561968108,6.56509698116808,6.58269561968108,,6.44971456658835,6.50045860227869,6.55662341980876,6.43763886440087,6.51306456338461
242,Dist L1,1340,5,Additive0.015,188164,914,14,6.54521382940952,6.56509698116808,6.57521382940952,,6.44971456658835,6.50045860227869,6.55662341980876,6.43763886440087,6.51306456338461
243,Oracle,1340,5,Additive0.015,13400,10,1,6.54700718369214,6.56562314494993,6.57700718369213,,6.45059206923158,6.50092194784929,6.55587458820208,6.43767760825432,6.51316299252162
243,Oracle Vector,1340,5,Additive0.015,581560,532,3,6.55269561968108,6.56562314494993,6.58269561968108,,6.45059206923158,6.50092194784929,6.55587458820208,6.43767760825432,6.51316299252162
243,Value,1340,5,Additive0.015,174743,864,13,6.54378530386978,6.56562314494993,6.57378530386978,,6.45059206923158,6.50092194784929,6.55587458820208,6.43767760825432,6.51316299252162
243,Vector,1340,5,Additive0.015,774520,691,5,6.54437326347614,6.56562314494993,6.57437326347614,,6.45059206923158,6.50092194784929,6.55587458820208,6.43767760825432,6.51316299252162
243,Dist L1,1340,5,Additive0.015,188164,914,14,6.54521382940952,6.56562314494993,6.57521382940952,,6.45059206923158,6.50092194784929,6.55587458820208,6.43767760825432,6.51316299252162
244,Oracle,1340,5,Additive0.015,13400,10,1,6.54700718369214,6.56606034399379,6.57700718369213,,6.45070726722896,6.50156229806982,6.55524051384897,6.43750462020953,6.51378652402038
244,Oracle Vector,1340,5,Additive0.015,581560,532,3,6.55269561968108,6.56606034399378,6.58269561968108,,6.45070726722896,6.50156229806982,6.55524051384897,6.43750462020953,6.51378652402038
244,Value,1340,5,Additive0.015,174751,874,13,6.54378530386978,6.56606034399378,6.57378530386978,,6.45070726722896,6.50156229806982,6.55524051384897,6.43750462020953,6.51378652402038
244,Vector,1340,5,Additive0.015,782560,699,5,6.54437326347614,6.56606034399378,6.57437326347614,,6.45070726722896,6.50156229806982,6.55524051384897,6.43750462020953,6.51378652402038
244,Dist L1,1340,5,Additive0.015,188164,914,14,6.54521382940952,6.56606034399378,6.57521382940952,,6.45070726722896,6.50156229806982,6.55524051384897,6.43750462020953,6.51378652402038
245,Oracle,1340,5,Additive0.015,13400,10,1,6.54700718369214,6.56678072991152,6.57700718369213,,6.45179803222097,6.50181278279702,6.55550307111944,6.43800981888516,6.51437787503953
245,Value,1340,5,Additive0.015,174761,887,13,6.54378530386978,6.56678072991152,6.57378530386978,,6.45179803222097,6.50181278279702,6.55550307111944,6.43800981888517,6.51437787503953
245,Oracle Vector,1340,5,Additive0.015,586920,537,3,6.55269561968108,6.56678072991152,6.58269561968108,,6.45179803222097,6.50181278279702,6.55550307111944,6.43800981888516,6.51437787503953
245,Vector,1340,5,Additive0.015,793280,709,5,6.54437326347614,6.56678072991153,6.57437326347614,,6.45179803222097,6.50181278279702,6.55550307111944,6.43800981888517,6.51437787503953
245,Dist L1,1340,5,Additive0.015,188168,919,14,6.54521382940952,6.56678072991152,6.57521382940952,,6.45179803222097,6.50181278279702,6.55550307111944,6.43800981888517,6.51437787503953
246,Oracle,1340,5,Additive0.015,13400,10,1,6.54700718369214,6.56725428345819,6.57700718369213,,6.45381763794851,6.50171100744811,6.55545381199049,6.43727718001829,6.5144332178385
246,Oracle Vector,1340,5,Additive0.015,592280,542,3,6.55269561968108,6.56725428345819,6.58269561968108,,6.45381763794851,6.50171100744811,6.55545381199049,6.43727718001829,6.5144332178385
246,Dist L1,1340,5,Additive0.015,188168,919,14,6.54521382940952,6.56725428345819,6.57521382940952,,6.45381763794851,6.50171100744811,6.55545381199049,6.43727718001829,6.5144332178385
246,Value,1340,5,Additive0.015,188170,913,14,6.55225428345819,6.56725428345819,6.58225428345819,,6.45381763794851,6.50171100744811,6.55545381199049,6.43727718001829,6.5144332178385
246,Vector,1340,5,Additive0.015,806680,720,6,6.55225428345819,6.56725428345819,6.58225428345819,,6.45381763794851,6.50171100744811,6.55545381199049,6.4372771800183,6.5144332178385
247,Oracle,1340,5,Additive0.015,13400,10,1,6.54700718369214,6.56857536626079,6.57700718369213,,6.45503975525137,6.5025715437326,6.55586603731985,6.43799722959397,6.51487055949265
247,Value,1340,5,Additive0.015,188170,913,14,6.55225428345819,6.56857536626079,6.58225428345819,,6.45503975525138,6.5025715437326,6.55586603731985,6.43799722959397,6.51487055949265
247,Vector,1340,5,Additive0.015,806680,720,6,6.55225428345819,6.56857536626079,6.58225428345819,,6.45503975525138,6.5025715437326,6.55586603731985,6.43799722959397,6.51487055949265
247,Oracle Vector,1340,5,Additive0.015,605680,554,3,6.55269561968108,6.56857536626079,6.58269561968108,,6.45503975525138,6.5025715437326,6.55586603731985,6.43799722959397,6.51487055949265
247,Dist L1,1340,5,Additive0.015,188172,924,14,6.54521382940952,6.56857536626079,6.57521382940952,,6.45503975525138,6.50257154373259,6.55586603731985,6.43799722959397,6.51487055949265
248,Oracle,1340,5,Additive0.015,13400,10,1,6.54700718369214,6.57030659250893,6.57700718369213,,6.45696111744146,6.50449466898842,6.55598540629511,6.43947536297021,6.51553376776117
248,Vector,1340,5,Additive0.015,806680,720,6,6.55225428345819,6.57030659250893,6.58225428345819,,6.45696111744146,6.50449466898842,6.55598540629511,6.43947536297021,6.51553376776117
248,Value,1340,5,Additive0.015,188170,913,14,6.55225428345819,6.57030659250893,6.58225428345819,,6.45696111744146,6.50449466898842,6.55598540629511,6.43947536297021,6.51553376776117
248,Oracle Vector,1340,5,Additive0.015,613720,561,3,6.55269561968108,6.57030659250893,6.58269561968108,,6.45696111744146,6.50449466898842,6.55598540629511,6.43947536297021,6.51553376776117
248,Dist L1,1340,5,Additive0.015,188176,929,14,6.54521382940952,6.57030659250893,6.57521382940952,,6.45696111744146,6.50449466898842,6.55598540629511,6.43947536297021,6.51553376776117
249,Oracle,1340,5,Additive0.015,13400,10,1,6.54700718369214,6.57258326239155,6.57700718369213,,6.45892342603201,6.50741076673281,6.55679378952287,6.44047971486283,6.51683092135565
249,Value,1340,5,Additive0.015,188170,913,14,6.55225428345819,6.57258326239155,6.58225428345819,,6.45892342603201,6.50741076673281,6.55679378952287,6.44047971486283,6.51683092135565
249,Vector,1340,5,Additive0.015,806680,720,6,6.55225428345819,6.57258326239155,6.58225428345819,,6.45892342603201,6.50741076673281,6.55679378952287,6.44047971486283,6.51683092135565
249,Oracle Vector,1340,5,Additive0.015,627120,571,4,6.55758326239155,6.57258326239155,6.58758326239155,,6.45892342603201,6.50741076673281,6.55679378952287,6.44047971486283,6.51683092135565
249,Dist L1,1340,5,Additive0.015,201581,952,15,6.55758326239155,6.57258326239155,6.58758326239155,,6.45892342603201,6.50741076673281,6.55679378952287,6.44047971486283,6.51683092135565
250,Oracle,1340,5,Additive0.015,13400,10,1,6.54700718369214,6.57492469188103,6.57700718369213,,6.46113722706111,6.50948729851347,6.55789105995477,6.44172907691153,6.51806416300452
250,Oracle Vector,1340,5,Additive0.015,627120,571,4,6.55758326239155,6.57492469188103,6.58758326239155,,6.46113722706111,6.50948729851347,6.55789105995477,6.44172907691153,6.51806416300452
250,Value,1340,5,Additive0.015,188170,913,14,6.55225428345819,6.57492469188103,6.58225428345819,,6.46113722706111,6.50948729851347,6.55789105995477,6.44172907691153,6.51806416300452
250,Vector,1340,5,Additive0.015,806680,720,6,6.55225428345819,6.57492469188103,6.58225428345819,,6.46113722706111,6.50948729851347,6.55789105995477,6.44172907691153,6.51806416300452
250,Dist L1,1340,5,Additive0.015,201581,952,15,6.55758326239155,6.57492469188103,6.58758326239155,,6.46113722706111,6.50948729851347,6.55789105995477,6.44172907691153,6.51806416300452
251,Oracle,1340,5,Additive0.015,13400,10,1,6.54700718369214,6.57529591443612,6.57700718369213,,6.46219985788608,6.51113062810364,6.55666460072672,6.44084986557151,6.51752149875333
251,Oracle Vector,1340,5,Additive0.015,627120,571,4,6.55758326239155,6.57529591443612,6.58758326239155,,6.46219985788608,6.51113062810364,6.55666460072672,6.44084986557151,6.51752149875333
251,Vector,1340,5,Additive0.015,806680,720,6,6.55225428345819,6.57529591443612,6.58225428345819,,6.46219985788608,6.51113062810364,6.55666460072672,6.44084986557151,6.51752149875333
251,Value,1340,5,Additive0.015,188170,913,14,6.55225428345819,6.57529591443612,6.58225428345819,,6.46219985788608,6.51113062810364,6.55666460072672,6.44084986557151,6.51752149875333
251,Dist L1,1340,5,Additive0.015,201581,952,15,6.55758326239155,6.57529591443612,6.58758326239155,,6.46219985788608,6.51113062810364,6.55666460072672,6.44084986557151,6.51752149875333
252,Oracle,1340,5,Additive0.015,13400,10,1,6.54700718369214,6.57531088426534,6.57700718369213,,6.46201858730019,6.51147606276066,6.55614441475327,6.4412180387407,6.5172432386327
252,Oracle Vector,1340,5,Additive0.015,627120,571,4,6.55758326239155,6.57531088426534,6.58758326239155,,6.46201858730019,6.51147606276066,6.55614441475327,6.4412180387407,6.5172432386327
252,Value,1340,5,Additive0.015,188170,913,14,6.55225428345819,6.57531088426534,6.58225428345819,,6.46201858730019,6.51147606276066,6.55614441475327,6.4412180387407,6.5172432386327
252,Vector,1340,5,Additive0.015,806680,720,6,6.55225428345819,6.57531088426534,6.58225428345819,,6.46201858730019,6.51147606276066,6.55614441475327,6.4412180387407,6.5172432386327
252,Dist L1,1340,5,Additive0.015,201581,952,15,6.55758326239155,6.57531088426534,6.58758326239155,,6.46201858730019,6.51147606276066,6.55614441475327,6.4412180387407,6.5172432386327
253,Oracle,1340,5,Additive0.015,13400,10,1,6.54700718369214,6.57528164228481,6.57700718369213,,6.46170526555702,6.51085719632265,6.55575705798323,6.44191171551908,6.51770220164967
253,Oracle Vector,1340,5,Additive0.015,627120,571,4,6.55758326239155,6.57528164228481,6.58758326239155,,6.46170526555702,6.51085719632265,6.55575705798323,6.44191171551908,6.51770220164967
253,Value,1340,5,Additive0.015,188170,913,14,6.55225428345819,6.57528164228481,6.58225428345819,,6.46170526555702,6.51085719632265,6.55575705798323,6.44191171551908,6.51770220164967
253,Vector,1340,5,Additive0.015,806680,720,6,6.55225428345819,6.57528164228481,6.58225428345819,,6.46170526555702,6.51085719632265,6.55575705798323,6.44191171551908,6.51770220164967
253,Dist L1,1340,5,Additive0.015,201581,952,15,6.55758326239155,6.57528164228481,6.58758326239155,,6.46170526555702,6.51085719632265,6.55575705798323,6.44191171551908,6.51770220164967
254,Oracle,1340,5,Additive0.015,13400,10,1,6.54700718369214,6.57550387851014,6.57700718369213,,6.46225457718375,6.51060696348416,6.55521397804764,6.4414200756044,6.51845290705536
254,Oracle Vector,1340,5,Additive0.015,627120,571,4,6.55758326239155,6.57550387851014,6.58758326239155,,6.46225457718375,6.51060696348416,6.55521397804764,6.4414200756044,6.51845290705535
254,Vector,1340,5,Additive0.015,806680,720,6,6.55225428345819,6.57550387851014,6.58225428345819,,6.46225457718375,6.51060696348416,6.55521397804764,6.4414200756044,6.51845290705535
254,Value,1340,5,Additive0.015,188170,913,14,6.55225428345819,6.57550387851014,6.58225428345819,,6.46225457718375,6.51060696348416,6.55521397804764,6.4414200756044,6.51845290705535
254,Dist L1,1340,5,Additive0.015,201581,952,15,6.55758326239155,6.57550387851014,6.58758326239155,,6.46225457718375,6.51060696348416,6.55521397804764,6.4414200756044,6.51845290705535
255,Oracle,1340,5,Additive0.015,13400,10,1,6.54700718369214,6.57513915495977,6.57700718369213,,6.46151131944307,6.5098440140688,6.55464812773188,6.44089916455255,6.51849855642217
255,Oracle Vector,1340,5,Additive0.015,627120,571,4,6.55758326239155,6.57513915495977,6.58758326239155,,6.46151131944307,6.5098440140688,6.55464812773188,6.44089916455255,6.51849855642217
255,Vector,1340,5,Additive0.015,806680,720,6,6.55225428345819,6.57513915495977,6.58225428345819,,6.46151131944307,6.5098440140688,6.55464812773188,6.44089916455255,6.51849855642217
255,Value,1340,5,Additive0.015,188170,913,14,6.55225428345819,6.57513915495977,6.58225428345819,,6.46151131944307,6.5098440140688,6.55464812773188,6.44089916455255,6.51849855642218
255,Dist L1,1340,5,Additive0.015,201581,952,15,6.55758326239155,6.57513915495977,6.58758326239155,,6.46151131944307,6.5098440140688,6.55464812773188,6.44089916455255,6.51849855642218
256,Oracle,1340,5,Additive0.015,13400,10,1,6.54700718369214,6.57504273968489,6.57700718369213,,6.46174489351555,6.5099359091865,6.5542218972509,6.4402075439895,6.51798788735481
256,Oracle Vector,1340,5,Additive0.015,627120,571,4,6.55758326239155,6.57504273968489,6.58758326239155,,6.46174489351555,6.5099359091865,6.5542218972509,6.4402075439895,6.51798788735481
256,Vector,1340,5,Additive0.015,806680,720,6,6.55225428345819,6.57504273968489,6.58225428345819,,6.46174489351555,6.5099359091865,6.5542218972509,6.4402075439895,6.51798788735481
256,Value,1340,5,Additive0.015,188170,913,14,6.55225428345819,6.57504273968489,6.58225428345819,,6.46174489351555,6.5099359091865,6.5542218972509,6.4402075439895,6.51798788735481
256,Dist L1,1340,5,Additive0.015,201581,952,15,6.55758326239155,6.57504273968489,6.58758326239155,,6.46174489351555,6.5099359091865,6.5542218972509,6.4402075439895,6.51798788735481
257,Oracle,1340,5,Additive0.015,13400,10,1,6.54700718369214,6.57489980687484,6.57700718369213,,6.46060205186918,6.51034963832571,6.55377561290577,6.43988893248095,6.51830279337949
257,Oracle Vector,1340,5,Additive0.015,627120,571,4,6.55758326239155,6.57489980687484,6.58758326239155,,6.46060205186918,6.51034963832571,6.55377561290577,6.43988893248096,6.51830279337949
257,Value,1340,5,Additive0.015,188170,913,14,6.55225428345819,6.57489980687484,6.58225428345819,,6.46060205186918,6.51034963832571,6.55377561290577,6.43988893248095,6.51830279337949
257,Vector,1340,5,Additive0.015,806680,720,6,6.55225428345819,6.57489980687484,6.58225428345819,,6.46060205186918,6.51034963832571,6.55377561290577,6.43988893248096,6.51830279337949
257,Dist L1,1340,5,Additive0.015,201581,952,15,6.55758326239155,6.57489980687484,6.58758326239155,,6.46060205186918,6.51034963832571,6.55377561290577,6.43988893248095,6.51830279337949
258,Oracle,1340,5,Additive0.015,13400,10,1,6.54700718369214,6.57481166999217,6.57700718369213,,6.46077965387338,6.51033044091328,6.55244902181259,6.43924103190524,6.51832341417522
258,Oracle Vector,1340,5,Additive0.015,627120,571,4,6.55758326239155,6.57481166999217,6.58758326239155,,6.46077965387338,6.51033044091328,6.55244902181259,6.43924103190524,6.51832341417522
258,Value,1340,5,Additive0.015,188174,918,14,6.55225428345819,6.57481166999217,6.58225428345819,,6.46077965387338,6.51033044091328,6.55244902181259,6.43924103190524,6.51832341417522
258,Vector,1340,5,Additive0.015,812040,725,6,6.55225428345819,6.57481166999217,6.58225428345819,,6.46077965387338,6.51033044091328,6.55244902181259,6.43924103190524,6.51832341417522
258,Dist L1,1340,5,Additive0.015,201581,952,15,6.55758326239155,6.57481166999217,6.58758326239155,,6.46077965387338,6.51033044091328,6.55244902181259,6.43924103190524,6.51832341417522
259,Oracle,1340,5,Additive0.015,13400,10,1,6.54700718369214,6.57565725629187,6.57700718369213,,6.46153892012685,6.51062306196797,6.55215230377557,6.43919167178078,6.51926934605605
259,Oracle Vector,1340,5,Additive0.015,627120,571,4,6.55758326239155,6.57565725629187,6.58758326239155,,6.46153892012685,6.51062306196797,6.55215230377557,6.43919167178078,6.51926934605605
259,Value,1340,5,Additive0.015,188174,918,14,6.55225428345819,6.57565725629187,6.58225428345819,,6.46153892012685,6.51062306196797,6.55215230377557,6.43919167178078,6.51926934605605
259,Vector,1340,5,Additive0.015,812040,725,6,6.55225428345819,6.57565725629187,6.58225428345819,,6.46153892012685,6.51062306196797,6.55215230377557,6.43919167178078,6.51926934605605
259,Dist L1,1340,5,Additive0.015,201581,952,15,6.55758326239155,6.57565725629187,6.58758326239155,,6.46153892012685,6.51062306196797,6.55215230377557,6.43919167178078,6.51926934605605
260,Oracle,1340,5,Additive0.015,13400,10,1,6.54700718369214,6.57636012185283,6.57700718369213,,6.46328035639233,6.51042454223549,6.55271285876529,6.43874205378501,6.51909247893171
260,Oracle Vector,1340,5,Additive0.015,627120,571,4,6.55758326239155,6.57636012185282,6.58758326239155,,6.46328035639233,6.51042454223549,6.55271285876529,6.43874205378501,6.51909247893171
260,Value,1340,5,Additive0.015,188180,925,14,6.55225428345819,6.57636012185282,6.58225428345819,,6.46328035639233,6.51042454223549,6.55271285876529,6.43874205378501,6.51909247893171
260,Vector,1340,5,Additive0.015,820080,732,6,6.55225428345819,6.57636012185282,6.58225428345819,,6.46328035639233,6.51042454223549,6.55271285876529,6.43874205378502,6.51909247893171
260,Dist L1,1340,5,Additive0.015,201585,957,15,6.55758326239155,6.57636012185282,6.58758326239155,,6.46328035639233,6.51042454223549,6.55271285876529,6.43874205378501,6.51909247893171
261,Oracle,1340,5,Additive0.015,13400,10,1,6.54700718369214,6.57628826245983,6.57700718369213,,6.46366975903279,6.51101365142126,6.55209697620455,6.4382468405651,6.51857141060724
261,Oracle Vector,1340,5,Additive0.015,627120,571,4,6.55758326239155,6.57628826245983,6.58758326239155,,6.46366975903279,6.51101365142126,6.55209697620455,6.4382468405651,6.51857141060724
261,Value,1340,5,Additive0.015,188188,935,14,6.55225428345819,6.57628826245983,6.58225428345819,,6.46366975903279,6.51101365142126,6.55209697620455,6.4382468405651,6.51857141060724
261,Vector,1340,5,Additive0.015,825440,737,6,6.55225428345819,6.57628826245983,6.58225428345819,,6.46366975903279,6.51101365142126,6.55209697620455,6.4382468405651,6.51857141060725
261,Dist L1,1340,5,Additive0.015,201585,957,15,6.55758326239155,6.57628826245983,6.58758326239155,,6.46366975903279,6.51101365142127,6.55209697620455,6.4382468405651,6.51857141060724
262,Oracle,1340,5,Additive0.015,13400,10,1,6.54700718369214,6.57629434074682,6.57700718369213,,6.46475348670622,6.51056701560805,6.55128674067132,6.43697121223244,6.51867207598897
262,Oracle Vector,1340,5,Additive0.015,627120,571,4,6.55758326239155,6.57629434074682,6.58758326239155,,6.46475348670622,6.51056701560805,6.55128674067132,6.43697121223244,6.51867207598897
262,Value,1340,5,Additive0.015,188194,943,14,6.55225428345819,6.57629434074682,6.58225428345819,,6.46475348670622,6.51056701560805,6.55128674067132,6.43697121223244,6.51867207598897
262,Vector,1340,5,Additive0.015,830800,742,6,6.55225428345819,6.57629434074682,6.58225428345819,,6.46475348670622,6.51056701560805,6.55128674067132,6.43697121223244,6.51867207598897
262,Dist L1,1340,5,Additive0.015,201585,957,15,6.55758326239155,6.57629434074682,6.58758326239155,,6.46475348670622,6.51056701560805,6.55128674067132,6.43697121223244,6.51867207598897
263,Oracle,1340,5,Additive0.015,13400,10,1,6.54700718369214,6.57622848505758,6.57700718369213,,6.46503417414947,6.51057911121811,6.5512185119469,6.43656333051495,6.51825399137198
263,Oracle Vector,1340,5,Additive0.015,627120,571,4,6.55758326239155,6.57622848505758,6.58758326239155,,6.46503417414947,6.51057911121811,6.5512185119469,6.43656333051495,6.51825399137198
263,Value,1340,5,Additive0.015,188194,943,14,6.55225428345819,6.57622848505759,6.58225428345819,,6.46503417414947,6.51057911121811,6.5512185119469,6.43656333051495,6.51825399137198
263,Vector,1340,5,Additive0.015,830800,742,6,6.55225428345819,6.57622848505759,6.58225428345819,,6.46503417414947,6.51057911121811,6.5512185119469,6.43656333051495,6.51825399137198
263,Dist L1,1340,5,Additive0.015,201585,957,15,6.55758326239155,6.57622848505758,6.58758326239155,,6.46503417414947,6.51057911121811,6.5512185119469,6.43656333051495,6.51825399137198
264,Oracle,1340,5,Additive0.015,13400,10,1,6.54700718369214,6.57592710966317,6.57700718369213,,6.46400593517,6.51085073342297,6.55006285571459,6.43573762277317,6.51802668701666
264,Oracle Vector,1340,5,Additive0.015,627120,571,4,6.55758326239155,6.57592710966317,6.58758326239155,,6.46400593517,6.51085073342297,6.55006285571459,6.43573762277317,6.51802668701666
264,Value,1340,5,Additive0.015,188198,948,14,6.55225428345819,6.57592710966317,6.58225428345819,,6.46400593517,6.51085073342297,6.55006285571459,6.43573762277317,6.51802668701666
264,Vector,1340,5,Additive0.015,836160,747,6,6.55225428345819,6.57592710966317,6.58225428345819,,6.46400593517,6.51085073342297,6.55006285571459,6.43573762277317,6.51802668701666
264,Dist L1,1340,5,Additive0.015,201585,957,15,6.55758326239155,6.57592710966317,6.58758326239155,,6.46400593517,6.51085073342297,6.55006285571459,6.43573762277317,6.51802668701666
265,Oracle,1340,5,Additive0.015,13400,10,1,6.54700718369214,6.57582381032011,6.57700718369213,,6.4638951511261,6.5095193892103,6.54992246479245,6.43551046044814,6.51900021476333
265,Oracle Vector,1340,5,Additive0.015,632480,576,4,6.55758326239155,6.57582381032011,6.58758326239155,,6.46389515112611,6.5095193892103,6.54992246479245,6.43551046044814,6.51900021476333
265,Value,1340,5,Additive0.015,188202,953,14,6.55225428345819,6.57582381032011,6.58225428345819,,6.4638951511261,6.5095193892103,6.54992246479245,6.43551046044814,6.51900021476333
265,Vector,1340,5,Additive0.015,841520,752,6,6.55225428345819,6.57582381032011,6.58225428345819,,6.4638951511261,6.5095193892103,6.54992246479245,6.43551046044814,6.51900021476333
265,Dist L1,1340,5,Additive0.015,201589,962,15,6.55758326239155,6.57582381032011,6.58758326239155,,6.46389515112611,6.5095193892103,6.54992246479245,6.43551046044814,6.51900021476333
266,Oracle,1340,5,Additive0.015,13400,10,1,6.54700718369214,6.57543758572076,6.57700718369213,,6.46438919463801,6.50922750400425,6.54860886218254,6.43390082177865,6.51998481995185
266,Value,1340,5,Additive0.015,188208,960,14,6.55225428345819,6.57543758572076,6.58225428345819,,6.46438919463801,6.50922750400425,6.54860886218254,6.43390082177865,6.51998481995185
266,Oracle Vector,1340,5,Additive0.015,637840,581,4,6.55758326239155,6.57543758572076,6.58758326239155,,6.46438919463801,6.50922750400425,6.54860886218254,6.43390082177865,6.51998481995185
266,Vector,1340,5,Additive0.015,841520,752,6,6.55225428345819,6.57543758572076,6.58225428345819,,6.46438919463801,6.50922750400425,6.54860886218254,6.43390082177865,6.51998481995185
266,Dist L1,1340,5,Additive0.015,201597,972,15,6.55758326239155,6.57543758572076,6.58758326239155,,6.46438919463801,6.50922750400425,6.54860886218254,6.43390082177865,6.51998481995185
267,Oracle,1340,5,Additive0.015,13400,10,1,6.54700718369214,6.5752891304669,6.57700718369213,,6.46402817355572,6.50936428832286,6.54818989852084,6.43390676361502,6.52048767744764
267,Oracle Vector,1340,5,Additive0.015,637840,581,4,6.55758326239155,6.5752891304669,6.58758326239155,,6.46402817355572,6.50936428832286,6.54818989852084,6.43390676361502,6.52048767744764
267,Value,1340,5,Additive0.015,188208,960,14,6.55225428345819,6.5752891304669,6.58225428345819,,6.46402817355572,6.50936428832286,6.54818989852084,6.43390676361502,6.52048767744764
267,Vector,1340,5,Additive0.015,846880,757,6,6.55225428345819,6.5752891304669,6.58225428345819,,6.46402817355572,6.50936428832286,6.54818989852084,6.43390676361502,6.52048767744764
267,Dist L1,1340,5,Additive0.015,201601,977,15,6.55758326239155,6.5752891304669,6.58758326239155,,6.46402817355572,6.50936428832286,6.54818989852084,6.43390676361502,6.52048767744764
268,Oracle,1340,5,Additive0.015,13400,10,1,6.54700718369214,6.57555486410591,6.57700718369213,,6.46461403924372,6.51003804020328,6.54759559106759,6.43366642616737,6.52113400059779
268,Oracle Vector,1340,5,Additive0.015,637840,581,4,6.55758326239155,6.57555486410591,6.58758326239155,,6.46461403924372,6.51003804020328,6.54759559106759,6.43366642616737,6.52113400059779
268,Value,1340,5,Additive0.015,188208,960,14,6.55225428345819,6.57555486410591,6.58225428345819,,6.46461403924372,6.51003804020328,6.54759559106759,6.43366642616737,6.52113400059779
268,Vector,1340,5,Additive0.015,857600,767,6,6.55225428345819,6.57555486410591,6.58225428345819,,6.46461403924372,6.51003804020328,6.54759559106759,6.43366642616737,6.52113400059779
268,Dist L1,1340,5,Additive0.015,201605,982,15,6.55758326239155,6.57555486410591,6.58758326239155,,6.46461403924372,6.51003804020328,6.54759559106759,6.43366642616737,6.52113400059779
269,Oracle,1340,5,Additive0.015,13400,10,1,6.54700718369214,6.57580148317435,6.57700718369213,,6.4658031476245,6.51019074349088,6.54703706696008,6.43422409651945,6.5209460485964
269,Oracle Vector,1340,5,Additive0.015,637840,581,4,6.55758326239155,6.57580148317435,6.58758326239155,,6.4658031476245,6.51019074349088,6.54703706696008,6.43422409651945,6.5209460485964
269,Value,1340,5,Additive0.015,188214,967,14,6.55225428345819,6.57580148317435,6.58225428345819,,6.4658031476245,6.51019074349088,6.54703706696008,6.43422409651945,6.5209460485964
269,Vector,1340,5,Additive0.015,862960,772,6,6.55225428345819,6.57580148317435,6.58225428345819,,6.4658031476245,6.51019074349088,6.54703706696008,6.43422409651945,6.5209460485964
269,Dist L1,1340,5,Additive0.015,201613,992,15,6.55758326239155,6.57580148317435,6.58758326239155,,6.4658031476245,6.51019074349088,6.54703706696008,6.43422409651945,6.5209460485964
270,Oracle,1340,5,Additive0.015,13400,10,1,6.54700718369214,6.57586055937951,6.57700718369213,,6.46695738061278,6.51047148180898,6.54651011879134,6.43401594211586,6.51995984750466
270,Oracle Vector,1340,5,Additive0.015,643200,586,4,6.55758326239155,6.57586055937951,6.58758326239155,,6.46695738061278,6.51047148180898,6.54651011879134,6.43401594211586,6.51995984750466
270,Value,1340,5,Additive0.015,188224,979,14,6.55225428345819,6.57586055937951,6.58225428345819,,6.46695738061278,6.51047148180898,6.54651011879133,6.43401594211586,6.51995984750466
270,Vector,1340,5,Additive0.015,868320,777,6,6.55225428345819,6.57586055937951,6.58225428345819,,6.46695738061278,6.51047148180898,6.54651011879133,6.43401594211587,6.51995984750466
270,Dist L1,1340,5,Additive0.015,201613,992,15,6.55758326239155,6.57586055937951,6.58758326239155,,6.46695738061278,6.51047148180898,6.54651011879133,6.43401594211586,6.51995984750465
271,Oracle,1340,5,Additive0.015,13400,10,1,6.54700718369214,6.57542228859246,6.57700718369213,,6.46728641713457,6.51037540144314,6.54506961775046,6.43317163643548,6.52018818014429
271,Oracle Vector,1340,5,Additive0.015,643200,586,4,6.55758326239155,6.57542228859246,6.58758326239155,,6.46728641713457,6.51037540144314,6.54506961775046,6.43317163643548,6.52018818014429
271,Vector,1340,5,Additive0.015,868320,777,6,6.55225428345819,6.57542228859245,6.58225428345819,,6.46728641713457,6.51037540144314,6.54506961775046,6.43317163643548,6.52018818014429
271,Value,1340,5,Additive0.015,188224,979,14,6.55225428345819,6.57542228859245,6.58225428345819,,6.46728641713457,6.51037540144314,6.54506961775046,6.43317163643548,6.52018818014429
271,Dist L1,1340,5,Additive0.015,201623,1005,15,6.55758326239155,6.57542228859245,6.58758326239155,,6.46728641713457,6.51037540144314,6.54506961775046,6.43317163643548,6.52018818014429
272,Oracle,1340,5,Additive0.015,13400,10,1,6.54700718369214,6.57539262431608,6.57700718369213,,6.46716244526139,6.50967989639226,6.54511656922263,6.43237221938567,6.52070839143667
272,Oracle Vector,1340,5,Additive0.015,643200,586,4,6.55758326239155,6.57539262431608,6.58758326239155,,6.46716244526138,6.50967989639226,6.54511656922263,6.43237221938567,6.52070839143667
272,Value,1340,5,Additive0.015,188228,984,14,6.55225428345819,6.57539262431608,6.58225428345819,,6.46716244526139,6.50967989639226,6.54511656922263,6.43237221938567,6.52070839143667
272,Vector,1340,5,Additive0.015,876360,784,6,6.55225428345819,6.57539262431608,6.58225428345819,,6.46716244526138,6.50967989639226,6.54511656922263,6.43237221938567,6.52070839143667
272,Dist L1,1340,5,Additive0.015,201623,1005,15,6.55758326239155,6.57539262431608,6.58758326239155,,6.46716244526138,6.50967989639226,6.54511656922263,6.43237221938567,6.52070839143667
273,Oracle,1340,5,Additive0.015,13400,10,1,6.54700718369214,6.57573435566511,6.57700718369213,,6.46683776672285,6.50864715054783,6.54585684241103,6.43364624228331,6.52130584838383
273,Oracle Vector,1340,5,Additive0.015,643200,586,4,6.55758326239155,6.57573435566511,6.58758326239155,,6.46683776672285,6.50864715054783,6.54585684241103,6.43364624228331,6.52130584838383
273,Value,1340,5,Additive0.015,188232,989,14,6.55225428345819,6.57573435566511,6.58225428345819,,6.46683776672285,6.50864715054783,6.54585684241103,6.43364624228331,6.52130584838384
273,Vector,1340,5,Additive0.015,876360,784,6,6.55225428345819,6.57573435566511,6.58225428345819,,6.46683776672285,6.50864715054783,6.54585684241103,6.43364624228331,6.52130584838383
273,Dist L1,1340,5,Additive0.015,201627,1010,15,6.55758326239155,6.57573435566511,6.58758326239155,,6.46683776672285,6.50864715054783,6.54585684241103,6.43364624228331,6.52130584838384
274,Oracle,1340,5,Additive0.015,13400,10,1,6.54700718369214,6.57624491525473,6.57700718369213,,6.46695851558415,6.50840990907138,6.54623886219929,6.43442084313632,6.52256785085508
274,Oracle Vector,1340,5,Additive0.015,643200,586,4,6.55758326239155,6.57624491525473,6.58758326239155,,6.46695851558415,6.50840990907138,6.54623886219929,6.43442084313632,6.52256785085508
274,Value,1340,5,Additive0.015,188240,999,14,6.55225428345819,6.57624491525473,6.58225428345819,,6.46695851558415,6.50840990907138,6.54623886219929,6.43442084313632,6.52256785085508
274,Vector,1340,5,Additive0.015,884400,791,6,6.55225428345819,6.57624491525473,6.58225428345819,,6.46695851558415,6.50840990907138,6.54623886219929,6.43442084313632,6.52256785085508
274,Dist L1,1340,5,Additive0.015,201635,1020,15,6.55758326239155,6.57624491525473,6.58758326239155,,6.46695851558415,6.50840990907138,6.54623886219929,6.43442084313632,6.52256785085508
275,Oracle,1340,5,Additive0.015,13400,10,1,6.54700718369214,6.57685939858447,6.57700718369213,,6.46719995975611,6.50781712160917,6.54671773390176,6.43468842906461,6.52431115998937
275,Oracle Vector,1340,5,Additive0.015,648560,591,4,6.55758326239155,6.57685939858447,6.58758326239155,,6.46719995975611,6.50781712160917,6.54671773390175,6.43468842906461,6.52431115998937
275,Value,1340,5,Additive0.015,188250,1011,14,6.55225428345819,6.57685939858447,6.58225428345819,,6.46719995975611,6.50781712160917,6.54671773390176,6.43468842906461,6.52431115998937
275,Vector,1340,5,Additive0.015,897800,804,6,6.55225428345819,6.57685939858447,6.58225428345819,,6.46719995975611,6.50781712160917,6.54671773390176,6.43468842906461,6.52431115998937
275,Dist L1,1340,5,Additive0.015,201649,1038,15,6.55758326239155,6.57685939858447,6.58758326239155,,6.46719995975611,6.50781712160917,6.54671773390176,6.43468842906461,6.52431115998937
276,Oracle,1340,5,Additive0.015,13400,10,1,6.54700718369214,6.57646301855486,6.57700718369213,,6.46725929876018,6.50760047024349,6.54559948308183,6.43287308913972,6.52429543107444
276,Oracle Vector,1340,5,Additive0.015,653920,596,4,6.55758326239155,6.57646301855486,6.58758326239155,,6.46725929876018,6.50760047024349,6.54559948308183,6.43287308913972,6.52429543107444
276,Value,1340,5,Additive0.015,188258,1021,14,6.55225428345819,6.57646301855486,6.58225428345819,,6.46725929876018,6.50760047024349,6.54559948308184,6.43287308913972,6.52429543107443
276,Vector,1340,5,Additive0.015,908520,814,6,6.55225428345819,6.57646301855486,6.58225428345819,,6.46725929876018,6.50760047024348,6.54559948308183,6.43287308913972,6.52429543107443
276,Dist L1,1340,5,Additive0.015,215054,1059,16,6.56146301855486,6.57646301855485,6.59146301855485,,6.46725929876018,6.50760047024349,6.54559948308183,6.43287308913972,6.52429543107444
277,Oracle,1340,5,Additive0.015,13400,10,1,6.54700718369214,6.57691248376843,6.57700718369213,,6.46808838887915,6.50653928087195,6.54532990885265,6.43265297002706,6.52600374383894
277,Oracle Vector,1340,5,Additive0.015,653920,596,4,6.55758326239155,6.57691248376843,6.58758326239155,,6.46808838887915,6.50653928087195,6.54532990885265,6.43265297002706,6.52600374383895
277,Dist L1,1340,5,Additive0.015,215054,1059,16,6.56146301855486,6.57691248376843,6.59146301855485,,6.46808838887915,6.50653928087195,6.54532990885265,6.43265297002706,6.52600374383894
277,Value,1340,5,Additive0.015,201663,1044,15,6.56191248376843,6.57691248376843,6.59191248376843,,6.46808838887915,6.50653928087195,6.54532990885265,6.43265297002706,6.52600374383894
277,Vector,1340,5,Additive0.015,921920,826,7,6.56191248376843,6.57691248376843,6.59191248376843,,6.46808838887915,6.50653928087195,6.54532990885265,6.43265297002706,6.52600374383895
278,Oracle,1340,5,Additive0.015,26800,20,2,6.56304529110347,6.57804529110347,6.59304529110347,,6.4699387055247,6.50737133219452,6.54661258812234,6.43231425598585,6.52738433184606
278,Value,1340,5,Additive0.015,201663,1044,15,6.56191248376843,6.57804529110347,6.59191248376843,,6.4699387055247,6.50737133219452,6.54661258812234,6.43231425598585,6.52738433184606
278,Vector,1340,5,Additive0.015,921920,826,7,6.56191248376843,6.57804529110347,6.59191248376843,,6.4699387055247,6.50737133219452,6.54661258812234,6.43231425598585,6.52738433184606
278,Oracle Vector,1340,5,Additive0.015,664640,605,4,6.55758326239155,6.57804529110347,6.58758326239155,,6.4699387055247,6.50737133219452,6.54661258812234,6.43231425598585,6.52738433184606
278,Dist L1,1340,5,Additive0.015,215054,1059,16,6.56146301855486,6.57804529110347,6.59146301855485,,6.4699387055247,6.50737133219452,6.54661258812234,6.43231425598585,6.52738433184606
279,Oracle,1340,5,Additive0.015,26800,20,2,6.56304529110347,6.57877059852796,6.59304529110347,,6.47095471637871,6.50846384563269,6.54670664958159,6.43305778529088,6.52813405780618
279,Value,1340,5,Additive0.015,201663,1044,15,6.56191248376843,6.57877059852796,6.59191248376843,,6.47095471637871,6.50846384563269,6.54670664958159,6.43305778529088,6.52813405780618
279,Vector,1340,5,Additive0.015,921920,826,7,6.56191248376843,6.57877059852796,6.59191248376843,,6.47095471637871,6.50846384563269,6.54670664958159,6.43305778529088,6.52813405780618
279,Oracle Vector,1340,5,Additive0.015,678040,616,4,6.55758326239155,6.57877059852796,6.58758326239155,,6.47095471637871,6.50846384563269,6.54670664958159,6.43305778529088,6.52813405780618
279,Dist L1,1340,5,Additive0.015,215054,1059,16,6.56146301855486,6.57877059852796,6.59146301855485,,6.47095471637871,6.50846384563269,6.54670664958159,6.43305778529088,6.52813405780618
280,Oracle,1340,5,Additive0.015,26800,20,2,6.56304529110347,6.57860104669729,6.59304529110347,,6.47046934365912,6.50784322706684,6.54583871314201,6.43280217966979,6.52832103866611
280,Oracle Vector,1340,5,Additive0.015,678040,616,4,6.55758326239155,6.57860104669729,6.58758326239155,,6.47046934365912,6.50784322706684,6.54583871314201,6.43280217966979,6.52832103866611
280,Vector,1340,5,Additive0.015,921920,826,7,6.56191248376843,6.57860104669729,6.59191248376843,,6.47046934365912,6.50784322706685,6.54583871314201,6.43280217966979,6.52832103866611
280,Value,1340,5,Additive0.015,201663,1044,15,6.56191248376843,6.57860104669729,6.59191248376843,,6.47046934365912,6.50784322706684,6.54583871314201,6.43280217966979,6.52832103866611
280,Dist L1,1340,5,Additive0.015,215054,1059,16,6.56146301855486,6.57860104669729,6.59146301855485,,6.47046934365912,6.50784322706684,6.54583871314201,6.43280217966979,6.52832103866611
281,Oracle,1340,5,Additive0.015,26800,20,2,6.56304529110347,6.57878404930273,6.59304529110347,,6.47038928139987,6.50823358364799,6.54542861716735,6.43219722543067,6.52906709440503
281,Oracle Vector,1340,5,Additive0.015,683400,621,4,6.55758326239155,6.57878404930273,6.58758326239155,,6.47038928139987,6.50823358364799,6.54542861716735,6.43219722543067,6.52906709440503
281,Vector,1340,5,Additive0.015,921920,826,7,6.56191248376843,6.57878404930273,6.59191248376843,,6.47038928139987,6.50823358364799,6.54542861716735,6.43219722543067,6.52906709440503
281,Value,1340,5,Additive0.015,201663,1044,15,6.56191248376843,6.57878404930273,6.59191248376843,,6.47038928139987,6.50823358364799,6.54542861716735,6.43219722543067,6.52906709440503
281,Dist L1,1340,5,Additive0.015,215054,1059,16,6.56146301855486,6.57878404930273,6.59146301855485,,6.47038928139987,6.50823358364799,6.54542861716735,6.43219722543067,6.52906709440503
282,Oracle,1340,5,Additive0.015,26800,20,2,6.56304529110347,6.57965803432925,6.59304529110347,,6.47087749041578,6.50944869488024,6.54627698640346,6.43294283495475,6.5290264241374
282,Value,1340,5,Additive0.015,201663,1044,15,6.56191248376843,6.57965803432925,6.59191248376843,,6.47087749041578,6.50944869488024,6.54627698640346,6.43294283495475,6.5290264241374
282,Oracle Vector,1340,5,Additive0.015,683400,621,4,6.55758326239155,6.57965803432925,6.58758326239155,,6.47087749041578,6.50944869488024,6.54627698640346,6.43294283495475,6.5290264241374
282,Vector,1340,5,Additive0.015,921920,826,7,6.56191248376843,6.57965803432925,6.59191248376843,,6.47087749041578,6.50944869488024,6.54627698640346,6.43294283495475,6.5290264241374
282,Dist L1,1340,5,Additive0.015,215054,1059,16,6.56146301855486,6.57965803432925,6.59146301855485,,6.47087749041578,6.50944869488024,6.54627698640346,6.43294283495475,6.5290264241374
283,Oracle,1340,5,Additive0.015,26800,20,2,6.56304529110347,6.58027853909205,6.59304529110347,,6.47164679699026,6.5107513929841,6.54663847352987,6.43261941274351,6.52897026318497
283,Oracle Vector,1340,5,Additive0.015,683400,621,4,6.55758326239155,6.58027853909205,6.58758326239155,,6.47164679699026,6.5107513929841,6.54663847352987,6.43261941274351,6.52897026318497
283,Vector,1340,5,Additive0.015,921920,826,7,6.56191248376843,6.58027853909205,6.59191248376843,,6.47164679699026,6.5107513929841,6.54663847352987,6.43261941274351,6.52897026318497
283,Value,1340,5,Additive0.015,201663,1044,15,6.56191248376843,6.58027853909205,6.59191248376843,,6.47164679699026,6.5107513929841,6.54663847352987,6.43261941274351,6.52897026318497
283,Dist L1,1340,5,Additive0.015,215054,1059,16,6.56146301855486,6.58027853909205,6.59146301855485,,6.47164679699026,6.5107513929841,6.54663847352987,6.43261941274351,6.52897026318497
284,Oracle,1340,5,Additive0.015,26800,20,2,6.56304529110347,6.5804615965939,6.59304529110347,,6.47122648098543,6.51214108878604,6.54598512232537,6.43236051117852,6.52854682027522
284,Vector,1340,5,Additive0.015,921920,826,7,6.56191248376843,6.5804615965939,6.59191248376843,,6.47122648098543,6.51214108878604,6.54598512232537,6.43236051117852,6.52854682027522
284,Value,1340,5,Additive0.015,201663,1044,15,6.56191248376843,6.5804615965939,6.59191248376843,,6.47122648098543,6.51214108878604,6.54598512232537,6.43236051117852,6.52854682027522
284,Oracle Vector,1340,5,Additive0.015,694120,631,4,6.55758326239155,6.5804615965939,6.58758326239155,,6.47122648098543,6.51214108878604,6.54598512232537,6.43236051117852,6.52854682027522
284,Dist L1,1340,5,Additive0.015,215054,1059,16,6.56146301855486,6.5804615965939,6.59146301855485,,6.47122648098543,6.51214108878604,6.54598512232537,6.43236051117852,6.52854682027522
285,Oracle,1340,5,Additive0.015,26800,20,2,6.56304529110347,6.5807700861824,6.59304529110347,,6.4712096248136,6.51244415226413,6.54662614539325,6.43213290179342,6.52826879101482
285,Value,1340,5,Additive0.015,201663,1044,15,6.56191248376843,6.5807700861824,6.59191248376843,,6.4712096248136,6.51244415226413,6.54662614539325,6.43213290179342,6.52826879101482
285,Vector,1340,5,Additive0.015,921920,826,7,6.56191248376843,6.5807700861824,6.59191248376843,,6.4712096248136,6.51244415226413,6.54662614539325,6.43213290179342,6.52826879101482
285,Oracle Vector,1340,5,Additive0.015,707520,643,4,6.55758326239155,6.5807700861824,6.58758326239155,,6.4712096248136,6.51244415226413,6.54662614539325,6.43213290179342,6.52826879101482
285,Dist L1,1340,5,Additive0.015,215054,1059,16,6.56146301855486,6.5807700861824,6.59146301855485,,6.4712096248136,6.51244415226413,6.54662614539325,6.43213290179342,6.52826879101482
286,Oracle,1340,5,Additive0.015,26800,20,2,6.56304529110347,6.58055494074666,6.59304529110347,,6.47074669421961,6.5121209965825,6.54683400921284,6.43091555214861,6.52864391193987
286,Vector,1340,5,Additive0.015,921920,826,7,6.56191248376843,6.58055494074666,6.59191248376843,,6.47074669421961,6.5121209965825,6.54683400921284,6.43091555214861,6.52864391193987
286,Value,1340,5,Additive0.015,201663,1044,15,6.56191248376843,6.58055494074666,6.59191248376843,,6.47074669421961,6.5121209965825,6.54683400921284,6.43091555214861,6.52864391193987
286,Oracle Vector,1340,5,Additive0.015,715560,650,4,6.55758326239155,6.58055494074666,6.58758326239155,,6.47074669421961,6.5121209965825,6.54683400921284,6.43091555214861,6.52864391193987
286,Dist L1,1340,5,Additive0.015,215054,1059,16,6.56146301855486,6.58055494074666,6.59146301855485,,6.47074669421961,6.5121209965825,6.54683400921284,6.43091555214861,6.52864391193987
287,Oracle,1340,5,Additive0.015,26800,20,2,6.56304529110347,6.58102303642135,6.59304529110347,,6.47049399741657,6.5134102066761,6.54706429261107,6.43056071573942,6.52873029836562
287,Vector,1340,5,Additive0.015,921920,826,7,6.56191248376843,6.58102303642135,6.59191248376843,,6.47049399741657,6.5134102066761,6.54706429261107,6.43056071573942,6.52873029836562
287,Value,1340,5,Additive0.015,201663,1044,15,6.56191248376843,6.58102303642135,6.59191248376843,,6.47049399741657,6.5134102066761,6.54706429261107,6.43056071573942,6.52873029836562
287,Oracle Vector,1340,5,Additive0.015,728960,662,5,6.56602303642135,6.58102303642135,6.59602303642135,,6.47049399741657,6.5134102066761,6.54706429261107,6.43056071573942,6.52873029836562
287,Dist L1,1340,5,Additive0.015,215054,1059,16,6.56146301855486,6.58102303642135,6.59146301855485,,6.47049399741657,6.5134102066761,6.54706429261107,6.43056071573942,6.52873029836562
288,Oracle,1340,5,Additive0.015,26800,20,2,6.56304529110347,6.58016618292143,6.59304529110347,,6.47000784982206,6.51151055985617,6.54606981998841,6.43031810242854,6.52772269968805
288,Oracle Vector,1340,5,Additive0.015,728960,662,5,6.56602303642135,6.58016618292143,6.59602303642135,,6.47000784982206,6.51151055985617,6.54606981998841,6.43031810242854,6.52772269968805
288,Vector,1340,5,Additive0.015,921920,826,7,6.56191248376843,6.58016618292143,6.59191248376843,,6.47000784982206,6.51151055985617,6.54606981998841,6.43031810242854,6.52772269968805
288,Value,1340,5,Additive0.015,201663,1044,15,6.56191248376843,6.58016618292143,6.59191248376843,,6.47000784982206,6.51151055985617,6.54606981998841,6.43031810242854,6.52772269968805
288,Dist L1,1340,5,Additive0.015,215054,1059,16,6.56146301855486,6.58016618292143,6.59146301855485,,6.47000784982205,6.51151055985617,6.54606981998841,6.43031810242854,6.52772269968805
289,Oracle,1340,5,Additive0.015,26800,20,2,6.56304529110347,6.57937152012508,6.59304529110347,,6.46977985953416,6.51098999294461,6.54488779097786,6.42915059795173,6.52746833804397
289,Value,1340,5,Additive0.015,201663,1044,15,6.56191248376843,6.57937152012508,6.59191248376843,,6.46977985953416,6.51098999294461,6.54488779097786,6.42915059795173,6.52746833804397
289,Oracle Vector,1340,5,Additive0.015,728960,662,5,6.56602303642135,6.57937152012508,6.59602303642135,,6.46977985953416,6.51098999294461,6.54488779097786,6.42915059795173,6.52746833804397
289,Vector,1340,5,Additive0.015,921920,826,7,6.56191248376843,6.57937152012508,6.59191248376843,,6.46977985953416,6.5109899929446,6.54488779097786,6.42915059795173,6.52746833804397
289,Dist L1,1340,5,Additive0.015,215054,1059,16,6.56146301855486,6.57937152012508,6.59146301855485,,6.46977985953416,6.5109899929446,6.54488779097786,6.42915059795173,6.52746833804397
290,Oracle,1340,5,Additive0.015,26800,20,2,6.56304529110347,6.57817589499565,6.59304529110347,,6.46888755578804,6.50992143447664,6.5434542880899,6.42715253054673,6.52691573399328
290,Oracle Vector,1340,5,Additive0.015,728960,662,5,6.56602303642135,6.57817589499564,6.59602303642135,,6.46888755578804,6.50992143447664,6.54345428808991,6.42715253054673,6.52691573399328
290,Vector,1340,5,Additive0.015,921920,826,7,6.56191248376843,6.57817589499564,6.59191248376843,,6.46888755578803,6.50992143447664,6.5434542880899,6.42715253054673,6.52691573399328
290,Value,1340,5,Additive0.015,201663,1044,15,6.56191248376843,6.57817589499564,6.59191248376843,,6.46888755578804,6.50992143447664,6.5434542880899,6.42715253054673,6.52691573399328
290,Dist L1,1340,5,Additive0.015,215054,1059,16,6.56146301855486,6.57817589499564,6.59146301855485,,6.46888755578804,6.50992143447664,6.5434542880899,6.42715253054673,6.52691573399328
291,Oracle,1340,5,Additive0.015,26800,20,2,6.56304529110347,6.5776363121325,6.59304529110347,,6.46868018256905,6.51010596388365,6.54295927544933,6.42583783971581,6.5263166000014
291,Oracle Vector,1340,5,Additive0.015,728960,662,5,6.56602303642135,6.5776363121325,6.59602303642135,,6.46868018256905,6.51010596388365,6.54295927544933,6.42583783971581,6.5263166000014
291,Value,1340,5,Additive0.015,201663,1044,15,6.56191248376843,6.5776363121325,6.59191248376843,,6.46868018256905,6.51010596388365,6.54295927544933,6.42583783971581,6.5263166000014
291,Vector,1340,5,Additive0.015,921920,826,7,6.56191248376843,6.5776363121325,6.59191248376843,,6.46868018256905,6.51010596388365,6.54295927544933,6.42583783971581,6.5263166000014
291,Dist L1,1340,5,Additive0.015,215058,1064,16,6.56146301855486,6.5776363121325,6.59146301855485,,6.46868018256905,6.51010596388366,6.54295927544933,6.42583783971581,6.5263166000014
292,Oracle,1340,5,Additive0.015,26800,20,2,6.56304529110347,6.57762640799652,6.59304529110347,,6.46842762554623,6.50982041520922,6.54249824793688,6.42545178058296,6.52706768452806
292,Oracle Vector,1340,5,Additive0.015,728960,662,5,6.56602303642135,6.57762640799652,6.59602303642135,,6.46842762554623,6.50982041520922,6.54249824793688,6.42545178058296,6.52706768452805
292,Value,1340,5,Additive0.015,201667,1049,15,6.56191248376843,6.57762640799652,6.59191248376843,,6.46842762554623,6.50982041520922,6.54249824793688,6.42545178058296,6.52706768452805
292,Vector,1340,5,Additive0.015,927280,831,7,6.56191248376843,6.57762640799652,6.59191248376843,,6.46842762554623,6.50982041520922,6.54249824793688,6.42545178058296,6.52706768452805
292,Dist L1,1340,5,Additive0.015,215062,1069,16,6.56146301855486,6.57762640799652,6.59146301855485,,6.46842762554623,6.50982041520922,6.54249824793688,6.42545178058296,6.52706768452805
293,Oracle,1340,5,Additive0.015,26800,20,2,6.56304529110347,6.57737176582307,6.59304529110347,,6.46791913186718,6.51068033697159,6.54178195335451,6.42437273184245,6.52783129993631
293,Oracle Vector,1340,5,Additive0.015,728960,662,5,6.56602303642135,6.57737176582307,6.59602303642135,,6.46791913186718,6.51068033697159,6.54178195335451,6.42437273184245,6.52783129993631
293,Value,1340,5,Additive0.015,201673,1056,15,6.56191248376843,6.57737176582307,6.59191248376843,,6.46791913186718,6.51068033697159,6.54178195335451,6.42437273184245,6.52783129993631
293,Vector,1340,5,Additive0.015,927280,831,7,6.56191248376843,6.57737176582307,6.59191248376843,,6.46791913186718,6.51068033697159,6.54178195335451,6.42437273184245,6.52783129993631
293,Dist L1,1340,5,Additive0.015,215068,1076,16,6.56146301855486,6.57737176582307,6.59146301855485,,6.46791913186718,6.51068033697159,6.54178195335451,6.42437273184245,6.52783129993631
294,Oracle,1340,5,Additive0.015,26800,20,2,6.56304529110347,6.57726501530562,6.59304529110347,,6.46761402979053,6.51081428307329,6.54147301966665,6.42471757119774,6.5276080171396
294,Oracle Vector,1340,5,Additive0.015,728960,662,5,6.56602303642135,6.57726501530562,6.59602303642135,,6.46761402979053,6.51081428307329,6.54147301966665,6.42471757119774,6.5276080171396
294,Value,1340,5,Additive0.015,201673,1056,15,6.56191248376843,6.57726501530562,6.59191248376843,,6.46761402979053,6.51081428307329,6.54147301966665,6.42471757119774,6.5276080171396
294,Vector,1340,5,Additive0.015,927280,831,7,6.56191248376843,6.57726501530562,6.59191248376843,,6.46761402979053,6.51081428307329,6.54147301966665,6.42471757119774,6.5276080171396
294,Dist L1,1340,5,Additive0.015,215072,1081,16,6.56146301855486,6.57726501530562,6.59146301855485,,6.46761402979054,6.51081428307329,6.54147301966665,6.42471757119774,6.5276080171396
295,Oracle,1340,5,Additive0.015,26800,20,2,6.56304529110347,6.57729423705228,6.59304529110347,,6.46684428365098,6.51134229687154,6.54204235147205,6.42435913889924,6.52747921275358
295,Oracle Vector,1340,5,Additive0.015,728960,662,5,6.56602303642135,6.57729423705228,6.59602303642135,,6.46684428365098,6.51134229687154,6.54204235147205,6.42435913889924,6.52747921275358
295,Value,1340,5,Additive0.015,201677,1061,15,6.56191248376843,6.57729423705228,6.59191248376843,,6.46684428365098,6.51134229687154,6.54204235147205,6.42435913889924,6.52747921275358
295,Vector,1340,5,Additive0.015,935320,838,7,6.56191248376843,6.57729423705228,6.59191248376843,,6.46684428365098,6.51134229687154,6.54204235147205,6.42435913889924,6.52747921275358
295,Dist L1,1340,5,Additive0.015,215080,1091,16,6.56146301855486,6.57729423705228,6.59146301855485,,6.46684428365098,6.51134229687154,6.54204235147205,6.42435913889924,6.52747921275358
296,Oracle,1340,5,Additive0.015,26800,20,2,6.56304529110347,6.57733279454817,6.59304529110347,,6.46578905398005,6.51282300135215,6.542210399593,6.42422139869247,6.52767609687728
296,Oracle Vector,1340,5,Additive0.015,728960,662,5,6.56602303642135,6.57733279454817,6.59602303642135,,6.46578905398005,6.51282300135215,6.542210399593,6.42422139869247,6.52767609687728
296,Value,1340,5,Additive0.015,201681,1066,15,6.56191248376843,6.57733279454817,6.59191248376843,,6.46578905398005,6.51282300135215,6.542210399593,6.42422139869247,6.52767609687728
296,Vector,1340,5,Additive0.015,935320,838,7,6.56191248376843,6.57733279454817,6.59191248376843,,6.46578905398005,6.51282300135215,6.542210399593,6.42422139869247,6.52767609687728
296,Dist L1,1340,5,Additive0.015,215084,1096,16,6.56146301855486,6.57733279454817,6.59146301855485,,6.46578905398005,6.51282300135215,6.542210399593,6.42422139869247,6.52767609687728
297,Oracle,1340,5,Additive0.015,26800,20,2,6.56304529110347,6.57721707412223,6.59304529110347,,6.46537546690956,6.51387784985979,6.54199171963093,6.42315789435448,6.52737115491579
297,Oracle Vector,1340,5,Additive0.015,728960,662,5,6.56602303642135,6.57721707412223,6.59602303642135,,6.46537546690956,6.51387784985979,6.54199171963093,6.42315789435448,6.52737115491579
297,Vector,1340,5,Additive0.015,935320,838,7,6.56191248376843,6.57721707412223,6.59191248376843,,6.46537546690956,6.51387784985979,6.54199171963093,6.42315789435448,6.52737115491579
297,Value,1340,5,Additive0.015,201689,1077,15,6.56191248376843,6.57721707412223,6.59191248376843,,6.46537546690956,6.51387784985979,6.54199171963093,6.42315789435448,6.52737115491578
297,Dist L1,1340,5,Additive0.015,215092,1105,16,6.56146301855486,6.57721707412223,6.59146301855485,,6.46537546690956,6.51387784985979,6.54199171963093,6.42315789435448,6.52737115491578
298,Oracle,1340,5,Additive0.015,26800,20,2,6.56304529110347,6.57622906386648,6.59304529110347,,6.46422592166824,6.51274420217671,6.54097264840669,6.42253535817746,6.52697804029634
298,Oracle Vector,1340,5,Additive0.015,728960,662,5,6.56602303642135,6.57622906386648,6.59602303642135,,6.46422592166824,6.51274420217671,6.54097264840669,6.42253535817746,6.52697804029634
298,Vector,1340,5,Additive0.015,935320,838,7,6.56191248376843,6.57622906386648,6.59191248376843,,6.46422592166824,6.51274420217671,6.54097264840669,6.42253535817746,6.52697804029634
298,Value,1340,5,Additive0.015,215094,1097,16,6.56122906386648,6.57622906386648,6.59122906386648,,6.46422592166824,6.51274420217671,6.54097264840669,6.42253535817746,6.52697804029634
298,Dist L1,1340,5,Additive0.015,228497,1125,17,6.56122906386648,6.57622906386648,6.59122906386648,,6.46422592166824,6.51274420217671,6.54097264840669,6.42253535817746,6.52697804029634
299,Oracle,1340,5,Additive0.015,26800,20,2,6.56304529110347,6.57551018677828,6.59304529110347,,6.4630402174447,6.51201690584602,6.53990686649421,6.42169771976558,6.52635919204085
299,Oracle Vector,1340,5,Additive0.015,728960,662,5,6.56602303642135,6.57551018677828,6.59602303642135,,6.4630402174447,6.51201690584602,6.53990686649421,6.42169771976558,6.52635919204085
299,Value,1340,5,Additive0.015,215094,1097,16,6.56122906386648,6.57551018677828,6.59122906386648,,6.4630402174447,6.51201690584602,6.53990686649421,6.42169771976558,6.52635919204085
299,Vector,1340,5,Additive0.015,935320,838,7,6.56191248376843,6.57551018677828,6.59191248376843,,6.4630402174447,6.51201690584602,6.53990686649421,6.42169771976558,6.52635919204085
299,Dist L1,1340,5,Additive0.015,228497,1125,17,6.56122906386648,6.57551018677828,6.59122906386648,,6.4630402174447,6.51201690584602,6.53990686649421,6.42169771976558,6.52635919204085
300,Oracle,1340,5,Additive0.015,26800,20,2,6.56304529110347,6.57444198599921,6.59304529110347,,6.46163876098801,6.51161712215139,6.53851627695265,6.42138307229046,6.5247910586544
300,Oracle Vector,1340,5,Additive0.015,728960,662,5,6.56602303642135,6.57444198599921,6.59602303642135,,6.46163876098801,6.51161712215139,6.53851627695265,6.42138307229046,6.5247910586544
300,Value,1340,5,Additive0.015,215094,1097,16,6.56122906386648,6.57444198599921,6.59122906386648,,6.46163876098801,6.51161712215139,6.53851627695265,6.42138307229046,6.5247910586544
300,Vector,1340,5,Additive0.015,940680,843,7,6.56191248376843,6.57444198599921,6.59191248376843,,6.46163876098801,6.51161712215139,6.53851627695265,6.42138307229046,6.5247910586544
300,Dist L1,1340,5,Additive0.015,228497,1125,17,6.56122906386648,6.57444198599921,6.59122906386648,,6.46163876098801,6.51161712215139,6.53851627695265,6.42138307229046,6.5247910586544
301,Oracle,1340,5,Additive0.015,26800,20,2,6.56304529110347,6.57383595703564,6.59304529110347,,6.45986907512581,6.51049566123058,6.53859194966776,6.42214455027813,6.52433705705503
301,Oracle Vector,1340,5,Additive0.015,728960,662,5,6.56602303642135,6.57383595703564,6.59602303642135,,6.45986907512581,6.51049566123058,6.53859194966776,6.42214455027813,6.52433705705503
301,Value,1340,5,Additive0.015,215094,1097,16,6.56122906386648,6.57383595703564,6.59122906386648,,6.45986907512581,6.51049566123058,6.53859194966776,6.42214455027813,6.52433705705503
301,Vector,1340,5,Additive0.015,946040,848,7,6.56191248376843,6.57383595703564,6.59191248376843,,6.45986907512581,6.51049566123058,6.53859194966776,6.42214455027813,6.52433705705503
301,Dist L1,1340,5,Additive0.015,228497,1125,17,6.56122906386648,6.57383595703564,6.59122906386648,,6.45986907512581,6.51049566123058,6.53859194966776,6.42214455027813,6.52433705705503
302,Oracle,1340,5,Additive0.015,26800,20,2,6.56304529110347,6.57398554515102,6.59304529110347,,6.46013346079982,6.51067685672423,6.53821499044986,6.42163042274074,6.52451530547649
302,Oracle Vector,1340,5,Additive0.015,728960,662,5,6.56602303642135,6.57398554515102,6.59602303642135,,6.46013346079982,6.51067685672423,6.53821499044986,6.42163042274074,6.52451530547649
302,Value,1340,5,Additive0.015,215094,1097,16,6.56122906386648,6.57398554515102,6.59122906386648,,6.46013346079982,6.51067685672423,6.53821499044986,6.42163042274074,6.52451530547649
302,Vector,1340,5,Additive0.015,946040,848,7,6.56191248376843,6.57398554515102,6.59191248376843,,6.46013346079982,6.51067685672423,6.53821499044986,6.42163042274074,6.52451530547649
302,Dist L1,1340,5,Additive0.015,228497,1125,17,6.56122906386648,6.57398554515102,6.59122906386648,,6.46013346079982,6.51067685672423,6.53821499044986,6.42163042274074,6.52451530547649
303,Oracle,1340,5,Additive0.015,26800,20,2,6.56304529110347,6.57446719443741,6.59304529110347,,6.46076251141388,6.5120998422198,6.53787721127633,6.42123010937191,6.52462084503963
303,Oracle Vector,1340,5,Additive0.015,728960,662,5,6.56602303642135,6.57446719443741,6.59602303642135,,6.46076251141388,6.5120998422198,6.53787721127633,6.42123010937191,6.52462084503964
303,Value,1340,5,Additive0.015,215094,1097,16,6.56122906386648,6.57446719443741,6.59122906386648,,6.46076251141388,6.5120998422198,6.53787721127633,6.42123010937191,6.52462084503964
303,Vector,1340,5,Additive0.015,946040,848,7,6.56191248376843,6.57446719443741,6.59191248376843,,6.46076251141388,6.5120998422198,6.53787721127633,6.42123010937191,6.52462084503964
303,Dist L1,1340,5,Additive0.015,228497,1125,17,6.56122906386648,6.57446719443741,6.59122906386648,,6.46076251141388,6.5120998422198,6.53787721127633,6.42123010937191,6.52462084503964
304,Oracle,1340,5,Additive0.015,26800,20,2,6.56304529110347,6.57422693116163,6.59304529110347,,6.4605302895114,6.51340712737017,6.53786869416701,6.42029714403595,6.52291884187388
304,Oracle Vector,1340,5,Additive0.015,728960,662,5,6.56602303642135,6.57422693116163,6.59602303642135,,6.4605302895114,6.51340712737017,6.53786869416701,6.42029714403595,6.52291884187388
304,Value,1340,5,Additive0.015,215094,1097,16,6.56122906386648,6.57422693116163,6.59122906386648,,6.4605302895114,6.51340712737017,6.53786869416701,6.42029714403595,6.52291884187388
304,Vector,1340,5,Additive0.015,946040,848,7,6.56191248376843,6.57422693116163,6.59191248376843,,6.4605302895114,6.51340712737017,6.53786869416701,6.42029714403595,6.52291884187388
304,Dist L1,1340,5,Additive0.015,228497,1125,17,6.56122906386648,6.57422693116163,6.59122906386648,,6.4605302895114,6.51340712737017,6.53786869416701,6.42029714403595,6.52291884187388
305,Oracle,1340,5,Additive0.015,26800,20,2,6.56304529110347,6.57365869786298,6.59304529110347,,6.46119750004658,6.51336271733536,6.53748841365156,6.41982483995057,6.5214574163428
305,Oracle Vector,1340,5,Additive0.015,728960,662,5,6.56602303642135,6.57365869786298,6.59602303642135,,6.46119750004658,6.51336271733536,6.53748841365156,6.41982483995057,6.5214574163428
305,Value,1340,5,Additive0.015,215094,1097,16,6.56122906386648,6.57365869786298,6.59122906386648,,6.46119750004658,6.51336271733536,6.53748841365156,6.41982483995057,6.5214574163428
305,Vector,1340,5,Additive0.015,951400,853,7,6.56191248376843,6.57365869786298,6.59191248376843,,6.46119750004658,6.51336271733536,6.53748841365156,6.41982483995057,6.5214574163428
305,Dist L1,1340,5,Additive0.015,228497,1125,17,6.56122906386648,6.57365869786298,6.59122906386648,,6.46119750004658,6.51336271733536,6.53748841365156,6.41982483995057,6.5214574163428
306,Oracle,1340,5,Additive0.015,26800,20,2,6.56304529110347,6.57342791737612,6.59304529110347,,6.46103397961416,6.51265763040734,6.53655467710075,6.41886743158,6.52124608048849
306,Oracle Vector,1340,5,Additive0.015,737000,669,5,6.56602303642135,6.57342791737612,6.59602303642135,,6.46103397961416,6.51265763040734,6.53655467710075,6.41886743158,6.52124608048849
306,Value,1340,5,Additive0.015,215094,1097,16,6.56122906386648,6.57342791737612,6.59122906386648,,6.46103397961416,6.51265763040734,6.53655467710075,6.41886743158,6.52124608048849
306,Vector,1340,5,Additive0.015,956760,858,7,6.56191248376843,6.57342791737612,6.59191248376843,,6.46103397961416,6.51265763040734,6.53655467710075,6.41886743158,6.52124608048849
306,Dist L1,1340,5,Additive0.015,228497,1125,17,6.56122906386648,6.57342791737612,6.59122906386648,,6.46103397961416,6.51265763040734,6.53655467710075,6.41886743158,6.52124608048849
307,Oracle,1340,5,Additive0.015,26800,20,2,6.56304529110347,6.57339979385732,6.59304529110347,,6.46056903360419,6.51250977826715,6.53559257679575,6.41798257010007,6.52185330970197
307,Oracle Vector,1340,5,Additive0.015,742360,674,5,6.56602303642135,6.57339979385732,6.59602303642135,,6.46056903360419,6.51250977826715,6.53559257679575,6.41798257010007,6.52185330970197
307,Vector,1340,5,Additive0.015,956760,858,7,6.56191248376843,6.57339979385732,6.59191248376843,,6.46056903360419,6.51250977826715,6.53559257679575,6.41798257010007,6.52185330970197
307,Value,1340,5,Additive0.015,215094,1097,16,6.56122906386648,6.57339979385732,6.59122906386648,,6.46056903360419,6.51250977826715,6.53559257679575,6.41798257010007,6.52185330970197
307,Dist L1,1340,5,Additive0.015,228497,1125,17,6.56122906386648,6.57339979385732,6.59122906386648,,6.46056903360418,6.51250977826715,6.53559257679575,6.41798257010007,6.52185330970197
308,Oracle,1340,5,Additive0.015,26800,20,2,6.56304529110347,6.57352775952798,6.59304529110347,,6.4607138154665,6.51317626074086,6.53528936317456,6.41693256529126,6.52213419457924
308,Oracle Vector,1340,5,Additive0.015,742360,674,5,6.56602303642135,6.57352775952798,6.59602303642135,,6.4607138154665,6.51317626074086,6.53528936317456,6.41693256529126,6.52213419457924
308,Value,1340,5,Additive0.015,215094,1097,16,6.56122906386648,6.57352775952798,6.59122906386648,,6.4607138154665,6.51317626074086,6.53528936317456,6.41693256529126,6.52213419457924
308,Vector,1340,5,Additive0.015,964800,865,7,6.56191248376843,6.57352775952798,6.59191248376843,,6.4607138154665,6.51317626074086,6.53528936317456,6.41693256529126,6.52213419457924
308,Dist L1,1340,5,Additive0.015,228497,1125,17,6.56122906386648,6.57352775952798,6.59122906386648,,6.4607138154665,6.51317626074086,6.53528936317456,6.41693256529126,6.52213419457924
309,Oracle,1340,5,Additive0.015,26800,20,2,6.56304529110347,6.57331930073985,6.59304529110347,,6.46128269714171,6.51264585834569,6.53579632229508,6.41765068479653,6.52205590841053
309,Oracle Vector,1340,5,Additive0.015,742360,674,5,6.56602303642135,6.57331930073985,6.59602303642135,,6.46128269714171,6.51264585834569,6.53579632229508,6.41765068479653,6.52205590841053
309,Value,1340,5,Additive0.015,215094,1097,16,6.56122906386648,6.57331930073985,6.59122906386648,,6.46128269714172,6.51264585834569,6.53579632229507,6.41765068479653,6.52205590841053
309,Vector,1340,5,Additive0.015,964800,865,7,6.56191248376843,6.57331930073985,6.59191248376843,,6.46128269714172,6.51264585834569,6.53579632229507,6.41765068479653,6.52205590841053
309,Dist L1,1340,5,Additive0.015,228497,1125,17,6.56122906386648,6.57331930073985,6.59122906386648,,6.46128269714172,6.51264585834569,6.53579632229507,6.41765068479653,6.52205590841053
310,Oracle,1340,5,Additive0.015,26800,20,2,6.56304529110347,6.57242758682985,6.59304529110347,,6.45994903751096,6.51204101008917,6.53430814686485,6.41623701555522,6.52135270922446
310,Oracle Vector,1340,5,Additive0.015,742360,674,5,6.56602303642135,6.57242758682985,6.59602303642135,,6.45994903751096,6.51204101008917,6.53430814686485,6.41623701555522,6.52135270922446
310,Vector,1340,5,Additive0.015,964800,865,7,6.56191248376843,6.57242758682985,6.59191248376843,,6.45994903751096,6.51204101008917,6.53430814686485,6.41623701555523,6.52135270922446
310,Value,1340,5,Additive0.015,215102,1107,16,6.56122906386648,6.57242758682985,6.59122906386648,,6.45994903751096,6.51204101008917,6.53430814686485,6.41623701555522,6.52135270922446
310,Dist L1,1340,5,Additive0.015,228505,1135,17,6.56122906386648,6.57242758682985,6.59122906386648,,6.45994903751096,6.51204101008917,6.53430814686485,6.41623701555522,6.52135270922446
311,Oracle,1340,5,Additive0.015,26800,20,2,6.56304529110347,6.57224757512155,6.59304529110347,,6.45996494434986,6.51048227168948,6.5338548127552,6.41640780358637,6.52113425386048
311,Oracle Vector,1340,5,Additive0.015,742360,674,5,6.56602303642135,6.57224757512155,6.59602303642135,,6.45996494434986,6.51048227168948,6.5338548127552,6.41640780358637,6.52113425386048
311,Value,1340,5,Additive0.015,215110,1116,16,6.56122906386648,6.57224757512155,6.59122906386648,,6.45996494434987,6.51048227168948,6.5338548127552,6.41640780358637,6.52113425386048
311,Vector,1340,5,Additive0.015,970160,870,7,6.56191248376843,6.57224757512155,6.59191248376843,,6.45996494434987,6.51048227168948,6.5338548127552,6.41640780358637,6.52113425386048
311,Dist L1,1340,5,Additive0.015,228511,1143,17,6.56122906386648,6.57224757512155,6.59122906386648,,6.45996494434987,6.51048227168948,6.5338548127552,6.41640780358637,6.52113425386048
312,Oracle,1340,5,Additive0.015,26800,20,2,6.56304529110347,6.57234950562965,6.59304529110347,,6.4600115548252,6.51138871292165,6.53441090194055,6.41603705983586,6.52003237345171
312,Oracle Vector,1340,5,Additive0.015,742360,674,5,6.56602303642135,6.57234950562965,6.59602303642135,,6.4600115548252,6.51138871292165,6.53441090194055,6.41603705983586,6.52003237345171
312,Vector,1340,5,Additive0.015,970160,870,7,6.56191248376843,6.57234950562965,6.59191248376843,,6.4600115548252,6.51138871292165,6.53441090194055,6.41603705983586,6.52003237345171
312,Value,1340,5,Additive0.015,228515,1139,17,6.55734950562965,6.57234950562965,6.58734950562965,,6.4600115548252,6.51138871292165,6.53441090194055,6.41603705983586,6.52003237345171
312,Dist L1,1340,5,Additive0.015,241916,1165,18,6.55734950562965,6.57234950562965,6.58734950562965,,6.4600115548252,6.51138871292165,6.53441090194055,6.41603705983586,6.52003237345171
313,Oracle,1340,5,Additive0.015,26800,20,2,6.56304529110347,6.57252027552112,6.59304529110347,,6.45987090218721,6.51088713427191,6.53465231565514,6.41658480078091,6.51967406601033
313,Oracle Vector,1340,5,Additive0.015,742360,674,5,6.56602303642135,6.57252027552112,6.59602303642135,,6.45987090218721,6.51088713427191,6.53465231565514,6.41658480078091,6.51967406601033
313,Vector,1340,5,Additive0.015,970160,870,7,6.56191248376843,6.57252027552112,6.59191248376843,,6.45987090218721,6.51088713427191,6.53465231565514,6.41658480078091,6.51967406601033
313,Value,1340,5,Additive0.015,228515,1139,17,6.55734950562965,6.57252027552112,6.58734950562965,,6.45987090218721,6.51088713427191,6.53465231565514,6.41658480078091,6.51967406601033
313,Dist L1,1340,5,Additive0.015,241916,1165,18,6.55734950562965,6.57252027552112,6.58734950562965,,6.45987090218721,6.51088713427191,6.53465231565514,6.41658480078091,6.51967406601033
314,Oracle,1340,5,Additive0.015,26800,20,2,6.56304529110347,6.57284605184518,6.59304529110347,,6.46076928973379,6.51133984023973,6.53458110856122,6.41553254800518,6.51938840554137
314,Vector,1340,5,Additive0.015,970160,870,7,6.56191248376843,6.57284605184518,6.59191248376843,,6.46076928973379,6.51133984023973,6.53458110856122,6.41553254800518,6.51938840554137
314,Value,1340,5,Additive0.015,228515,1139,17,6.55734950562965,6.57284605184518,6.58734950562965,,6.46076928973379,6.51133984023973,6.53458110856122,6.41553254800518,6.51938840554137
314,Oracle Vector,1340,5,Additive0.015,747720,679,5,6.56602303642135,6.57284605184518,6.59602303642135,,6.46076928973379,6.51133984023973,6.53458110856122,6.41553254800518,6.51938840554137
314,Dist L1,1340,5,Additive0.015,241916,1165,18,6.55734950562965,6.57284605184518,6.58734950562965,,6.46076928973379,6.51133984023973,6.53458110856122,6.41553254800518,6.51938840554137
315,Oracle,1340,5,Additive0.015,26800,20,2,6.56304529110347,6.57227444391455,6.59304529110347,,6.4604223598941,6.51197092011615,6.53363112866309,6.41372526720123,6.51666579497006
315,Vector,1340,5,Additive0.015,970160,870,7,6.56191248376843,6.57227444391455,6.59191248376843,,6.4604223598941,6.51197092011615,6.53363112866309,6.41372526720123,6.51666579497006
315,Oracle Vector,1340,5,Additive0.015,747720,679,5,6.56602303642135,6.57227444391455,6.59602303642135,,6.4604223598941,6.51197092011615,6.53363112866309,6.41372526720123,6.51666579497006
315,Value,1340,5,Additive0.015,228515,1139,17,6.55734950562965,6.57227444391455,6.58734950562965,,6.4604223598941,6.51197092011615,6.53363112866309,6.41372526720123,6.51666579497006
315,Dist L1,1340,5,Additive0.015,241916,1165,18,6.55734950562965,6.57227444391455,6.58734950562965,,6.4604223598941,6.51197092011615,6.53363112866309,6.41372526720123,6.51666579497006
316,Oracle,1340,5,Additive0.015,26800,20,2,6.56304529110347,6.57272532567988,6.59304529110347,,6.45968845009223,6.51255019703199,6.53479019582576,6.41347436635224,6.51609910140056
316,Oracle Vector,1340,5,Additive0.015,747720,679,5,6.56602303642135,6.57272532567988,6.59602303642135,,6.45968845009223,6.51255019703199,6.53479019582576,6.41347436635224,6.51609910140056
316,Value,1340,5,Additive0.015,228515,1139,17,6.55734950562965,6.57272532567988,6.58734950562965,,6.45968845009223,6.51255019703199,6.53479019582576,6.41347436635224,6.51609910140056
316,Vector,1340,5,Additive0.015,975520,875,7,6.56191248376843,6.57272532567988,6.59191248376843,,6.45968845009223,6.51255019703199,6.53479019582576,6.41347436635224,6.51609910140056
316,Dist L1,1340,5,Additive0.015,241916,1165,18,6.55734950562965,6.57272532567988,6.58734950562965,,6.45968845009223,6.51255019703199,6.53479019582576,6.41347436635224,6.51609910140056
317,Oracle,1340,5,Additive0.015,26800,20,2,6.56304529110347,6.57308809355792,6.59304529110347,,6.4600441039281,6.51294770598812,6.53480166461147,6.41209049416467,6.51659478989269
317,Oracle Vector,1340,5,Additive0.015,753080,684,5,6.56602303642135,6.57308809355792,6.59602303642135,,6.4600441039281,6.51294770598812,6.53480166461147,6.41209049416467,6.51659478989268
317,Vector,1340,5,Additive0.015,975520,875,7,6.56191248376843,6.57308809355792,6.59191248376843,,6.4600441039281,6.51294770598812,6.53480166461147,6.41209049416467,6.51659478989269
317,Value,1340,5,Additive0.015,228515,1139,17,6.55734950562965,6.57308809355791,6.58734950562965,,6.4600441039281,6.51294770598812,6.53480166461147,6.41209049416467,6.51659478989269
317,Dist L1,1340,5,Additive0.015,241916,1165,18,6.55734950562965,6.57308809355792,6.58734950562965,,6.4600441039281,6.51294770598812,6.53480166461147,6.41209049416467,6.51659478989269
318,Oracle,1340,5,Additive0.015,26800,20,2,6.56304529110347,6.57322149025845,6.59304529110347,,6.46009767792496,6.5129416998426,6.53598845176593,6.41169610337841,6.51639917036136
318,Oracle Vector,1340,5,Additive0.015,753080,684,5,6.56602303642135,6.57322149025845,6.59602303642135,,6.46009767792496,6.5129416998426,6.53598845176593,6.41169610337841,6.51639917036136
318,Value,1340,5,Additive0.015,228515,1139,17,6.55734950562965,6.57322149025845,6.58734950562965,,6.46009767792496,6.5129416998426,6.53598845176593,6.41169610337841,6.51639917036136
318,Vector,1340,5,Additive0.015,980880,880,7,6.56191248376843,6.57322149025845,6.59191248376843,,6.46009767792496,6.5129416998426,6.53598845176593,6.41169610337842,6.51639917036136
318,Dist L1,1340,5,Additive0.015,241916,1165,18,6.55734950562965,6.57322149025845,6.58734950562965,,6.46009767792496,6.5129416998426,6.53598845176593,6.41169610337841,6.51639917036136
319,Oracle,1340,5,Additive0.015,26800,20,2,6.56304529110347,6.57420029356961,6.59304529110347,,6.46299768609332,6.51635913959792,6.53630580928896,6.40981124497948,6.51516686963899
319,Vector,1340,5,Additive0.015,980880,880,7,6.56191248376843,6.57420029356961,6.59191248376843,,6.46299768609332,6.51635913959792,6.53630580928896,6.40981124497948,6.51516686963899
319,Oracle Vector,1340,5,Additive0.015,753080,684,5,6.56602303642135,6.57420029356961,6.59602303642135,,6.46299768609332,6.51635913959792,6.53630580928896,6.40981124497948,6.51516686963899
319,Value,1340,5,Additive0.015,228515,1139,17,6.55734950562965,6.57420029356961,6.58734950562965,,6.46299768609332,6.51635913959792,6.53630580928896,6.40981124497948,6.51516686963899
319,Dist L1,1340,5,Additive0.015,241916,1165,18,6.55734950562965,6.57420029356961,6.58734950562965,,6.46299768609332,6.51635913959792,6.53630580928896,6.40981124497948,6.51516686963899
320,Oracle,1340,5,Additive0.015,26800,20,2,6.56304529110347,6.57375865139149,6.59304529110347,,6.46257071686203,6.51601690360883,6.53539563870382,6.40834970213053,6.51547505826054
320,Oracle Vector,1340,5,Additive0.015,758440,689,5,6.56602303642135,6.57375865139149,6.59602303642135,,6.46257071686203,6.51601690360883,6.53539563870382,6.40834970213053,6.51547505826054
320,Vector,1340,5,Additive0.015,980880,880,7,6.56191248376843,6.57375865139149,6.59191248376843,,6.46257071686203,6.51601690360883,6.53539563870382,6.40834970213053,6.51547505826054
320,Value,1340,5,Additive0.015,228515,1139,17,6.55734950562965,6.57375865139149,6.58734950562965,,6.46257071686203,6.51601690360883,6.53539563870382,6.40834970213053,6.51547505826054
320,Dist L1,1340,5,Additive0.015,241916,1165,18,6.55734950562965,6.57375865139149,6.58734950562965,,6.46257071686203,6.51601690360883,6.53539563870382,6.40834970213053,6.51547505826054
321,Oracle,1340,5,Additive0.015,26800,20,2,6.56304529110347,6.57401740041698,6.59304529110347,,6.46280022256138,6.51637649309469,6.53563887920065,6.40754221099732,6.51510401306915
321,Oracle Vector,1340,5,Additive0.015,758440,689,5,6.56602303642135,6.57401740041698,6.59602303642135,,6.46280022256138,6.51637649309469,6.53563887920065,6.40754221099732,6.51510401306914
321,Vector,1340,5,Additive0.015,980880,880,7,6.56191248376843,6.57401740041698,6.59191248376843,,6.46280022256138,6.51637649309469,6.53563887920065,6.40754221099732,6.51510401306915
321,Value,1340,5,Additive0.015,228515,1139,17,6.55734950562965,6.57401740041698,6.58734950562965,,6.46280022256138,6.51637649309469,6.53563887920065,6.40754221099732,6.51510401306914
321,Dist L1,1340,5,Additive0.015,241916,1165,18,6.55734950562965,6.57401740041698,6.58734950562965,,6.46280022256138,6.51637649309469,6.53563887920065,6.40754221099732,6.51510401306914
322,Oracle,1340,5,Additive0.015,26800,20,2,6.56304529110347,6.574460288766,6.59304529110347,,6.46306164547589,6.51637331940203,6.5355504249198,6.40709060349814,6.51561293952835
322,Oracle Vector,1340,5,Additive0.015,758440,689,5,6.56602303642135,6.574460288766,6.59602303642135,,6.46306164547589,6.51637331940203,6.5355504249198,6.40709060349814,6.51561293952835
322,Value,1340,5,Additive0.015,228515,1139,17,6.55734950562965,6.574460288766,6.58734950562965,,6.46306164547589,6.51637331940203,6.5355504249198,6.40709060349814,6.51561293952835
322,Vector,1340,5,Additive0.015,986240,885,7,6.56191248376843,6.574460288766,6.59191248376843,,6.46306164547589,6.51637331940203,6.5355504249198,6.40709060349814,6.51561293952835
322,Dist L1,1340,5,Additive0.015,241916,1165,18,6.55734950562965,6.574460288766,6.58734950562965,,6.46306164547589,6.51637331940203,6.5355504249198,6.40709060349814,6.51561293952835
323,Oracle,1340,5,Additive0.015,26800,20,2,6.56304529110347,6.57438663116863,6.59304529110347,,6.46323946034241,6.51769605674324,6.53471126760343,6.40580036571504,6.51477748228533
323,Value,1340,5,Additive0.015,228515,1139,17,6.55734950562965,6.57438663116863,6.58734950562965,,6.46323946034241,6.51769605674324,6.53471126760343,6.40580036571504,6.51477748228533
323,Oracle Vector,1340,5,Additive0.015,758440,689,5,6.56602303642135,6.57438663116863,6.59602303642135,,6.46323946034241,6.51769605674324,6.53471126760343,6.40580036571504,6.51477748228533
323,Vector,1340,5,Additive0.015,991600,890,7,6.56191248376843,6.57438663116863,6.59191248376843,,6.46323946034241,6.51769605674324,6.53471126760343,6.40580036571504,6.51477748228533
323,Dist L1,1340,5,Additive0.015,241916,1165,18,6.55734950562965,6.57438663116863,6.58734950562965,,6.46323946034241,6.51769605674324,6.53471126760343,6.40580036571504,6.51477748228533
324,Oracle,1340,5,Additive0.015,26800,20,2,6.56304529110347,6.57414395251923,6.59304529110347,,6.46297939982357,6.51857870202282,6.53420554329157,6.40441097745692,6.5135466511373
324,Oracle Vector,1340,5,Additive0.015,758440,689,5,6.56602303642135,6.57414395251923,6.59602303642135,,6.46297939982357,6.51857870202282,6.53420554329157,6.40441097745692,6.5135466511373
324,Value,1340,5,Additive0.015,228515,1139,17,6.55734950562965,6.57414395251923,6.58734950562965,,6.46297939982357,6.51857870202282,6.53420554329157,6.40441097745692,6.5135466511373
324,Vector,1340,5,Additive0.015,991600,890,7,6.56191248376843,6.57414395251923,6.59191248376843,,6.46297939982357,6.51857870202282,6.53420554329157,6.40441097745692,6.5135466511373
324,Dist L1,1340,5,Additive0.015,241916,1165,18,6.55734950562965,6.57414395251923,6.58734950562965,,6.46297939982357,6.51857870202282,6.53420554329157,6.40441097745692,6.5135466511373
325,Oracle,1340,5,Additive0.015,26800,20,2,6.56304529110347,6.5731391802835,6.59304529110347,,6.46284705725771,6.51800372232148,6.53283307201201,6.40257045794347,6.51239519426849
325,Oracle Vector,1340,5,Additive0.015,758440,689,5,6.56602303642135,6.5731391802835,6.59602303642135,,6.46284705725771,6.51800372232148,6.53283307201201,6.40257045794346,6.51239519426849
325,Value,1340,5,Additive0.015,228515,1139,17,6.55734950562965,6.5731391802835,6.58734950562965,,6.46284705725771,6.51800372232148,6.53283307201201,6.40257045794346,6.51239519426849
325,Vector,1340,5,Additive0.015,991600,890,7,6.56191248376843,6.5731391802835,6.59191248376843,,6.46284705725771,6.51800372232148,6.53283307201201,6.40257045794347,6.51239519426849
325,Dist L1,1340,5,Additive0.015,241916,1165,18,6.55734950562965,6.5731391802835,6.58734950562965,,6.46284705725771,6.51800372232148,6.53283307201201,6.40257045794346,6.51239519426849
326,Oracle,1340,5,Additive0.015,26800,20,2,6.56304529110347,6.57285429426654,6.59304529110347,,6.46258865952707,6.51793741119077,6.53234644177332,6.40270126036774,6.51257935476981
326,Value,1340,5,Additive0.015,228515,1139,17,6.55734950562965,6.57285429426654,6.58734950562965,,6.46258865952707,6.51793741119076,6.53234644177332,6.40270126036773,6.51257935476981
326,Oracle Vector,1340,5,Additive0.015,763800,694,5,6.56602303642135,6.57285429426654,6.59602303642135,,6.46258865952707,6.51793741119076,6.53234644177332,6.40270126036773,6.51257935476981
326,Vector,1340,5,Additive0.015,996960,895,7,6.56191248376843,6.57285429426654,6.59191248376843,,6.46258865952707,6.51793741119076,6.53234644177332,6.40270126036773,6.51257935476981
326,Dist L1,1340,5,Additive0.015,241916,1165,18,6.55734950562965,6.57285429426654,6.58734950562965,,6.46258865952707,6.51793741119076,6.53234644177332,6.40270126036773,6.51257935476981
327,Oracle,1340,5,Additive0.015,26800,20,2,6.56304529110347,6.57195869529947,6.59304529110347,,6.46105434137795,6.51703702119207,6.53095137840903,6.40147439008078,6.51166508457988
327,Value,1340,5,Additive0.015,228519,1144,17,6.55734950562965,6.57195869529947,6.58734950562965,,6.46105434137795,6.51703702119207,6.53095137840903,6.40147439008078,6.51166508457987
327,Oracle Vector,1340,5,Additive0.015,771840,701,5,6.56602303642135,6.57195869529947,6.59602303642135,,6.46105434137795,6.51703702119208,6.53095137840903,6.40147439008078,6.51166508457988
327,Vector,1340,5,Additive0.015,996960,895,7,6.56191248376843,6.57195869529947,6.59191248376843,,6.46105434137795,6.51703702119207,6.53095137840903,6.40147439008078,6.51166508457988
327,Dist L1,1340,5,Additive0.015,241920,1170,18,6.55734950562965,6.57195869529947,6.58734950562965,,6.46105434137795,6.51703702119208,6.53095137840903,6.40147439008078,6.51166508457987
328,Oracle,1340,5,Additive0.015,26800,20,2,6.56304529110347,6.57130752797791,6.59304529110347,,6.45966957269007,6.51738640185896,6.53061410127276,6.40065037636112,6.50967516397257
328,Oracle Vector,1340,5,Additive0.015,771840,701,5,6.56602303642135,6.57130752797791,6.59602303642135,,6.45966957269007,6.51738640185896,6.53061410127276,6.40065037636112,6.50967516397257
328,Value,1340,5,Additive0.015,228525,1152,17,6.55734950562965,6.57130752797792,6.58734950562965,,6.45966957269007,6.51738640185896,6.53061410127276,6.40065037636112,6.50967516397257
328,Vector,1340,5,Additive0.015,1002320,900,7,6.56191248376843,6.57130752797792,6.59191248376843,,6.45966957269007,6.51738640185896,6.53061410127276,6.40065037636112,6.50967516397257
328,Dist L1,1340,5,Additive0.015,241926,1178,18,6.55734950562965,6.57130752797792,6.58734950562965,,6.45966957269006,6.51738640185896,6.53061410127276,6.40065037636112,6.50967516397257
329,Oracle,1340,5,Additive0.015,26800,20,2,6.56304529110347,6.57031822121445,6.59304529110347,,6.45914952573688,6.51713298959401,6.52947494345741,6.39873508454759,6.50863237867748
329,Oracle Vector,1340,5,Additive0.015,771840,701,5,6.56602303642135,6.57031822121445,6.59602303642135,,6.45914952573688,6.51713298959401,6.52947494345741,6.39873508454759,6.50863237867748
329,Value,1340,5,Additive0.015,228531,1159,17,6.55734950562965,6.57031822121445,6.58734950562965,,6.45914952573688,6.51713298959401,6.52947494345741,6.39873508454759,6.50863237867748
329,Vector,1340,5,Additive0.015,1007680,905,7,6.56191248376843,6.57031822121445,6.59191248376843,,6.45914952573688,6.51713298959401,6.52947494345741,6.39873508454759,6.50863237867748
329,Dist L1,1340,5,Additive0.015,241934,1187,18,6.55734950562965,6.57031822121445,6.58734950562965,,6.45914952573688,6.51713298959401,6.52947494345741,6.39873508454759,6.50863237867748
330,Oracle,1340,5,Additive0.015,26800,20,2,6.56304529110347,6.57044835993149,6.59304529110347,,6.46047549722326,6.51749729105182,6.52918640241932,6.3980955340311,6.50857643948301
330,Oracle Vector,1340,5,Additive0.015,771840,701,5,6.56602303642135,6.57044835993149,6.59602303642135,,6.46047549722326,6.51749729105182,6.52918640241932,6.3980955340311,6.50857643948301
330,Vector,1340,5,Additive0.015,1013040,910,7,6.56191248376843,6.57044835993149,6.59191248376843,,6.46047549722326,6.51749729105182,6.52918640241933,6.3980955340311,6.50857643948301
330,Value,1340,5,Additive0.015,241936,1181,18,6.55544835993149,6.57044835993149,6.58544835993149,,6.46047549722326,6.51749729105182,6.52918640241933,6.3980955340311,6.50857643948301
330,Dist L1,1340,5,Additive0.015,255339,1209,19,6.55544835993149,6.57044835993149,6.58544835993149,,6.46047549722326,6.51749729105182,6.52918640241933,6.3980955340311,6.50857643948301
331,Oracle,1340,5,Additive0.015,26800,20,2,6.56304529110347,6.57076656809294,6.59304529110347,,6.46114780040516,6.51761394112728,6.52960723560515,6.39777897380563,6.50879438139377
331,Oracle Vector,1340,5,Additive0.015,777200,706,5,6.56602303642135,6.57076656809294,6.59602303642135,,6.46114780040516,6.51761394112728,6.52960723560515,6.39777897380563,6.50879438139377
331,Value,1340,5,Additive0.015,241936,1181,18,6.55544835993149,6.57076656809294,6.58544835993149,,6.46114780040516,6.51761394112728,6.52960723560515,6.39777897380563,6.50879438139377
331,Vector,1340,5,Additive0.015,1013040,910,7,6.56191248376843,6.57076656809294,6.59191248376843,,6.46114780040516,6.51761394112728,6.52960723560515,6.39777897380563,6.50879438139377
331,Dist L1,1340,5,Additive0.015,255339,1209,19,6.55544835993149,6.57076656809294,6.58544835993149,,6.46114780040516,6.51761394112728,6.52960723560515,6.39777897380563,6.50879438139377
332,Oracle,1340,5,Additive0.015,26800,20,2,6.56304529110347,6.57071505823391,6.59304529110347,,6.46159385942733,6.51755963155721,6.53029631419503,6.39651079011598,6.50928489797379
332,Oracle Vector,1340,5,Additive0.015,782560,711,5,6.56602303642135,6.57071505823391,6.59602303642135,,6.46159385942733,6.51755963155721,6.53029631419503,6.39651079011598,6.50928489797379
332,Vector,1340,5,Additive0.015,1013040,910,7,6.56191248376843,6.57071505823391,6.59191248376843,,6.46159385942733,6.51755963155721,6.53029631419503,6.39651079011598,6.50928489797379
332,Value,1340,5,Additive0.015,241936,1181,18,6.55544835993149,6.57071505823391,6.58544835993149,,6.46159385942733,6.51755963155721,6.53029631419503,6.39651079011598,6.50928489797379
332,Dist L1,1340,5,Additive0.015,255339,1209,19,6.55544835993149,6.57071505823391,6.58544835993149,,6.46159385942733,6.51755963155721,6.53029631419503,6.39651079011598,6.50928489797379
333,Oracle,1340,5,Additive0.015,26800,20,2,6.56304529110347,6.57052691794895,6.59304529110347,,6.46222000395723,6.5166696289985,6.52984205469458,6.39679958060324,6.50909229253335
333,Oracle Vector,1340,5,Additive0.015,782560,711,5,6.56602303642135,6.57052691794895,6.59602303642135,,6.46222000395723,6.5166696289985,6.52984205469458,6.39679958060324,6.50909229253334
333,Value,1340,5,Additive0.015,241936,1181,18,6.55544835993149,6.57052691794895,6.58544835993149,,6.46222000395723,6.5166696289985,6.52984205469458,6.39679958060324,6.50909229253335
333,Vector,1340,5,Additive0.015,1013040,910,7,6.56191248376843,6.57052691794895,6.59191248376843,,6.46222000395723,6.5166696289985,6.52984205469458,6.39679958060324,6.50909229253335
333,Dist L1,1340,5,Additive0.015,255339,1209,19,6.55544835993149,6.57052691794895,6.58544835993149,,6.46222000395723,6.5166696289985,6.52984205469458,6.39679958060324,6.50909229253335
334,Oracle,1340,5,Additive0.015,26800,20,2,6.56304529110347,6.56977761020426,6.59304529110347,,6.46229828444508,6.51517280960671,6.52970459895461,6.3952005159864,6.5087865936957
334,Oracle Vector,1340,5,Additive0.015,782560,711,5,6.56602303642135,6.56977761020426,6.59602303642135,,6.46229828444508,6.51517280960671,6.52970459895461,6.3952005159864,6.5087865936957
334,Value,1340,5,Additive0.015,241936,1181,18,6.55544835993149,6.56977761020426,6.58544835993149,,6.46229828444508,6.51517280960671,6.52970459895461,6.3952005159864,6.5087865936957
334,Vector,1340,5,Additive0.015,1018400,915,7,6.56191248376843,6.56977761020426,6.59191248376843,,6.46229828444508,6.51517280960671,6.52970459895461,6.3952005159864,6.5087865936957
334,Dist L1,1340,5,Additive0.015,255339,1209,19,6.55544835993149,6.56977761020426,6.58544835993149,,6.46229828444508,6.51517280960671,6.52970459895461,6.3952005159864,6.5087865936957
335,Oracle,1340,5,Additive0.015,26800,20,2,6.56304529110347,6.56977397092333,6.59304529110347,,6.46210642531709,6.51426947368945,6.52982308265014,6.39540715183904,6.50910427808381
335,Oracle Vector,1340,5,Additive0.015,782560,711,5,6.56602303642135,6.56977397092333,6.59602303642135,,6.46210642531709,6.51426947368945,6.52982308265014,6.39540715183904,6.50910427808381
335,Value,1340,5,Additive0.015,241936,1181,18,6.55544835993149,6.56977397092333,6.58544835993149,,6.46210642531709,6.51426947368945,6.52982308265014,6.39540715183904,6.50910427808381
335,Vector,1340,5,Additive0.015,1023760,920,7,6.56191248376843,6.56977397092333,6.59191248376843,,6.46210642531709,6.51426947368945,6.52982308265014,6.39540715183904,6.50910427808381
335,Dist L1,1340,5,Additive0.015,255339,1209,19,6.55544835993149,6.56977397092333,6.58544835993149,,6.46210642531709,6.51426947368945,6.52982308265014,6.39540715183904,6.50910427808381
336,Oracle,1340,5,Additive0.015,26800,20,2,6.56304529110347,6.57063932744281,6.59304529110347,,6.46251241806256,6.515147435153,6.53085732595479,6.39584560534588,6.50882369771295
336,Oracle Vector,1340,5,Additive0.015,782560,711,5,6.56602303642135,6.57063932744281,6.59602303642135,,6.46251241806256,6.515147435153,6.53085732595479,6.39584560534588,6.50882369771295
336,Vector,1340,5,Additive0.015,1023760,920,7,6.56191248376843,6.57063932744281,6.59191248376843,,6.46251241806256,6.51514743515301,6.53085732595479,6.39584560534588,6.50882369771295
336,Value,1340,5,Additive0.015,241936,1181,18,6.55544835993149,6.57063932744281,6.58544835993149,,6.46251241806256,6.515147435153,6.53085732595479,6.39584560534588,6.50882369771295
336,Dist L1,1340,5,Additive0.015,255339,1209,19,6.55544835993149,6.57063932744281,6.58544835993149,,6.46251241806256,6.51514743515301,6.53085732595479,6.39584560534588,6.50882369771295
337,Oracle,1340,5,Additive0.015,26800,20,2,6.56304529110347,6.57063811663779,6.59304529110347,,6.46274172703394,6.51450219602355,6.53143621254141,6.39647929397925,6.5084835570916
337,Oracle Vector,1340,5,Additive0.015,787920,716,5,6.56602303642135,6.57063811663779,6.59602303642135,,6.46274172703394,6.51450219602355,6.53143621254141,6.39647929397925,6.5084835570916
337,Value,1340,5,Additive0.015,241936,1181,18,6.55544835993149,6.57063811663779,6.58544835993149,,6.46274172703394,6.51450219602355,6.53143621254141,6.39647929397925,6.5084835570916
337,Vector,1340,5,Additive0.015,1023760,920,7,6.56191248376843,6.57063811663779,6.59191248376843,,6.46274172703394,6.51450219602355,6.53143621254141,6.39647929397925,6.5084835570916
337,Dist L1,1340,5,Additive0.015,255339,1209,19,6.55544835993149,6.57063811663779,6.58544835993149,,6.46274172703394,6.51450219602355,6.53143621254141,6.39647929397925,6.5084835570916
338,Oracle,1340,5,Additive0.015,26800,20,2,6.56304529110347,6.57120171591686,6.59304529110347,,6.46318957355405,6.51529022278511,6.5314929744245,6.39560691516739,6.50834468721584
338,Oracle Vector,1340,5,Additive0.015,787920,716,5,6.56602303642135,6.57120171591686,6.59602303642135,,6.46318957355405,6.51529022278511,6.5314929744245,6.39560691516739,6.50834468721584
338,Value,1340,5,Additive0.015,241936,1181,18,6.55544835993149,6.57120171591686,6.58544835993149,,6.46318957355405,6.51529022278511,6.5314929744245,6.39560691516739,6.50834468721584
338,Vector,1340,5,Additive0.015,1023760,920,7,6.56191248376843,6.57120171591686,6.59191248376843,,6.46318957355405,6.51529022278512,6.5314929744245,6.39560691516739,6.50834468721584
338,Dist L1,1340,5,Additive0.015,255339,1209,19,6.55544835993149,6.57120171591686,6.58544835993149,,6.46318957355405,6.51529022278511,6.5314929744245,6.39560691516739,6.50834468721584
339,Oracle,1340,5,Additive0.015,26800,20,2,6.56304529110347,6.57130857252311,6.59304529110347,,6.46272381889311,6.51474258651198,6.53134164219469,6.39571653470168,6.50863512214329
339,Oracle Vector,1340,5,Additive0.015,787920,716,5,6.56602303642135,6.57130857252311,6.59602303642135,,6.46272381889311,6.51474258651198,6.53134164219469,6.39571653470168,6.50863512214329
339,Value,1340,5,Additive0.015,241936,1181,18,6.55544835993149,6.57130857252311,6.58544835993149,,6.46272381889311,6.51474258651198,6.53134164219469,6.39571653470168,6.50863512214329
339,Vector,1340,5,Additive0.015,1029120,925,7,6.56191248376843,6.57130857252311,6.59191248376843,,6.46272381889311,6.51474258651198,6.53134164219469,6.39571653470168,6.50863512214329
339,Dist L1,1340,5,Additive0.015,255339,1209,19,6.55544835993149,6.57130857252311,6.58544835993149,,6.46272381889311,6.51474258651198,6.53134164219469,6.39571653470168,6.50863512214329
340,Oracle,1340,5,Additive0.015,26800,20,2,6.56304529110347,6.57170101605655,6.59304529110347,,6.46363529260303,6.51556259951666,6.53088230111908,6.39499713161962,6.50895824063448
340,Oracle Vector,1340,5,Additive0.015,787920,716,5,6.56602303642135,6.57170101605655,6.59602303642135,,6.46363529260303,6.51556259951666,6.53088230111908,6.39499713161962,6.50895824063449
340,Vector,1340,5,Additive0.015,1034480,930,7,6.56191248376843,6.57170101605655,6.59191248376843,,6.46363529260303,6.51556259951665,6.53088230111908,6.39499713161963,6.50895824063449
340,Value,1340,5,Additive0.015,241936,1181,18,6.55544835993149,6.57170101605655,6.58544835993149,,6.46363529260303,6.51556259951666,6.53088230111908,6.39499713161962,6.50895824063449
340,Dist L1,1340,5,Additive0.015,255339,1209,19,6.55544835993149,6.57170101605655,6.58544835993149,,6.46363529260303,6.51556259951666,6.53088230111908,6.39499713161962,6.50895824063449
341,Oracle,1340,5,Additive0.015,26800,20,2,6.56304529110347,6.5729463777605,6.59304529110347,,6.46438587206937,6.5168425042298,6.5311081523891,6.39657302239027,6.51003916636954
341,Vector,1340,5,Additive0.015,1034480,930,7,6.56191248376843,6.5729463777605,6.59191248376843,,6.46438587206937,6.5168425042298,6.5311081523891,6.39657302239027,6.51003916636954
341,Oracle Vector,1340,5,Additive0.015,787920,716,5,6.56602303642135,6.5729463777605,6.59602303642135,,6.46438587206937,6.5168425042298,6.5311081523891,6.39657302239027,6.51003916636954
341,Value,1340,5,Additive0.015,241936,1181,18,6.55544835993149,6.5729463777605,6.58544835993149,,6.46438587206937,6.5168425042298,6.5311081523891,6.39657302239027,6.51003916636954
341,Dist L1,1340,5,Additive0.015,255339,1209,19,6.55544835993149,6.5729463777605,6.58544835993149,,6.46438587206937,6.5168425042298,6.5311081523891,6.39657302239027,6.51003916636954
342,Oracle,1340,5,Additive0.015,26800,20,2,6.56304529110347,6.57470581493283,6.59304529110347,,6.4660294028905,6.5178436919641,6.53266980618072,6.39878928005701,6.51200037260055
342,Value,1340,5,Additive0.015,241936,1181,18,6.55544835993149,6.57470581493283,6.58544835993149,,6.4660294028905,6.5178436919641,6.53266980618072,6.39878928005701,6.51200037260055
342,Vector,1340,5,Additive0.015,1034480,930,7,6.56191248376843,6.57470581493283,6.59191248376843,,6.4660294028905,6.5178436919641,6.53266980618072,6.39878928005701,6.51200037260055
342,Oracle Vector,1340,5,Additive0.015,793280,721,5,6.56602303642135,6.57470581493283,6.59602303642135,,6.4660294028905,6.5178436919641,6.53266980618072,6.39878928005701,6.51200037260055
342,Dist L1,1340,5,Additive0.015,255339,1209,19,6.55544835993149,6.57470581493283,6.58544835993149,,6.4660294028905,6.5178436919641,6.53266980618072,6.39878928005701,6.51200037260055
343,Oracle,1340,5,Additive0.015,26800,20,2,6.56304529110347,6.57610986871957,6.59304529110347,,6.46742118533455,6.51870431384233,6.53340542361221,6.40025953154493,6.51290041676297
343,Oracle Vector,1340,5,Additive0.015,793280,721,5,6.56602303642135,6.57610986871957,6.59602303642135,,6.46742118533456,6.51870431384233,6.53340542361221,6.40025953154493,6.51290041676297
343,Value,1340,5,Additive0.015,241936,1181,18,6.55544835993149,6.57610986871957,6.58544835993149,,6.46742118533456,6.51870431384233,6.53340542361221,6.40025953154493,6.51290041676297
343,Vector,1340,5,Additive0.015,1034480,930,7,6.56191248376843,6.57610986871957,6.59191248376843,,6.46742118533455,6.51870431384233,6.53340542361221,6.40025953154493,6.51290041676297
343,Dist L1,1340,5,Additive0.015,255339,1209,19,6.55544835993149,6.57610986871957,6.58544835993149,,6.46742118533455,6.51870431384233,6.53340542361221,6.40025953154493,6.51290041676298
344,Oracle,1340,5,Additive0.015,26800,20,2,6.56304529110347,6.57695331392019,6.59304529110347,,6.46754983830345,6.51974098597215,6.5348068014404,6.40016949784241,6.51315575430779
344,Oracle Vector,1340,5,Additive0.015,793280,721,5,6.56602303642135,6.57695331392019,6.59602303642135,,6.46754983830345,6.51974098597215,6.5348068014404,6.40016949784241,6.51315575430779
344,Value,1340,5,Additive0.015,241940,1186,18,6.55544835993149,6.57695331392019,6.58544835993149,,6.46754983830345,6.51974098597215,6.5348068014404,6.40016949784241,6.51315575430779
344,Vector,1340,5,Additive0.015,1042520,937,7,6.56191248376843,6.57695331392019,6.59191248376843,,6.46754983830345,6.51974098597215,6.5348068014404,6.40016949784241,6.51315575430779
344,Dist L1,1340,5,Additive0.015,255343,1214,19,6.55544835993149,6.57695331392019,6.58544835993149,,6.46754983830345,6.51974098597215,6.5348068014404,6.40016949784241,6.51315575430779
345,Oracle,1340,5,Additive0.015,26800,20,2,6.56304529110347,6.57770464313935,6.59304529110347,,6.46816309029053,6.52042836996042,6.53533287591602,6.40001417549576,6.5135807533248
345,Oracle Vector,1340,5,Additive0.015,793280,721,5,6.56602303642135,6.57770464313935,6.59602303642135,,6.46816309029053,6.52042836996042,6.53533287591602,6.40001417549576,6.5135807533248
345,Value,1340,5,Additive0.015,241944,1191,18,6.55544835993149,6.57770464313935,6.58544835993149,,6.46816309029053,6.52042836996042,6.53533287591602,6.40001417549576,6.5135807533248
345,Vector,1340,5,Additive0.015,1050560,944,7,6.56191248376843,6.57770464313935,6.59191248376843,,6.46816309029053,6.52042836996042,6.53533287591602,6.40001417549576,6.5135807533248
345,Dist L1,1340,5,Additive0.015,255343,1214,19,6.55544835993149,6.57770464313935,6.58544835993149,,6.46816309029053,6.52042836996042,6.53533287591602,6.40001417549576,6.5135807533248
346,Oracle,1340,5,Additive0.015,26800,20,2,6.56304529110347,6.5791950645857,6.59304529110347,,6.46980246094779,6.52160356919887,6.53710473584706,6.40019999956093,6.51479467757438
346,Oracle Vector,1340,5,Additive0.015,793280,721,5,6.56602303642135,6.5791950645857,6.59602303642135,,6.46980246094779,6.52160356919887,6.53710473584706,6.40019999956093,6.51479467757438
346,Value,1340,5,Additive0.015,241954,1204,18,6.55544835993149,6.5791950645857,6.58544835993149,,6.46980246094779,6.52160356919887,6.53710473584706,6.40019999956093,6.51479467757438
346,Vector,1340,5,Additive0.015,1061280,953,7,6.56191248376843,6.5791950645857,6.59191248376843,,6.46980246094779,6.52160356919887,6.53710473584706,6.40019999956093,6.51479467757438
346,Dist L1,1340,5,Additive0.015,255347,1219,19,6.55544835993149,6.5791950645857,6.58544835993149,,6.46980246094779,6.52160356919887,6.53710473584706,6.40019999956093,6.51479467757438
347,Oracle,1340,5,Additive0.015,26800,20,2,6.56304529110347,6.58038983715728,6.59304529110347,,6.47079057368878,6.52338471859132,6.53795907223422,6.40124167849167,6.51540061413203
347,Value,1340,5,Additive0.015,241954,1204,18,6.55544835993149,6.58038983715728,6.58544835993149,,6.47079057368878,6.52338471859132,6.53795907223422,6.40124167849167,6.51540061413203
347,Vector,1340,5,Additive0.015,1066640,958,7,6.56191248376843,6.58038983715728,6.59191248376843,,6.47079057368878,6.52338471859132,6.53795907223422,6.40124167849167,6.51540061413203
347,Oracle Vector,1340,5,Additive0.015,801320,728,5,6.56602303642135,6.58038983715728,6.59602303642135,,6.47079057368878,6.52338471859132,6.53795907223422,6.40124167849167,6.51540061413203
347,Dist L1,1340,5,Additive0.015,255355,1229,19,6.55544835993149,6.58038983715728,6.58544835993149,,6.47079057368878,6.52338471859132,6.53795907223422,6.40124167849167,6.51540061413203
348,Oracle,1340,5,Additive0.015,26800,20,2,6.56304529110347,6.58186958208718,6.59304529110347,,6.4728290644438,6.52487298775603,6.53934445477498,6.40157895635826,6.51607789441836
348,Oracle Vector,1340,5,Additive0.015,801320,728,5,6.56602303642135,6.58186958208718,6.59602303642135,,6.4728290644438,6.52487298775603,6.53934445477498,6.40157895635826,6.51607789441836
348,Vector,1340,5,Additive0.015,1080040,968,8,6.56686958208718,6.58186958208718,6.59686958208718,,6.4728290644438,6.52487298775603,6.53934445477498,6.40157895635826,6.51607789441836
348,Value,1340,5,Additive0.015,255359,1226,19,6.56686958208718,6.58186958208718,6.59686958208718,,6.4728290644438,6.52487298775603,6.53934445477498,6.40157895635826,6.51607789441836
348,Dist L1,1340,5,Additive0.015,268760,1250,20,6.56686958208718,6.58186958208718,6.59686958208718,,6.4728290644438,6.52487298775603,6.53934445477498,6.40157895635826,6.51607789441836
349,Oracle,1340,5,Additive0.015,26800,20,2,6.56304529110347,6.58270552993567,6.59304529110347,,6.4748920733556,6.52678106374031,6.53984355478491,6.40197771759285,6.51672104752006
349,Oracle Vector,1340,5,Additive0.015,801320,728,5,6.56602303642135,6.58270552993567,6.59602303642135,,6.4748920733556,6.52678106374031,6.53984355478491,6.40197771759285,6.51672104752006
349,Value,1340,5,Additive0.015,255359,1226,19,6.56686958208718,6.58270552993567,6.59686958208718,,6.4748920733556,6.52678106374031,6.53984355478491,6.40197771759285,6.51672104752006
349,Vector,1340,5,Additive0.015,1080040,968,8,6.56686958208718,6.58270552993567,6.59686958208718,,6.4748920733556,6.52678106374031,6.53984355478491,6.40197771759285,6.51672104752006
349,Dist L1,1340,5,Additive0.015,268760,1250,20,6.56686958208718,6.58270552993567,6.59686958208718,,6.4748920733556,6.52678106374031,6.53984355478491,6.40197771759285,6.51672104752006
350,Oracle,1340,5,Additive0.015,26800,20,2,6.56304529110347,6.58442472101383,6.59304529110347,,6.47743298420606,6.52831858635337,6.54150719189746,6.40233325909361,6.517111302501
350,Value,1340,5,Additive0.015,255359,1226,19,6.56686958208718,6.58442472101383,6.59686958208718,,6.47743298420606,6.52831858635337,6.54150719189746,6.40233325909361,6.517111302501
350,Oracle Vector,1340,5,Additive0.015,814720,740,5,6.56602303642135,6.58442472101383,6.59602303642135,,6.47743298420606,6.52831858635337,6.54150719189746,6.40233325909361,6.517111302501
350,Vector,1340,5,Additive0.015,1080040,968,8,6.56686958208718,6.58442472101383,6.59686958208718,,6.47743298420606,6.52831858635336,6.54150719189746,6.40233325909361,6.517111302501
350,Dist L1,1340,5,Additive0.015,268760,1250,20,6.56686958208718,6.58442472101383,6.59686958208718,,6.47743298420606,6.52831858635337,6.54150719189746,6.40233325909361,6.517111302501
351,Oracle,1340,5,Additive0.015,26800,20,2,6.56304529110347,6.58619055115562,6.59304529110347,,6.47996020415041,6.53167149588674,6.54323543992941,6.40315656367604,6.51674160550167
351,Vector,1340,5,Additive0.015,1080040,968,8,6.56686958208718,6.58619055115562,6.59686958208718,,6.47996020415041,6.53167149588674,6.54323543992941,6.40315656367604,6.51674160550167
351,Value,1340,5,Additive0.015,255359,1226,19,6.56686958208718,6.58619055115562,6.59686958208718,,6.47996020415041,6.53167149588674,6.54323543992941,6.40315656367603,6.51674160550167
351,Oracle Vector,1340,5,Additive0.015,828120,751,6,6.57119055115562,6.58619055115562,6.60119055115562,,6.47996020415041,6.53167149588674,6.54323543992941,6.40315656367603,6.51674160550167
351,Dist L1,1340,5,Additive0.015,268760,1250,20,6.56686958208718,6.58619055115562,6.59686958208718,,6.47996020415041,6.53167149588674,6.54323543992941,6.40315656367603,6.51674160550167
352,Oracle,1340,5,Additive0.015,26800,20,2,6.56304529110347,6.5881782359263,6.59304529110347,,6.48311244477461,6.53498310452862,6.54480636059174,6.40558536529905,6.51717994038915
352,Value,1340,5,Additive0.015,255359,1226,19,6.56686958208718,6.5881782359263,6.59686958208718,,6.48311244477461,6.53498310452862,6.54480636059174,6.40558536529905,6.51717994038915
352,Oracle Vector,1340,5,Additive0.015,828120,751,6,6.57119055115562,6.5881782359263,6.60119055115562,,6.48311244477461,6.53498310452862,6.54480636059174,6.40558536529905,6.51717994038915
352,Vector,1340,5,Additive0.015,1080040,968,8,6.56686958208718,6.5881782359263,6.59686958208718,,6.48311244477461,6.53498310452862,6.54480636059174,6.40558536529905,6.51717994038915
352,Dist L1,1340,5,Additive0.015,268760,1250,20,6.56686958208718,6.5881782359263,6.59686958208718,,6.4831124447746,6.53498310452862,6.54480636059174,6.40558536529905,6.51717994038915
353,Oracle,1340,5,Additive0.015,26800,20,2,6.56304529110347,6.58885039081111,6.59304529110347,,6.48514688394515,6.53597258144383,6.54563839051271,6.40556162435111,6.51809545893427
353,Oracle Vector,1340,5,Additive0.015,828120,751,6,6.57119055115562,6.5888503908111,6.60119055115562,,6.48514688394515,6.53597258144383,6.54563839051271,6.40556162435111,6.51809545893427
353,Vector,1340,5,Additive0.015,1080040,968,8,6.56686958208718,6.58885039081111,6.59686958208718,,6.48514688394515,6.53597258144383,6.54563839051271,6.40556162435111,6.51809545893427
353,Value,1340,5,Additive0.015,255359,1226,19,6.56686958208718,6.58885039081111,6.59686958208718,,6.48514688394515,6.53597258144383,6.54563839051271,6.40556162435111,6.51809545893427
353,Dist L1,1340,5,Additive0.015,268760,1250,20,6.56686958208718,6.5888503908111,6.59686958208718,,6.48514688394515,6.53597258144383,6.54563839051271,6.40556162435111,6.51809545893427
354,Oracle,1340,5,Additive0.015,26800,20,2,6.56304529110347,6.58905428437984,6.59304529110347,,6.48601802415076,6.53616265626958,6.54545583350695,6.40570587016869,6.51839730754779
354,Oracle Vector,1340,5,Additive0.015,828120,751,6,6.57119055115562,6.58905428437984,6.60119055115562,,6.48601802415076,6.53616265626958,6.54545583350695,6.40570587016869,6.51839730754779
354,Value,1340,5,Additive0.015,255365,1233,19,6.56686958208718,6.58905428437984,6.59686958208718,,6.48601802415076,6.53616265626958,6.54545583350695,6.40570587016869,6.51839730754779
354,Vector,1340,5,Additive0.015,1088080,975,8,6.56686958208718,6.58905428437984,6.59686958208718,,6.48601802415076,6.53616265626958,6.54545583350695,6.40570587016869,6.51839730754779
354,Dist L1,1340,5,Additive0.015,268766,1257,20,6.56686958208718,6.58905428437984,6.59686958208718,,6.48601802415076,6.53616265626958,6.54545583350695,6.40570587016869,6.51839730754779
355,Oracle,1340,5,Additive0.015,26800,20,2,6.56304529110347,6.58960947843053,6.59304529110347,,6.48718438030907,6.53653720350541,6.5462383626516,6.40572770336873,6.51851668322698
355,Value,1340,5,Additive0.015,255365,1233,19,6.56686958208718,6.58960947843053,6.59686958208718,,6.48718438030907,6.53653720350541,6.5462383626516,6.40572770336873,6.51851668322698
355,Oracle Vector,1340,5,Additive0.015,828120,751,6,6.57119055115562,6.58960947843053,6.60119055115562,,6.48718438030907,6.53653720350541,6.5462383626516,6.40572770336873,6.51851668322698
355,Vector,1340,5,Additive0.015,1088080,975,8,6.56686958208718,6.58960947843053,6.59686958208718,,6.48718438030907,6.53653720350541,6.5462383626516,6.40572770336873,6.51851668322698
355,Dist L1,1340,5,Additive0.015,268766,1257,20,6.56686958208718,6.58960947843053,6.59686958208718,,6.48718438030907,6.53653720350541,6.5462383626516,6.40572770336873,6.51851668322698
356,Oracle,1340,5,Additive0.015,26800,20,2,6.56304529110347,6.59019774444557,6.59304529110347,,6.48927456279579,6.53734713136292,6.54730613351035,6.40694958796499,6.51828309064998
356,Value,1340,5,Additive0.015,255365,1233,19,6.56686958208718,6.59019774444558,6.59686958208718,,6.48927456279579,6.53734713136292,6.54730613351035,6.40694958796499,6.51828309064998
356,Oracle Vector,1340,5,Additive0.015,828120,751,6,6.57119055115562,6.59019774444557,6.60119055115562,,6.48927456279579,6.53734713136292,6.54730613351035,6.40694958796499,6.51828309064998
356,Vector,1340,5,Additive0.015,1088080,975,8,6.56686958208718,6.59019774444557,6.59686958208718,,6.48927456279579,6.53734713136292,6.54730613351035,6.406949587965,6.51828309064998
356,Dist L1,1340,5,Additive0.015,268766,1257,20,6.56686958208718,6.59019774444557,6.59686958208718,,6.48927456279579,6.53734713136292,6.54730613351035,6.40694958796499,6.51828309064998
357,Oracle,1340,5,Additive0.015,26800,20,2,6.56304529110347,6.59132060650821,6.59304529110347,,6.49210492683654,6.53840463580161,6.54846895889439,6.40802774473431,6.52007875985274
357,Oracle Vector,1340,5,Additive0.015,828120,751,6,6.57119055115562,6.59132060650821,6.60119055115562,,6.49210492683654,6.53840463580161,6.54846895889439,6.40802774473431,6.52007875985274
357,Value,1340,5,Additive0.015,255375,1245,19,6.56686958208718,6.59132060650821,6.59686958208718,,6.49210492683653,6.53840463580161,6.54846895889439,6.40802774473431,6.52007875985274
357,Vector,1340,5,Additive0.015,1101480,987,8,6.56686958208718,6.59132060650821,6.59686958208718,,6.49210492683654,6.53840463580161,6.54846895889439,6.40802774473431,6.52007875985274
357,Dist L1,1340,5,Additive0.015,268774,1266,20,6.56686958208718,6.59132060650821,6.59686958208718,,6.49210492683654,6.53840463580161,6.54846895889439,6.40802774473431,6.52007875985274
358,Oracle,1340,5,Additive0.015,26800,20,2,6.56304529110347,6.5917365234305,6.59304529110347,,6.49307741123395,6.53882897429087,6.54887006570533,6.40757274809184,6.52035843071853
358,Oracle Vector,1340,5,Additive0.015,833480,756,6,6.57119055115562,6.5917365234305,6.60119055115562,,6.49307741123395,6.53882897429087,6.54887006570533,6.40757274809184,6.52035843071853
358,Value,1340,5,Additive0.015,255375,1245,19,6.56686958208718,6.5917365234305,6.59686958208718,,6.49307741123395,6.53882897429087,6.54887006570533,6.40757274809184,6.52035843071853
358,Vector,1340,5,Additive0.015,1101480,987,8,6.56686958208718,6.5917365234305,6.59686958208718,,6.49307741123395,6.53882897429087,6.54887006570533,6.40757274809184,6.52035843071853
358,Dist L1,1340,5,Additive0.015,268774,1266,20,6.56686958208718,6.5917365234305,6.59686958208718,,6.49307741123395,6.53882897429087,6.54887006570533,6.40757274809184,6.52035843071853
359,Oracle,1340,5,Additive0.015,26800,20,2,6.56304529110347,6.59139568492743,6.59304529110347,,6.49300067199543,6.53741028941413,6.5480314737409,6.40741449816476,6.52152678914897
359,Oracle Vector,1340,5,Additive0.015,838840,761,6,6.57119055115562,6.59139568492743,6.60119055115562,,6.49300067199543,6.53741028941413,6.5480314737409,6.40741449816476,6.52152678914897
359,Vector,1340,5,Additive0.015,1101480,987,8,6.56686958208718,6.59139568492743,6.59686958208718,,6.49300067199543,6.53741028941413,6.5480314737409,6.40741449816476,6.52152678914897
359,Value,1340,5,Additive0.015,255375,1245,19,6.56686958208718,6.59139568492743,6.59686958208718,,6.49300067199543,6.53741028941413,6.5480314737409,6.40741449816476,6.52152678914897
359,Dist L1,1340,5,Additive0.015,268778,1271,20,6.56686958208718,6.59139568492743,6.59686958208718,,6.49300067199543,6.53741028941413,6.5480314737409,6.40741449816476,6.52152678914897
360,Oracle,1340,5,Additive0.015,26800,20,2,6.56304529110347,6.59150644089358,6.59304529110347,,6.49274955315007,6.53749314797126,6.54866588139612,6.40808565227828,6.52139676656615
360,Oracle Vector,1340,5,Additive0.015,844200,766,6,6.57119055115562,6.59150644089358,6.60119055115562,,6.49274955315007,6.53749314797126,6.54866588139612,6.40808565227828,6.52139676656615
360,Value,1340,5,Additive0.015,255381,1253,19,6.56686958208718,6.59150644089358,6.59686958208718,,6.49274955315007,6.53749314797126,6.54866588139612,6.40808565227828,6.52139676656615
360,Vector,1340,5,Additive0.015,1106840,992,8,6.56686958208718,6.59150644089358,6.59686958208718,,6.49274955315007,6.53749314797126,6.54866588139612,6.40808565227828,6.52139676656615
360,Dist L1,1340,5,Additive0.015,268784,1279,20,6.56686958208718,6.59150644089358,6.59686958208718,,6.49274955315007,6.53749314797126,6.54866588139612,6.40808565227828,6.52139676656615
361,Oracle,1340,5,Additive0.015,26800,20,2,6.56304529110347,6.59152663547833,6.59304529110347,,6.49278701020634,6.53671034314442,6.54861973004603,6.40777171751872,6.52202434405068
361,Oracle Vector,1340,5,Additive0.015,844200,766,6,6.57119055115562,6.59152663547833,6.60119055115562,,6.49278701020634,6.53671034314442,6.54861973004603,6.40777171751872,6.52202434405068
361,Value,1340,5,Additive0.015,255381,1253,19,6.56686958208718,6.59152663547833,6.59686958208718,,6.49278701020634,6.53671034314442,6.54861973004603,6.40777171751872,6.52202434405068
361,Vector,1340,5,Additive0.015,1112200,997,8,6.56686958208718,6.59152663547833,6.59686958208718,,6.49278701020634,6.53671034314442,6.54861973004603,6.40777171751872,6.52202434405068
361,Dist L1,1340,5,Additive0.015,268784,1279,20,6.56686958208718,6.59152663547833,6.59686958208718,,6.49278701020634,6.53671034314442,6.54861973004603,6.40777171751872,6.52202434405068
362,Oracle,1340,5,Additive0.015,26800,20,2,6.56304529110347,6.59155833127258,6.59304529110347,,6.4929831322994,6.53664140152967,6.5489263107894,6.40769748243234,6.5216582313579
362,Oracle Vector,1340,5,Additive0.015,844200,766,6,6.57119055115562,6.59155833127258,6.60119055115562,,6.4929831322994,6.53664140152967,6.5489263107894,6.40769748243234,6.5216582313579
362,Value,1340,5,Additive0.015,255381,1253,19,6.56686958208718,6.59155833127258,6.59686958208718,,6.4929831322994,6.53664140152967,6.5489263107894,6.40769748243234,6.5216582313579
362,Vector,1340,5,Additive0.015,1117560,1002,8,6.56686958208718,6.59155833127258,6.59686958208718,,6.49298313229941,6.53664140152967,6.5489263107894,6.40769748243234,6.5216582313579
362,Dist L1,1340,5,Additive0.015,268788,1284,20,6.56686958208718,6.59155833127258,6.59686958208718,,6.4929831322994,6.53664140152967,6.5489263107894,6.40769748243234,6.5216582313579
363,Oracle,1340,5,Additive0.015,26800,20,2,6.56304529110347,6.59128311401022,6.59304529110347,,6.49338674535464,6.53688852465736,6.54820725156977,6.40695712976537,6.52187743767663
363,Oracle Vector,1340,5,Additive0.015,844200,766,6,6.57119055115562,6.59128311401022,6.60119055115562,,6.49338674535464,6.53688852465736,6.54820725156977,6.40695712976537,6.52187743767663
363,Value,1340,5,Additive0.015,255381,1253,19,6.56686958208718,6.59128311401022,6.59686958208718,,6.49338674535464,6.53688852465736,6.54820725156977,6.40695712976537,6.52187743767663
363,Vector,1340,5,Additive0.015,1117560,1002,8,6.56686958208718,6.59128311401022,6.59686958208718,,6.49338674535464,6.53688852465736,6.54820725156977,6.40695712976537,6.52187743767663
363,Dist L1,1340,5,Additive0.015,268788,1284,20,6.56686958208718,6.59128311401022,6.59686958208718,,6.49338674535464,6.53688852465736,6.54820725156977,6.40695712976537,6.52187743767663
364,Oracle,1340,5,Additive0.015,26800,20,2,6.56304529110347,6.59102002539304,6.59304529110347,,6.49255431280713,6.5362454040857,6.54781263333293,6.40782012610491,6.52346982654524
364,Oracle Vector,1340,5,Additive0.015,844200,766,6,6.57119055115562,6.59102002539304,6.60119055115562,,6.49255431280713,6.5362454040857,6.54781263333293,6.40782012610491,6.52346982654524
364,Value,1340,5,Additive0.015,255385,1258,19,6.56686958208718,6.59102002539304,6.59686958208718,,6.49255431280713,6.5362454040857,6.54781263333293,6.40782012610491,6.52346982654524
364,Vector,1340,5,Additive0.015,1128280,1012,8,6.56686958208718,6.59102002539304,6.59686958208718,,6.49255431280713,6.5362454040857,6.54781263333293,6.40782012610491,6.52346982654524
364,Dist L1,1340,5,Additive0.015,268792,1289,20,6.56686958208718,6.59102002539304,6.59686958208718,,6.49255431280713,6.5362454040857,6.54781263333293,6.40782012610491,6.52346982654524
365,Oracle,1340,5,Additive0.015,26800,20,2,6.56304529110347,6.59125488070091,6.59304529110347,,6.4928013971961,6.53592265095046,6.54887952822703,6.40784375695671,6.52381181079353
365,Value,1340,5,Additive0.015,255389,1263,19,6.56686958208718,6.59125488070092,6.59686958208718,,6.4928013971961,6.53592265095046,6.54887952822703,6.40784375695671,6.52381181079353
365,Vector,1340,5,Additive0.015,1128280,1012,8,6.56686958208718,6.59125488070091,6.59686958208718,,6.4928013971961,6.53592265095046,6.54887952822703,6.40784375695671,6.52381181079353
365,Oracle Vector,1340,5,Additive0.015,849560,771,6,6.57119055115562,6.59125488070091,6.60119055115562,,6.4928013971961,6.53592265095046,6.54887952822703,6.40784375695671,6.52381181079353
365,Dist L1,1340,5,Additive0.015,268796,1294,20,6.56686958208718,6.59125488070092,6.59686958208718,,6.4928013971961,6.53592265095046,6.54887952822703,6.40784375695671,6.52381181079353
366,Oracle,1340,5,Additive0.015,26800,20,2,6.56304529110347,6.59118541100433,6.59304529110347,,6.49342609640935,6.53534046402411,6.54855480797384,6.40870106530754,6.5237251538811
366,Oracle Vector,1340,5,Additive0.015,849560,771,6,6.57119055115562,6.59118541100433,6.60119055115562,,6.49342609640935,6.53534046402411,6.54855480797384,6.40870106530754,6.5237251538811
366,Vector,1340,5,Additive0.015,1128280,1012,8,6.56686958208718,6.59118541100433,6.59686958208718,,6.49342609640935,6.53534046402411,6.54855480797384,6.40870106530754,6.5237251538811
366,Value,1340,5,Additive0.015,255395,1270,19,6.56686958208718,6.59118541100433,6.59686958208718,,6.49342609640935,6.53534046402411,6.54855480797384,6.40870106530754,6.5237251538811
366,Dist L1,1340,5,Additive0.015,268796,1294,20,6.56686958208718,6.59118541100433,6.59686958208718,,6.49342609640935,6.53534046402411,6.54855480797384,6.40870106530754,6.5237251538811
367,Oracle,1340,5,Additive0.015,26800,20,2,6.56304529110347,6.59079622461007,6.59304529110347,,6.49344182515375,6.53448701038886,6.54840529460264,6.4094121120373,6.52228121422407
367,Oracle Vector,1340,5,Additive0.015,849560,771,6,6.57119055115562,6.59079622461007,6.60119055115562,,6.49344182515375,6.53448701038886,6.54840529460264,6.40941211203731,6.52228121422407
367,Value,1340,5,Additive0.015,255399,1275,19,6.56686958208718,6.59079622461007,6.59686958208718,,6.49344182515375,6.53448701038886,6.54840529460264,6.40941211203731,6.52228121422407
367,Vector,1340,5,Additive0.015,1133640,1017,8,6.56686958208718,6.59079622461007,6.59686958208718,,6.49344182515375,6.53448701038886,6.54840529460264,6.40941211203731,6.52228121422407
367,Dist L1,1340,5,Additive0.015,268800,1299,20,6.56686958208718,6.59079622461007,6.59686958208718,,6.49344182515375,6.53448701038886,6.54840529460264,6.40941211203731,6.52228121422407
368,Oracle,1340,5,Additive0.015,26800,20,2,6.56304529110347,6.59053222794357,6.59304529110347,,6.49261968275493,6.53509138317473,6.547787247351,6.40986424436274,6.52141547113113
368,Oracle Vector,1340,5,Additive0.015,849560,771,6,6.57119055115562,6.59053222794357,6.60119055115562,,6.49261968275493,6.53509138317473,6.547787247351,6.40986424436274,6.52141547113112
368,Value,1340,5,Additive0.015,255403,1280,19,6.56686958208718,6.59053222794357,6.59686958208718,,6.49261968275493,6.53509138317473,6.547787247351,6.40986424436274,6.52141547113112
368,Vector,1340,5,Additive0.015,1133640,1017,8,6.56686958208718,6.59053222794357,6.59686958208718,,6.49261968275493,6.53509138317473,6.547787247351,6.40986424436274,6.52141547113113
368,Dist L1,1340,5,Additive0.015,268804,1304,20,6.56686958208718,6.59053222794357,6.59686958208718,,6.49261968275493,6.53509138317473,6.547787247351,6.40986424436274,6.52141547113112
369,Oracle,1340,5,Additive0.015,26800,20,2,6.56304529110347,6.5895684764217,6.59304529110347,,6.48962669817682,6.53140808999848,6.54733945932583,6.41059677237817,6.52265421999197
369,Oracle Vector,1340,5,Additive0.015,849560,771,6,6.57119055115562,6.5895684764217,6.60119055115562,,6.48962669817683,6.53140808999848,6.54733945932583,6.41059677237818,6.52265421999197
369,Vector,1340,5,Additive0.015,1133640,1017,8,6.56686958208718,6.5895684764217,6.59686958208718,,6.48962669817683,6.53140808999848,6.54733945932583,6.41059677237818,6.52265421999197
369,Value,1340,5,Additive0.015,255403,1280,19,6.56686958208718,6.5895684764217,6.59686958208718,,6.48962669817683,6.53140808999848,6.54733945932583,6.41059677237818,6.52265421999197
369,Dist L1,1340,5,Additive0.015,268810,1311,20,6.56686958208718,6.5895684764217,6.59686958208718,,6.48962669817683,6.53140808999848,6.54733945932583,6.41059677237818,6.52265421999197
370,Oracle,1340,5,Additive0.015,26800,20,2,6.56304529110347,6.59001849039875,6.59304529110347,,6.4895172392966,6.53080112293859,6.54853492716459,6.41141520239553,6.52309056097378
370,Oracle Vector,1340,5,Additive0.015,849560,771,6,6.57119055115562,6.59001849039875,6.60119055115562,,6.4895172392966,6.53080112293859,6.54853492716459,6.41141520239553,6.52309056097378
370,Value,1340,5,Additive0.015,255403,1280,19,6.56686958208718,6.59001849039875,6.59686958208718,,6.4895172392966,6.53080112293859,6.54853492716459,6.41141520239553,6.52309056097378
370,Vector,1340,5,Additive0.015,1133640,1017,8,6.56686958208718,6.59001849039875,6.59686958208718,,6.4895172392966,6.53080112293859,6.54853492716459,6.41141520239553,6.52309056097378
370,Dist L1,1340,5,Additive0.015,268810,1311,20,6.56686958208718,6.59001849039875,6.59686958208718,,6.4895172392966,6.53080112293859,6.54853492716459,6.41141520239553,6.52309056097378
371,Oracle,1340,5,Additive0.015,26800,20,2,6.56304529110347,6.59011863033594,6.59304529110347,,6.48963717832523,6.53034544233692,6.54913418700386,6.41243166391669,6.52349917240976
371,Oracle Vector,1340,5,Additive0.015,849560,771,6,6.57119055115562,6.59011863033594,6.60119055115562,,6.48963717832523,6.53034544233692,6.54913418700386,6.41243166391669,6.52349917240976
371,Value,1340,5,Additive0.015,255403,1280,19,6.56686958208718,6.59011863033594,6.59686958208718,,6.48963717832523,6.53034544233692,6.54913418700386,6.41243166391669,6.52349917240976
371,Vector,1340,5,Additive0.015,1133640,1017,8,6.56686958208718,6.59011863033594,6.59686958208718,,6.48963717832523,6.53034544233692,6.54913418700386,6.41243166391669,6.52349917240976
371,Dist L1,1340,5,Additive0.015,268810,1311,20,6.56686958208718,6.59011863033594,6.59686958208718,,6.48963717832523,6.53034544233692,6.54913418700386,6.41243166391669,6.52349917240976
372,Oracle,1340,5,Additive0.015,26800,20,2,6.56304529110347,6.59016151909756,6.59304529110347,,6.49008269705084,6.53009311243131,6.54897868745346,6.41331721183352,6.52261085415259
372,Oracle Vector,1340,5,Additive0.015,849560,771,6,6.57119055115562,6.59016151909756,6.60119055115562,,6.49008269705084,6.53009311243131,6.54897868745346,6.41331721183352,6.52261085415259
372,Vector,1340,5,Additive0.015,1133640,1017,8,6.56686958208718,6.59016151909756,6.59686958208718,,6.49008269705084,6.53009311243131,6.54897868745346,6.41331721183352,6.52261085415259
372,Value,1340,5,Additive0.015,255407,1285,19,6.56686958208718,6.59016151909756,6.59686958208718,,6.49008269705084,6.53009311243131,6.54897868745346,6.41331721183352,6.52261085415259
372,Dist L1,1340,5,Additive0.015,268810,1311,20,6.56686958208718,6.59016151909756,6.59686958208718,,6.49008269705084,6.53009311243131,6.54897868745346,6.41331721183352,6.52261085415259
373,Oracle,1340,5,Additive0.015,26800,20,2,6.56304529110347,6.58995014143651,6.59304529110347,,6.49048324725628,6.52847222684806,6.54891803630955,6.41434870727738,6.52288036933067
373,Oracle Vector,1340,5,Additive0.015,854920,776,6,6.57119055115562,6.58995014143652,6.60119055115562,,6.49048324725628,6.52847222684806,6.54891803630955,6.41434870727738,6.52288036933067
373,Vector,1340,5,Additive0.015,1133640,1017,8,6.56686958208718,6.58995014143651,6.59686958208718,,6.49048324725628,6.52847222684806,6.54891803630955,6.41434870727738,6.52288036933067
373,Value,1340,5,Additive0.015,255411,1290,19,6.56686958208718,6.58995014143651,6.59686958208718,,6.49048324725628,6.52847222684806,6.54891803630955,6.41434870727738,6.52288036933067
373,Dist L1,1340,5,Additive0.015,268814,1316,20,6.56686958208718,6.58995014143651,6.59686958208718,,6.49048324725628,6.52847222684806,6.54891803630955,6.41434870727738,6.52288036933067
374,Oracle,1340,5,Additive0.015,26800,20,2,6.56304529110347,6.58972928549284,6.59304529110347,,6.48958991303326,6.52740698894917,6.54887243168892,6.41554059627483,6.52309433367575
374,Vector,1340,5,Additive0.015,1133640,1017,8,6.56686958208718,6.58972928549284,6.59686958208718,,6.48958991303326,6.52740698894917,6.54887243168892,6.41554059627483,6.52309433367576
374,Oracle Vector,1340,5,Additive0.015,854920,776,6,6.57119055115562,6.58972928549284,6.60119055115562,,6.48958991303326,6.52740698894918,6.54887243168892,6.41554059627483,6.52309433367576
374,Value,1340,5,Additive0.015,255419,1300,19,6.56686958208718,6.58972928549284,6.59686958208718,,6.48958991303326,6.52740698894917,6.54887243168892,6.41554059627483,6.52309433367576
374,Dist L1,1340,5,Additive0.015,268818,1321,20,6.56686958208718,6.58972928549284,6.59686958208718,,6.48958991303326,6.52740698894917,6.54887243168892,6.41554059627483,6.52309433367576
375,Oracle,1340,5,Additive0.015,26800,20,2,6.56304529110347,6.59033469817104,6.59304529110347,,6.48899368282896,6.52718983294739,6.55031120072657,6.41740689797921,6.52292639087347
375,Oracle Vector,1340,5,Additive0.015,854920,776,6,6.57119055115562,6.59033469817104,6.60119055115562,,6.48899368282896,6.52718983294739,6.55031120072657,6.41740689797921,6.52292639087347
375,Value,1340,5,Additive0.015,255423,1305,19,6.56686958208718,6.59033469817104,6.59686958208718,,6.48899368282896,6.52718983294739,6.55031120072657,6.41740689797921,6.52292639087347
375,Vector,1340,5,Additive0.015,1139000,1022,8,6.56686958208718,6.59033469817104,6.59686958208718,,6.48899368282896,6.52718983294739,6.55031120072657,6.41740689797921,6.52292639087347
375,Dist L1,1340,5,Additive0.015,268822,1326,20,6.56686958208718,6.59033469817104,6.59686958208718,,6.48899368282896,6.52718983294739,6.55031120072657,6.41740689797922,6.52292639087347
376,Oracle,1340,5,Additive0.015,26800,20,2,6.56304529110347,6.59058265748613,6.59304529110347,,6.48977196685566,6.52733621331888,6.55094062808409,6.41727153774195,6.52100519641815
376,Oracle Vector,1340,5,Additive0.015,860280,781,6,6.57119055115562,6.59058265748613,6.60119055115562,,6.48977196685566,6.52733621331888,6.55094062808409,6.41727153774195,6.52100519641814
376,Value,1340,5,Additive0.015,255423,1305,19,6.56686958208718,6.59058265748613,6.59686958208718,,6.48977196685566,6.52733621331888,6.55094062808409,6.41727153774195,6.52100519641814
376,Vector,1340,5,Additive0.015,1149720,1032,8,6.56686958208718,6.59058265748613,6.59686958208718,,6.48977196685566,6.52733621331888,6.55094062808409,6.41727153774195,6.52100519641814
376,Dist L1,1340,5,Additive0.015,268830,1336,20,6.56686958208718,6.59058265748613,6.59686958208718,,6.48977196685566,6.52733621331888,6.55094062808409,6.41727153774195,6.52100519641814
377,Oracle,1340,5,Additive0.015,26800,20,2,6.56304529110347,6.59068203492064,6.59304529110347,,6.49033802410036,6.52758500028895,6.55177755770599,6.41818486760118,6.5198851821457
377,Oracle Vector,1340,5,Additive0.015,860280,781,6,6.57119055115562,6.59068203492064,6.60119055115562,,6.49033802410036,6.52758500028895,6.55177755770599,6.41818486760118,6.5198851821457
377,Value,1340,5,Additive0.015,255429,1312,19,6.56686958208718,6.59068203492064,6.59686958208718,,6.49033802410036,6.52758500028895,6.55177755770599,6.41818486760118,6.5198851821457
377,Vector,1340,5,Additive0.015,1149720,1032,8,6.56686958208718,6.59068203492064,6.59686958208718,,6.49033802410036,6.52758500028895,6.55177755770599,6.41818486760118,6.5198851821457
377,Dist L1,1340,5,Additive0.015,268830,1336,20,6.56686958208718,6.59068203492064,6.59686958208718,,6.49033802410036,6.52758500028895,6.55177755770599,6.41818486760118,6.5198851821457
378,Oracle,1340,5,Additive0.015,26800,20,2,6.56304529110347,6.59046384819425,6.59304529110347,,6.49072445579659,6.52733034425523,6.55115795611768,6.41757896487993,6.51977833967412
378,Oracle Vector,1340,5,Additive0.015,860280,781,6,6.57119055115562,6.59046384819425,6.60119055115562,,6.49072445579658,6.52733034425523,6.55115795611768,6.41757896487993,6.51977833967412
378,Value,1340,5,Additive0.015,255439,1324,19,6.56686958208718,6.59046384819425,6.59686958208718,,6.49072445579658,6.52733034425523,6.55115795611768,6.41757896487993,6.51977833967412
378,Vector,1340,5,Additive0.015,1155080,1037,8,6.56686958208718,6.59046384819425,6.59686958208718,,6.49072445579659,6.52733034425523,6.55115795611768,6.41757896487993,6.51977833967412
378,Dist L1,1340,5,Additive0.015,268842,1352,20,6.56686958208718,6.59046384819425,6.59686958208718,,6.49072445579658,6.52733034425523,6.55115795611768,6.41757896487993,6.51977833967412
379,Oracle,1340,5,Additive0.015,26800,20,2,6.56304529110347,6.591006552954,6.59304529110347,,6.49113473606186,6.52736081993366,6.55120618103798,6.41800658959063,6.52021124509054
379,Oracle Vector,1340,5,Additive0.015,860280,781,6,6.57119055115562,6.59100655295399,6.60119055115562,,6.49113473606186,6.52736081993366,6.55120618103798,6.41800658959063,6.52021124509054
379,Value,1340,5,Additive0.015,268844,1346,20,6.57600655295399,6.59100655295399,6.60600655295399,,6.49113473606186,6.52736081993366,6.55120618103798,6.41800658959063,6.52021124509054
379,Vector,1340,5,Additive0.015,1168480,1048,9,6.576006552954,6.59100655295399,6.60600655295399,,6.49113473606186,6.52736081993366,6.55120618103798,6.41800658959063,6.52021124509054
379,Dist L1,1340,5,Additive0.015,282247,1373,21,6.57600655295399,6.59100655295399,6.60600655295399,,6.49113473606186,6.52736081993366,6.55120618103798,6.41800658959063,6.52021124509054
380,Oracle,1340,5,Additive0.015,26800,20,2,6.56304529110347,6.59126017203082,6.59304529110347,,6.49074772621562,6.52815027402604,6.55108135933984,6.4186226117038,6.5204517931867
380,Oracle Vector,1340,5,Additive0.015,860280,781,6,6.57119055115562,6.59126017203082,6.60119055115562,,6.49074772621562,6.52815027402604,6.55108135933984,6.4186226117038,6.5204517931867
380,Vector,1340,5,Additive0.015,1168480,1048,9,6.576006552954,6.59126017203082,6.60600655295399,,6.49074772621562,6.52815027402604,6.55108135933984,6.4186226117038,6.5204517931867
380,Value,1340,5,Additive0.015,268844,1346,20,6.57600655295399,6.59126017203082,6.60600655295399,,6.49074772621562,6.52815027402604,6.55108135933984,6.4186226117038,6.5204517931867
380,Dist L1,1340,5,Additive0.015,282247,1373,21,6.57600655295399,6.59126017203082,6.60600655295399,,6.49074772621562,6.52815027402604,6.55108135933984,6.4186226117038,6.5204517931867
381,Oracle,1340,5,Additive0.015,26800,20,2,6.56304529110347,6.59115845567724,6.59304529110347,,6.4903832090897,6.52734444606515,6.55050024724121,6.41941603071164,6.5205302694481
381,Oracle Vector,1340,5,Additive0.015,860280,781,6,6.57119055115562,6.59115845567724,6.60119055115562,,6.4903832090897,6.52734444606515,6.55050024724121,6.41941603071164,6.5205302694481
381,Value,1340,5,Additive0.015,268844,1346,20,6.57600655295399,6.59115845567724,6.60600655295399,,6.4903832090897,6.52734444606515,6.55050024724121,6.41941603071164,6.5205302694481
381,Vector,1340,5,Additive0.015,1168480,1048,9,6.576006552954,6.59115845567724,6.60600655295399,,6.4903832090897,6.52734444606515,6.55050024724121,6.41941603071164,6.5205302694481
381,Dist L1,1340,5,Additive0.015,282247,1373,21,6.57600655295399,6.59115845567724,6.60600655295399,,6.4903832090897,6.52734444606515,6.55050024724121,6.41941603071164,6.5205302694481
382,Oracle,1340,5,Additive0.015,26800,20,2,6.56304529110347,6.59109448517833,6.59304529110347,,6.49017833053523,6.52787218445356,6.5499759187355,6.41935286863603,6.52023973735715
382,Vector,1340,5,Additive0.015,1168480,1048,9,6.576006552954,6.59109448517834,6.60600655295399,,6.49017833053524,6.52787218445356,6.5499759187355,6.41935286863603,6.52023973735715
382,Oracle Vector,1340,5,Additive0.015,865640,786,6,6.57119055115562,6.59109448517833,6.60119055115562,,6.49017833053523,6.52787218445356,6.5499759187355,6.41935286863603,6.52023973735715
382,Value,1340,5,Additive0.015,268844,1346,20,6.57600655295399,6.59109448517833,6.60600655295399,,6.49017833053523,6.52787218445356,6.5499759187355,6.41935286863603,6.52023973735715
382,Dist L1,1340,5,Additive0.015,282247,1373,21,6.57600655295399,6.59109448517834,6.60600655295399,,6.49017833053523,6.52787218445356,6.5499759187355,6.41935286863603,6.52023973735715
383,Oracle,1340,5,Additive0.015,26800,20,2,6.56304529110347,6.591341038366,6.59304529110347,,6.4896104560241,6.52832466275902,6.55023966849901,6.41845471554795,6.5212153863556
383,Oracle Vector,1340,5,Additive0.015,865640,786,6,6.57119055115562,6.591341038366,6.60119055115562,,6.4896104560241,6.52832466275902,6.55023966849901,6.41845471554795,6.5212153863556
383,Vector,1340,5,Additive0.015,1168480,1048,9,6.576006552954,6.591341038366,6.60600655295399,,6.4896104560241,6.52832466275902,6.55023966849901,6.41845471554795,6.5212153863556
383,Value,1340,5,Additive0.015,268844,1346,20,6.57600655295399,6.591341038366,6.60600655295399,,6.4896104560241,6.52832466275903,6.55023966849901,6.41845471554795,6.5212153863556
383,Dist L1,1340,5,Additive0.015,282247,1373,21,6.57600655295399,6.591341038366,6.60600655295399,,6.48961045602409,6.52832466275903,6.55023966849901,6.41845471554795,6.5212153863556
384,Oracle,1340,5,Additive0.015,26800,20,2,6.56304529110347,6.59193767512667,6.59304529110347,,6.49003693726966,6.52898582103085,6.5510301355208,6.42043343694879,6.52107625740376
384,Value,1340,5,Additive0.015,268844,1346,20,6.57600655295399,6.59193767512667,6.60600655295399,,6.49003693726966,6.52898582103085,6.5510301355208,6.42043343694879,6.52107625740376
384,Vector,1340,5,Additive0.015,1168480,1048,9,6.576006552954,6.59193767512667,6.60600655295399,,6.49003693726965,6.52898582103085,6.5510301355208,6.42043343694879,6.52107625740376
384,Oracle Vector,1340,5,Additive0.015,873680,793,6,6.57119055115562,6.59193767512667,6.60119055115562,,6.49003693726966,6.52898582103085,6.5510301355208,6.42043343694879,6.52107625740376
384,Dist L1,1340,5,Additive0.015,282247,1373,21,6.57600655295399,6.59193767512667,6.60600655295399,,6.49003693726965,6.52898582103085,6.5510301355208,6.42043343694879,6.52107625740376
385,Oracle,1340,5,Additive0.015,26800,20,2,6.56304529110347,6.59231301828634,6.59304529110347,,6.49009237755476,6.52978773512249,6.55104811038414,6.42207990247922,6.52151976950284
385,Oracle Vector,1340,5,Additive0.015,873680,793,6,6.57119055115562,6.59231301828634,6.60119055115562,,6.49009237755476,6.52978773512249,6.55104811038414,6.42207990247922,6.52151976950284
385,Value,1340,5,Additive0.015,268844,1346,20,6.57600655295399,6.59231301828634,6.60600655295399,,6.49009237755476,6.52978773512249,6.55104811038414,6.42207990247922,6.52151976950284
385,Vector,1340,5,Additive0.015,1168480,1048,9,6.576006552954,6.59231301828634,6.60600655295399,,6.49009237755476,6.52978773512249,6.55104811038414,6.42207990247922,6.52151976950284
385,Dist L1,1340,5,Additive0.015,282247,1373,21,6.57600655295399,6.59231301828634,6.60600655295399,,6.49009237755476,6.52978773512249,6.55104811038414,6.42207990247922,6.52151976950284
386,Oracle,1340,5,Additive0.015,26800,20,2,6.56304529110347,6.59211686184831,6.59304529110347,,6.49042338800802,6.52944047070433,6.55063350475041,6.42266267110064,6.52174552921899
386,Vector,1340,5,Additive0.015,1168480,1048,9,6.576006552954,6.59211686184831,6.60600655295399,,6.49042338800802,6.52944047070433,6.55063350475041,6.42266267110063,6.52174552921899
386,Oracle Vector,1340,5,Additive0.015,879040,798,6,6.57119055115562,6.59211686184831,6.60119055115562,,6.49042338800802,6.52944047070433,6.5506335047504,6.42266267110063,6.52174552921898
386,Value,1340,5,Additive0.015,268844,1346,20,6.57600655295399,6.59211686184831,6.60600655295399,,6.49042338800802,6.52944047070433,6.55063350475041,6.42266267110064,6.52174552921898
386,Dist L1,1340,5,Additive0.015,282247,1373,21,6.57600655295399,6.59211686184831,6.60600655295399,,6.49042338800802,6.52944047070433,6.55063350475041,6.42266267110063,6.52174552921898
387,Oracle,1340,5,Additive0.015,26800,20,2,6.56304529110347,6.59181152954654,6.59304529110347,,6.49141734066887,6.53005196708056,6.54891390246455,6.42250827201149,6.5207610768212
387,Oracle Vector,1340,5,Additive0.015,879040,798,6,6.57119055115562,6.59181152954654,6.60119055115562,,6.49141734066887,6.53005196708056,6.54891390246455,6.42250827201149,6.5207610768212
387,Vector,1340,5,Additive0.015,1168480,1048,9,6.576006552954,6.59181152954654,6.60600655295399,,6.49141734066887,6.53005196708056,6.54891390246455,6.42250827201149,6.5207610768212
387,Value,1340,5,Additive0.015,268844,1346,20,6.57600655295399,6.59181152954654,6.60600655295399,,6.49141734066887,6.53005196708056,6.54891390246455,6.42250827201149,6.5207610768212
387,Dist L1,1340,5,Additive0.015,282247,1373,21,6.57600655295399,6.59181152954654,6.60600655295399,,6.49141734066887,6.53005196708056,6.54891390246455,6.42250827201149,6.5207610768212
388,Oracle,1340,5,Additive0.015,26800,20,2,6.56304529110347,6.59103095012986,6.59304529110347,,6.49093629335928,6.52928566525563,6.54818546328621,6.42359380949696,6.51965282868826
388,Oracle Vector,1340,5,Additive0.015,879040,798,6,6.57119055115562,6.59103095012985,6.60119055115562,,6.49093629335928,6.52928566525563,6.54818546328621,6.42359380949696,6.51965282868826
388,Vector,1340,5,Additive0.015,1168480,1048,9,6.576006552954,6.59103095012986,6.60600655295399,,6.49093629335928,6.52928566525563,6.54818546328621,6.42359380949696,6.51965282868826
388,Value,1340,5,Additive0.015,268844,1346,20,6.57600655295399,6.59103095012986,6.60600655295399,,6.49093629335928,6.52928566525563,6.54818546328621,6.42359380949696,6.51965282868826
388,Dist L1,1340,5,Additive0.015,282247,1373,21,6.57600655295399,6.59103095012986,6.60600655295399,,6.49093629335928,6.52928566525563,6.54818546328621,6.42359380949696,6.51965282868826
389,Oracle,1340,5,Additive0.015,26800,20,2,6.56304529110347,6.59077043376706,6.59304529110347,,6.49078341799179,6.52883100903494,6.54789232146571,6.42413346230557,6.51914987113084
389,Oracle Vector,1340,5,Additive0.015,879040,798,6,6.57119055115562,6.59077043376706,6.60119055115562,,6.49078341799179,6.52883100903494,6.54789232146571,6.42413346230557,6.51914987113084
389,Vector,1340,5,Additive0.015,1168480,1048,9,6.576006552954,6.59077043376706,6.60600655295399,,6.49078341799179,6.52883100903494,6.54789232146571,6.42413346230557,6.51914987113084
389,Value,1340,5,Additive0.015,268844,1346,20,6.57600655295399,6.59077043376706,6.60600655295399,,6.49078341799179,6.52883100903494,6.54789232146571,6.42413346230557,6.51914987113084
389,Dist L1,1340,5,Additive0.015,282247,1373,21,6.57600655295399,6.59077043376706,6.60600655295399,,6.49078341799179,6.52883100903494,6.54789232146571,6.42413346230557,6.51914987113084
390,Oracle,1340,5,Additive0.015,26800,20,2,6.56304529110347,6.59078496329281,6.59304529110347,,6.49026721011454,6.52763747569447,6.54842645553063,6.42551771194397,6.51942088686598
390,Oracle Vector,1340,5,Additive0.015,879040,798,6,6.57119055115562,6.59078496329281,6.60119055115562,,6.49026721011454,6.52763747569447,6.54842645553063,6.42551771194397,6.51942088686598
390,Value,1340,5,Additive0.015,268844,1346,20,6.57600655295399,6.59078496329281,6.60600655295399,,6.49026721011454,6.52763747569447,6.54842645553063,6.42551771194397,6.51942088686598
390,Vector,1340,5,Additive0.015,1168480,1048,9,6.576006552954,6.59078496329281,6.60600655295399,,6.49026721011454,6.52763747569447,6.54842645553063,6.42551771194397,6.51942088686598
390,Dist L1,1340,5,Additive0.015,282247,1373,21,6.57600655295399,6.59078496329281,6.60600655295399,,6.49026721011454,6.52763747569447,6.54842645553063,6.42551771194397,6.51942088686598
391,Oracle,1340,5,Additive0.015,26800,20,2,6.56304529110347,6.59037995232918,6.59304529110347,,6.4889038730227,6.52678815366403,6.54829456361063,6.42594295218621,6.51999816630751
391,Oracle Vector,1340,5,Additive0.015,879040,798,6,6.57119055115562,6.59037995232918,6.60119055115562,,6.4889038730227,6.52678815366403,6.54829456361063,6.42594295218621,6.51999816630751
391,Value,1340,5,Additive0.015,268848,1351,20,6.57600655295399,6.59037995232918,6.60600655295399,,6.4889038730227,6.52678815366403,6.54829456361063,6.42594295218621,6.51999816630751
391,Vector,1340,5,Additive0.015,1173840,1053,9,6.576006552954,6.59037995232918,6.60600655295399,,6.4889038730227,6.52678815366403,6.54829456361063,6.42594295218621,6.51999816630751
391,Dist L1,1340,5,Additive0.015,282251,1378,21,6.57600655295399,6.59037995232918,6.60600655295399,,6.4889038730227,6.52678815366403,6.54829456361063,6.42594295218621,6.51999816630751
392,Oracle,1340,5,Additive0.015,26800,20,2,6.56304529110347,6.58857741767677,6.59304529110347,,6.48700660621364,6.52510342719407,6.54615743943745,6.4246237365262,6.51828082172224
392,Oracle Vector,1340,5,Additive0.015,879040,798,6,6.57119055115562,6.58857741767677,6.60119055115562,,6.48700660621364,6.52510342719407,6.54615743943745,6.4246237365262,6.51828082172224
392,Value,1340,5,Additive0.015,268852,1356,20,6.57600655295399,6.58857741767677,6.60600655295399,,6.48700660621364,6.52510342719407,6.54615743943745,6.4246237365262,6.51828082172224
392,Vector,1340,5,Additive0.015,1179200,1058,9,6.576006552954,6.58857741767677,6.60600655295399,,6.48700660621364,6.52510342719407,6.54615743943745,6.4246237365262,6.51828082172224
392,Dist L1,1340,5,Additive0.015,282257,1385,21,6.57600655295399,6.58857741767677,6.60600655295399,,6.48700660621364,6.52510342719407,6.54615743943745,6.4246237365262,6.51828082172224
393,Oracle,1340,5,Additive0.015,26800,20,2,6.56304529110347,6.58689424830215,6.59304529110347,,6.48527779454763,6.52285286076453,6.5445847887715,6.42417748110928,6.51646201776239
393,Oracle Vector,1340,5,Additive0.015,879040,798,6,6.57119055115562,6.58689424830215,6.60119055115562,,6.48527779454763,6.52285286076454,6.5445847887715,6.42417748110928,6.51646201776239
393,Value,1340,5,Additive0.015,268860,1366,20,6.57600655295399,6.58689424830215,6.60600655295399,,6.48527779454763,6.52285286076453,6.5445847887715,6.42417748110928,6.51646201776239
393,Vector,1340,5,Additive0.015,1179200,1058,9,6.576006552954,6.58689424830215,6.60600655295399,,6.48527779454763,6.52285286076453,6.5445847887715,6.42417748110928,6.51646201776239
393,Dist L1,1340,5,Additive0.015,282267,1397,21,6.57600655295399,6.58689424830215,6.60600655295399,,6.48527779454763,6.52285286076454,6.5445847887715,6.42417748110928,6.51646201776239
394,Oracle,1340,5,Additive0.015,26800,20,2,6.56304529110347,6.58628305612694,6.59304529110347,,6.48464552339428,6.52210854967098,6.54353035865662,6.42360100957115,6.51658900055816
394,Oracle Vector,1340,5,Additive0.015,884400,803,6,6.57119055115562,6.58628305612694,6.60119055115562,,6.48464552339428,6.52210854967098,6.54353035865662,6.42360100957115,6.51658900055816
394,Vector,1340,5,Additive0.015,1184560,1063,9,6.576006552954,6.58628305612694,6.60600655295399,,6.48464552339428,6.52210854967098,6.54353035865662,6.42360100957115,6.51658900055816
394,Value,1340,5,Additive0.015,282265,1386,21,6.57128305612694,6.58628305612694,6.60128305612693,,6.48464552339428,6.52210854967098,6.54353035865662,6.42360100957115,6.51658900055816
394,Dist L1,1340,5,Additive0.015,295672,1417,22,6.57128305612694,6.58628305612694,6.60128305612694,,6.48464552339428,6.52210854967098,6.54353035865662,6.42360100957115,6.51658900055816
395,Oracle,1340,5,Additive0.015,26800,20,2,6.56304529110347,6.5854170131396,6.59304529110347,,6.48409122046908,6.52189013771213,6.54191620626599,6.42397069778797,6.51584381230916
395,Oracle Vector,1340,5,Additive0.015,884400,803,6,6.57119055115562,6.5854170131396,6.60119055115562,,6.48409122046908,6.52189013771213,6.54191620626599,6.42397069778797,6.51584381230916
395,Value,1340,5,Additive0.015,282265,1386,21,6.57128305612694,6.5854170131396,6.60128305612693,,6.48409122046908,6.52189013771213,6.54191620626599,6.42397069778797,6.51584381230916
395,Vector,1340,5,Additive0.015,1189920,1068,9,6.576006552954,6.5854170131396,6.60600655295399,,6.48409122046908,6.52189013771213,6.54191620626599,6.42397069778797,6.51584381230916
395,Dist L1,1340,5,Additive0.015,295672,1417,22,6.57128305612694,6.5854170131396,6.60128305612694,,6.48409122046908,6.52189013771213,6.54191620626599,6.42397069778797,6.51584381230916
396,Oracle,1340,5,Additive0.015,26800,20,2,6.56304529110347,6.58443487432691,6.59304529110347,,6.48375949994873,6.52135055349352,6.53978069527436,6.42440713406794,6.51542310505731
396,Oracle Vector,1340,5,Additive0.015,889760,808,6,6.57119055115562,6.58443487432691,6.60119055115562,,6.48375949994873,6.52135055349352,6.53978069527436,6.42440713406794,6.51542310505731
396,Value,1340,5,Additive0.015,282265,1386,21,6.57128305612694,6.58443487432691,6.60128305612693,,6.48375949994873,6.52135055349352,6.53978069527436,6.42440713406794,6.51542310505731
396,Vector,1340,5,Additive0.015,1200640,1077,9,6.576006552954,6.58443487432691,6.60600655295399,,6.48375949994873,6.52135055349351,6.53978069527436,6.42440713406794,6.51542310505731
396,Dist L1,1340,5,Additive0.015,295672,1417,22,6.57128305612694,6.58443487432691,6.60128305612694,,6.48375949994873,6.52135055349351,6.53978069527436,6.42440713406794,6.51542310505731
397,Oracle,1340,5,Additive0.015,26800,20,2,6.56304529110347,6.58384273508419,6.59304529110347,,6.48332813195572,6.51948290853744,6.53925042997226,6.42490079704374,6.51552405231285
397,Oracle Vector,1340,5,Additive0.015,889760,808,6,6.57119055115562,6.58384273508419,6.60119055115562,,6.48332813195572,6.51948290853744,6.53925042997226,6.42490079704374,6.51552405231285
397,Vector,1340,5,Additive0.015,1200640,1077,9,6.576006552954,6.58384273508419,6.60600655295399,,6.48332813195572,6.51948290853744,6.53925042997226,6.42490079704374,6.51552405231286
397,Value,1340,5,Additive0.015,282265,1386,21,6.57128305612694,6.58384273508419,6.60128305612693,,6.48332813195572,6.51948290853744,6.53925042997226,6.42490079704374,6.51552405231286
397,Dist L1,1340,5,Additive0.015,295672,1417,22,6.57128305612694,6.58384273508419,6.60128305612694,,6.48332813195572,6.51948290853744,6.53925042997226,6.42490079704374,6.51552405231286
398,Oracle,1340,5,Additive0.015,26800,20,2,6.56304529110347,6.5827455667548,6.59304529110347,,6.48119066288166,6.51881319985462,6.53793427716239,6.42378621800053,6.51551507829653
398,Oracle Vector,1340,5,Additive0.015,889760,808,6,6.57119055115562,6.5827455667548,6.60119055115562,,6.48119066288166,6.51881319985462,6.53793427716239,6.42378621800053,6.51551507829653
398,Value,1340,5,Additive0.015,282265,1386,21,6.57128305612694,6.5827455667548,6.60128305612693,,6.48119066288166,6.51881319985462,6.53793427716239,6.42378621800053,6.51551507829653
398,Vector,1340,5,Additive0.015,1211360,1086,9,6.576006552954,6.5827455667548,6.60600655295399,,6.48119066288165,6.51881319985462,6.53793427716239,6.42378621800053,6.51551507829653
398,Dist L1,1340,5,Additive0.015,295672,1417,22,6.57128305612694,6.5827455667548,6.60128305612694,,6.48119066288166,6.51881319985462,6.53793427716239,6.42378621800053,6.51551507829653
399,Oracle,1340,5,Additive0.015,26800,20,2,6.56304529110347,6.58203300978024,6.59304529110347,,6.47841841217758,6.51704422820942,6.53740247228242,6.4236874771504,6.51598227906333
399,Vector,1340,5,Additive0.015,1211360,1086,9,6.576006552954,6.58203300978024,6.60600655295399,,6.47841841217758,6.51704422820943,6.53740247228242,6.4236874771504,6.51598227906333
399,Oracle Vector,1340,5,Additive0.015,889760,808,6,6.57119055115562,6.58203300978024,6.60119055115562,,6.47841841217758,6.51704422820942,6.53740247228242,6.4236874771504,6.51598227906333
399,Value,1340,5,Additive0.015,282265,1386,21,6.57128305612694,6.58203300978024,6.60128305612693,,6.47841841217758,6.51704422820942,6.53740247228242,6.4236874771504,6.51598227906334
399,Dist L1,1340,5,Additive0.015,295672,1417,22,6.57128305612694,6.58203300978024,6.60128305612694,,6.47841841217758,6.51704422820943,6.53740247228242,6.4236874771504,6.51598227906334
400,Oracle,1340,5,Additive0.015,26800,20,2,6.56304529110347,6.58131368664202,6.59304529110347,,6.47712828984162,6.51594041283946,6.53692361163943,6.42369744490546,6.51638336873575
400,Oracle Vector,1340,5,Additive0.015,895120,813,6,6.57119055115562,6.58131368664202,6.60119055115562,,6.47712828984162,6.51594041283946,6.53692361163943,6.42369744490546,6.51638336873575
400,Value,1340,5,Additive0.015,282271,1394,21,6.57128305612694,6.58131368664202,6.60128305612693,,6.47712828984162,6.51594041283946,6.53692361163943,6.42369744490546,6.51638336873575
400,Vector,1340,5,Additive0.015,1219400,1093,9,6.576006552954,6.58131368664202,6.60600655295399,,6.47712828984162,6.51594041283946,6.53692361163943,6.42369744490546,6.51638336873575
400,Dist L1,1340,5,Additive0.015,295676,1422,22,6.57128305612694,6.58131368664202,6.60128305612694,,6.47712828984162,6.51594041283946,6.53692361163943,6.42369744490546,6.51638336873575
401,Oracle,1340,5,Additive0.015,26800,20,2,6.56304529110347,6.57966584673309,6.59304529110347,,6.4745278574724,6.51227209107868,6.53515270396827,6.42342488419311,6.51650610243799
401,Oracle Vector,1340,5,Additive0.015,903160,820,6,6.57119055115562,6.57966584673309,6.60119055115562,,6.4745278574724,6.51227209107868,6.53515270396827,6.42342488419311,6.51650610243799
401,Value,1340,5,Additive0.015,282281,1406,21,6.57128305612694,6.57966584673309,6.60128305612693,,6.4745278574724,6.51227209107868,6.53515270396827,6.42342488419311,6.51650610243799
401,Vector,1340,5,Additive0.015,1230120,1102,9,6.576006552954,6.57966584673309,6.60600655295399,,6.4745278574724,6.51227209107868,6.53515270396827,6.42342488419311,6.51650610243799
401,Dist L1,1340,5,Additive0.015,295686,1434,22,6.57128305612694,6.57966584673309,6.60128305612694,,6.4745278574724,6.51227209107868,6.53515270396827,6.42342488419311,6.51650610243799
402,Oracle,1340,5,Additive0.015,26800,20,2,6.56304529110347,6.57794903466703,6.59304529110347,,6.47211664597131,6.50935914892826,6.53349723468491,6.42151556170387,6.51631911132911
402,Oracle Vector,1340,5,Additive0.015,908520,825,6,6.57119055115562,6.57794903466703,6.60119055115562,,6.47211664597131,6.50935914892826,6.53349723468491,6.42151556170387,6.51631911132911
402,Value,1340,5,Additive0.015,295686,1426,22,6.56294903466703,6.57794903466703,6.59294903466703,,6.47211664597131,6.50935914892826,6.53349723468491,6.42151556170387,6.51631911132911
402,Vector,1340,5,Additive0.015,1243520,1113,10,6.56294903466703,6.57794903466703,6.59294903466703,,6.47211664597131,6.50935914892826,6.53349723468491,6.42151556170387,6.51631911132911
402,Dist L1,1340,5,Additive0.015,309091,1454,23,6.56294903466703,6.57794903466703,6.59294903466703,,6.47211664597131,6.50935914892826,6.53349723468491,6.42151556170387,6.51631911132911
403,Oracle,1340,5,Additive0.015,26800,20,2,6.56304529110347,6.57672993844179,6.59304529110347,,6.46963020089024,6.50807296728496,6.53145693088928,6.42057212351372,6.51524846814055
403,Vector,1340,5,Additive0.015,1243520,1113,10,6.56294903466703,6.57672993844179,6.59294903466703,,6.46963020089024,6.50807296728496,6.53145693088928,6.42057212351372,6.51524846814055
403,Oracle Vector,1340,5,Additive0.015,913880,830,6,6.57119055115562,6.57672993844179,6.60119055115562,,6.46963020089024,6.50807296728496,6.53145693088928,6.42057212351372,6.51524846814055
403,Value,1340,5,Additive0.015,295686,1426,22,6.56294903466703,6.57672993844179,6.59294903466703,,6.46963020089024,6.50807296728496,6.53145693088928,6.42057212351372,6.51524846814055
403,Dist L1,1340,5,Additive0.015,309091,1454,23,6.56294903466703,6.57672993844179,6.59294903466703,,6.46963020089024,6.50807296728496,6.53145693088928,6.42057212351372,6.51524846814055
404,Oracle,1340,5,Additive0.015,26800,20,2,6.56304529110347,6.57643952554168,6.59304529110347,,6.46840042122613,6.50691829899668,6.53065516164755,6.42114724391032,6.51502865322146
404,Oracle Vector,1340,5,Additive0.015,913880,830,6,6.57119055115562,6.57643952554168,6.60119055115562,,6.46840042122613,6.50691829899668,6.53065516164755,6.42114724391032,6.51502865322146
404,Value,1340,5,Additive0.015,295686,1426,22,6.56294903466703,6.57643952554168,6.59294903466703,,6.46840042122613,6.50691829899668,6.53065516164755,6.42114724391032,6.51502865322146
404,Vector,1340,5,Additive0.015,1243520,1113,10,6.56294903466703,6.57643952554168,6.59294903466703,,6.46840042122613,6.50691829899668,6.53065516164755,6.42114724391032,6.51502865322146
404,Dist L1,1340,5,Additive0.015,309091,1454,23,6.56294903466703,6.57643952554168,6.59294903466703,,6.46840042122613,6.50691829899668,6.53065516164755,6.42114724391032,6.51502865322147
405,Oracle,1340,5,Additive0.015,26800,20,2,6.56304529110347,6.57690334632324,6.59304529110347,,6.46736236307177,6.50687210437716,6.5307124614017,6.42309698692391,6.51648346927205
405,Oracle Vector,1340,5,Additive0.015,919240,835,6,6.57119055115562,6.57690334632324,6.60119055115562,,6.46736236307177,6.50687210437716,6.5307124614017,6.42309698692391,6.51648346927205
405,Value,1340,5,Additive0.015,295686,1426,22,6.56294903466703,6.57690334632324,6.59294903466703,,6.46736236307177,6.50687210437716,6.5307124614017,6.42309698692391,6.51648346927205
405,Vector,1340,5,Additive0.015,1243520,1113,10,6.56294903466703,6.57690334632324,6.59294903466703,,6.46736236307177,6.50687210437716,6.5307124614017,6.42309698692391,6.51648346927205
405,Dist L1,1340,5,Additive0.015,309091,1454,23,6.56294903466703,6.57690334632324,6.59294903466703,,6.46736236307177,6.50687210437716,6.5307124614017,6.42309698692391,6.51648346927205
406,Oracle,1340,5,Additive0.015,26800,20,2,6.56304529110347,6.57709415125209,6.59304529110347,,6.46504349972276,6.50697988996802,6.53028120258088,6.42435222738043,6.51654057265918
406,Value,1340,5,Additive0.015,295686,1426,22,6.56294903466703,6.57709415125209,6.59294903466703,,6.46504349972276,6.50697988996802,6.53028120258088,6.42435222738043,6.51654057265918
406,Oracle Vector,1340,5,Additive0.015,924600,840,6,6.57119055115562,6.57709415125209,6.60119055115562,,6.46504349972276,6.50697988996802,6.53028120258088,6.42435222738043,6.51654057265918
406,Vector,1340,5,Additive0.015,1243520,1113,10,6.56294903466703,6.57709415125209,6.59294903466703,,6.46504349972276,6.50697988996802,6.53028120258088,6.42435222738043,6.51654057265918
406,Dist L1,1340,5,Additive0.015,309091,1454,23,6.56294903466703,6.57709415125209,6.59294903466703,,6.46504349972276,6.50697988996802,6.53028120258088,6.42435222738043,6.51654057265918
407,Oracle,1340,5,Additive0.015,26800,20,2,6.56304529110347,6.57579741921009,6.59304529110347,,6.46192937929203,6.50555363555665,6.52743786617217,6.42415732838962,6.51496160451662
407,Value,1340,5,Additive0.015,295686,1426,22,6.56294903466703,6.57579741921009,6.59294903466703,,6.46192937929203,6.50555363555665,6.52743786617217,6.42415732838962,6.51496160451662
407,Vector,1340,5,Additive0.015,1243520,1113,10,6.56294903466703,6.57579741921009,6.59294903466703,,6.46192937929203,6.50555363555665,6.52743786617217,6.42415732838962,6.51496160451662
407,Oracle Vector,1340,5,Additive0.015,940680,854,6,6.57119055115562,6.57579741921009,6.60119055115562,,6.46192937929203,6.50555363555665,6.52743786617217,6.42415732838962,6.51496160451662
407,Dist L1,1340,5,Additive0.015,309091,1454,23,6.56294903466703,6.57579741921009,6.59294903466703,,6.46192937929202,6.50555363555665,6.52743786617217,6.42415732838962,6.51496160451662
408,Oracle,1340,5,Additive0.015,26800,20,2,6.56304529110347,6.57481466398432,6.59304529110347,,6.46037662228345,6.50495251801095,6.52609463401935,6.42442608756579,6.51353323798464
408,Oracle Vector,1340,5,Additive0.015,940680,854,6,6.57119055115562,6.57481466398432,6.60119055115562,,6.46037662228345,6.50495251801095,6.52609463401935,6.42442608756579,6.51353323798464
408,Vector,1340,5,Additive0.015,1243520,1113,10,6.56294903466703,6.57481466398432,6.59294903466703,,6.46037662228345,6.50495251801095,6.52609463401935,6.42442608756579,6.51353323798464
408,Value,1340,5,Additive0.015,295686,1426,22,6.56294903466703,6.57481466398432,6.59294903466703,,6.46037662228345,6.50495251801095,6.52609463401935,6.42442608756579,6.51353323798464
408,Dist L1,1340,5,Additive0.015,309091,1454,23,6.56294903466703,6.57481466398432,6.59294903466703,,6.46037662228345,6.50495251801095,6.52609463401935,6.42442608756579,6.51353323798464
409,Oracle,1340,5,Additive0.015,26800,20,2,6.56304529110347,6.57482488259157,6.59304529110347,,6.46015418524583,6.50680240029415,6.52544895226025,6.42528559591032,6.51250453084623
409,Oracle Vector,1340,5,Additive0.015,946040,859,6,6.57119055115562,6.57482488259157,6.60119055115562,,6.46015418524583,6.50680240029415,6.52544895226025,6.42528559591032,6.51250453084623
409,Value,1340,5,Additive0.015,295692,1433,22,6.56294903466703,6.57482488259157,6.59294903466703,,6.46015418524583,6.50680240029415,6.52544895226025,6.42528559591032,6.51250453084623
409,Vector,1340,5,Additive0.015,1251560,1120,10,6.56294903466703,6.57482488259157,6.59294903466703,,6.46015418524583,6.50680240029415,6.52544895226025,6.42528559591032,6.51250453084623
409,Dist L1,1340,5,Additive0.015,309097,1461,23,6.56294903466703,6.57482488259157,6.59294903466703,,6.46015418524583,6.50680240029415,6.52544895226025,6.42528559591032,6.51250453084623
410,Oracle,1340,5,Additive0.015,26800,20,2,6.56304529110347,6.57552727194256,6.59304529110347,,6.46134884392925,6.50848605491665,6.52581865897001,6.42580742926011,6.51239582290718
410,Oracle Vector,1340,5,Additive0.015,946040,859,6,6.57119055115562,6.57552727194256,6.60119055115562,,6.46134884392925,6.50848605491665,6.52581865897001,6.42580742926011,6.51239582290718
410,Value,1340,5,Additive0.015,295692,1433,22,6.56294903466703,6.57552727194256,6.59294903466703,,6.46134884392925,6.50848605491665,6.52581865897001,6.42580742926011,6.51239582290718
410,Vector,1340,5,Additive0.015,1251560,1120,10,6.56294903466703,6.57552727194256,6.59294903466703,,6.46134884392925,6.50848605491665,6.52581865897001,6.42580742926011,6.51239582290718
410,Dist L1,1340,5,Additive0.015,309097,1461,23,6.56294903466703,6.57552727194256,6.59294903466703,,6.46134884392925,6.50848605491665,6.52581865897001,6.42580742926011,6.51239582290718
411,Oracle,1340,5,Additive0.015,26800,20,2,6.56304529110347,6.57658282772043,6.59304529110347,,6.46175068807995,6.51086072250459,6.52617895331946,6.42685869893662,6.51281307330506
411,Oracle Vector,1340,5,Additive0.015,946040,859,6,6.57119055115562,6.57658282772043,6.60119055115562,,6.46175068807995,6.51086072250459,6.52617895331946,6.42685869893661,6.51281307330506
411,Value,1340,5,Additive0.015,295692,1433,22,6.56294903466703,6.57658282772043,6.59294903466703,,6.46175068807995,6.51086072250459,6.52617895331946,6.42685869893661,6.51281307330506
411,Vector,1340,5,Additive0.015,1251560,1120,10,6.56294903466703,6.57658282772043,6.59294903466703,,6.46175068807995,6.51086072250459,6.52617895331946,6.42685869893661,6.51281307330506
411,Dist L1,1340,5,Additive0.015,309097,1461,23,6.56294903466703,6.57658282772043,6.59294903466703,,6.46175068807995,6.51086072250459,6.52617895331946,6.42685869893661,6.51281307330506
412,Oracle,1340,5,Additive0.015,26800,20,2,6.56304529110347,6.57752353120424,6.59304529110347,,6.46195868380876,6.51238910253328,6.52637177949117,6.42811970116379,6.51474296778103
412,Oracle Vector,1340,5,Additive0.015,946040,859,6,6.57119055115562,6.57752353120424,6.60119055115562,,6.46195868380876,6.51238910253328,6.52637177949117,6.42811970116379,6.51474296778103
412,Vector,1340,5,Additive0.015,1251560,1120,10,6.56294903466703,6.57752353120424,6.59294903466703,,6.46195868380876,6.51238910253328,6.52637177949117,6.42811970116379,6.51474296778103
412,Value,1340,5,Additive0.015,295692,1433,22,6.56294903466703,6.57752353120424,6.59294903466703,,6.46195868380876,6.51238910253328,6.52637177949117,6.42811970116379,6.51474296778103
412,Dist L1,1340,5,Additive0.015,309097,1461,23,6.56294903466703,6.57752353120424,6.59294903466703,,6.46195868380876,6.51238910253328,6.52637177949117,6.42811970116379,6.51474296778103
413,Oracle,1340,5,Additive0.015,26800,20,2,6.56304529110347,6.5782549043927,6.59304529110347,,6.46119163530527,6.51368653277981,6.5267279390747,6.42941659861507,6.51569641009318
413,Oracle Vector,1340,5,Additive0.015,946040,859,6,6.57119055115562,6.5782549043927,6.60119055115562,,6.46119163530527,6.51368653277982,6.5267279390747,6.42941659861507,6.51569641009318
413,Value,1340,5,Additive0.015,295692,1433,22,6.56294903466703,6.5782549043927,6.59294903466703,,6.46119163530526,6.51368653277982,6.5267279390747,6.42941659861507,6.51569641009318
413,Vector,1340,5,Additive0.015,1251560,1120,10,6.56294903466703,6.5782549043927,6.59294903466703,,6.46119163530527,6.51368653277981,6.5267279390747,6.42941659861507,6.51569641009318
413,Dist L1,1340,5,Additive0.015,309101,1466,23,6.56294903466703,6.5782549043927,6.59294903466703,,6.46119163530526,6.51368653277981,6.5267279390747,6.42941659861507,6.51569641009318
414,Oracle,1340,5,Additive0.015,26800,20,2,6.56304529110347,6.57893956219294,6.59304529110347,,6.46136542965935,6.51502585339389,6.52735573478176,6.43094885110168,6.51490189972131
414,Oracle Vector,1340,5,Additive0.015,951400,864,6,6.57119055115562,6.57893956219294,6.60119055115562,,6.46136542965935,6.51502585339389,6.52735573478176,6.43094885110168,6.5149018997213
414,Vector,1340,5,Additive0.015,1251560,1120,10,6.56294903466703,6.57893956219294,6.59294903466703,,6.46136542965935,6.51502585339389,6.52735573478176,6.43094885110168,6.5149018997213
414,Value,1340,5,Additive0.015,295692,1433,22,6.56294903466703,6.57893956219294,6.59294903466703,,6.46136542965935,6.51502585339389,6.52735573478176,6.43094885110168,6.5149018997213
414,Dist L1,1340,5,Additive0.015,309101,1466,23,6.56294903466703,6.57893956219294,6.59294903466703,,6.46136542965935,6.51502585339389,6.52735573478176,6.43094885110168,6.5149018997213
415,Oracle,1340,5,Additive0.015,26800,20,2,6.56304529110347,6.57966711041478,6.59304529110347,,6.46186823934588,6.51591973818423,6.52764974168137,6.43224956735198,6.51644777997224
415,Oracle Vector,1340,5,Additive0.015,951400,864,6,6.57119055115562,6.57966711041478,6.60119055115562,,6.46186823934588,6.51591973818423,6.52764974168137,6.43224956735198,6.51644777997224
415,Value,1340,5,Additive0.015,295692,1433,22,6.56294903466703,6.57966711041478,6.59294903466703,,6.46186823934588,6.51591973818423,6.52764974168137,6.43224956735198,6.51644777997224
415,Vector,1340,5,Additive0.015,1256920,1125,10,6.56294903466703,6.57966711041478,6.59294903466703,,6.46186823934588,6.51591973818423,6.52764974168137,6.43224956735199,6.51644777997224
415,Dist L1,1340,5,Additive0.015,309105,1471,23,6.56294903466703,6.57966711041478,6.59294903466703,,6.46186823934588,6.51591973818423,6.52764974168137,6.43224956735198,6.51644777997224
416,Oracle,1340,5,Additive0.015,26800,20,2,6.56304529110347,6.58117543715376,6.59304529110347,,6.46286027904052,6.51768740320138,6.52814646927428,6.43470194518658,6.51809454250157
416,Oracle Vector,1340,5,Additive0.015,951400,864,6,6.57119055115562,6.58117543715376,6.60119055115562,,6.46286027904052,6.51768740320138,6.52814646927428,6.43470194518658,6.51809454250157
416,Value,1340,5,Additive0.015,295696,1438,22,6.56294903466703,6.58117543715376,6.59294903466703,,6.46286027904052,6.51768740320138,6.52814646927428,6.43470194518658,6.51809454250157
416,Vector,1340,5,Additive0.015,1262280,1130,10,6.56294903466703,6.58117543715376,6.59294903466703,,6.46286027904052,6.51768740320138,6.52814646927428,6.43470194518658,6.51809454250157
416,Dist L1,1340,5,Additive0.015,309109,1476,23,6.56294903466703,6.58117543715376,6.59294903466703,,6.46286027904052,6.51768740320138,6.52814646927428,6.43470194518658,6.51809454250157
417,Oracle,1340,5,Additive0.015,26800,20,2,6.56304529110347,6.5822253853506,6.59304529110347,,6.46373878651047,6.51870463307607,6.52857195238558,6.43647544470061,6.52006377561609
417,Oracle Vector,1340,5,Additive0.015,956760,869,6,6.57119055115562,6.5822253853506,6.60119055115562,,6.46373878651047,6.51870463307607,6.52857195238558,6.43647544470061,6.52006377561609
417,Value,1340,5,Additive0.015,295700,1443,22,6.56294903466703,6.5822253853506,6.59294903466703,,6.46373878651047,6.51870463307607,6.52857195238558,6.43647544470061,6.52006377561609
417,Vector,1340,5,Additive0.015,1262280,1130,10,6.56294903466703,6.5822253853506,6.59294903466703,,6.46373878651047,6.51870463307607,6.52857195238558,6.43647544470061,6.52006377561609
417,Dist L1,1340,5,Additive0.015,309109,1476,23,6.56294903466703,6.5822253853506,6.59294903466703,,6.46373878651047,6.51870463307607,6.52857195238558,6.43647544470061,6.5200637756161
418,Oracle,1340,5,Additive0.015,26800,20,2,6.56304529110347,6.58291768931175,6.59304529110347,,6.46444210957939,6.51982016255107,6.52787771522263,6.43736679571158,6.5219711604244
418,Oracle Vector,1340,5,Additive0.015,956760,869,6,6.57119055115562,6.58291768931175,6.60119055115562,,6.46444210957939,6.51982016255107,6.52787771522263,6.43736679571158,6.5219711604244
418,Value,1340,5,Additive0.015,295704,1448,22,6.56294903466703,6.58291768931175,6.59294903466703,,6.46444210957939,6.51982016255107,6.52787771522263,6.43736679571158,6.5219711604244
418,Vector,1340,5,Additive0.015,1267640,1135,10,6.56294903466703,6.58291768931175,6.59294903466703,,6.46444210957939,6.51982016255107,6.52787771522263,6.43736679571158,6.5219711604244
418,Dist L1,1340,5,Additive0.015,309109,1476,23,6.56294903466703,6.58291768931175,6.59294903466703,,6.46444210957939,6.51982016255107,6.52787771522263,6.43736679571158,6.5219711604244
419,Oracle,1340,5,Additive0.015,26800,20,2,6.56304529110347,6.58356201837734,6.59304529110347,,6.46504999304061,6.52073683374495,6.52781505557523,6.4389944014146,6.52330404917519
419,Value,1340,5,Additive0.015,295714,1460,22,6.56294903466703,6.58356201837734,6.59294903466703,,6.46504999304061,6.52073683374495,6.52781505557523,6.4389944014146,6.52330404917519
419,Oracle Vector,1340,5,Additive0.015,964800,877,6,6.57119055115562,6.58356201837734,6.60119055115562,,6.46504999304061,6.52073683374495,6.52781505557523,6.4389944014146,6.52330404917519
419,Vector,1340,5,Additive0.015,1275680,1142,10,6.56294903466703,6.58356201837734,6.59294903466703,,6.46504999304061,6.52073683374495,6.52781505557523,6.4389944014146,6.52330404917519
419,Dist L1,1340,5,Additive0.015,309115,1483,23,6.56294903466703,6.58356201837734,6.59294903466703,,6.46504999304061,6.52073683374495,6.52781505557523,6.4389944014146,6.52330404917519
420,Oracle,1340,5,Additive0.015,26800,20,2,6.56304529110347,6.58350739284852,6.59304529110347,,6.46514285911618,6.52078295349451,6.52755404646523,6.44019263182883,6.52342054278699
420,Value,1340,5,Additive0.015,295718,1465,22,6.56294903466703,6.58350739284852,6.59294903466703,,6.46514285911618,6.52078295349451,6.52755404646523,6.44019263182883,6.52342054278699
420,Oracle Vector,1340,5,Additive0.015,970160,882,6,6.57119055115562,6.58350739284852,6.60119055115562,,6.46514285911618,6.52078295349451,6.52755404646523,6.44019263182883,6.52342054278699
420,Vector,1340,5,Additive0.015,1283720,1150,10,6.56294903466703,6.58350739284852,6.59294903466703,,6.46514285911618,6.52078295349451,6.52755404646523,6.44019263182883,6.52342054278699
420,Dist L1,1340,5,Additive0.015,309121,1491,23,6.56294903466703,6.58350739284852,6.59294903466703,,6.46514285911618,6.52078295349451,6.52755404646523,6.44019263182883,6.52342054278699
421,Oracle,1340,5,Additive0.015,26800,20,2,6.56304529110347,6.58380762039503,6.59304529110347,,6.46435660453559,6.52081796061351,6.52781287944473,6.44144265325058,6.52438002280905
421,Oracle Vector,1340,5,Additive0.015,970160,882,6,6.57119055115562,6.58380762039503,6.60119055115562,,6.46435660453559,6.52081796061352,6.52781287944473,6.44144265325058,6.52438002280905
421,Value,1340,5,Additive0.015,295722,1470,22,6.56294903466703,6.58380762039503,6.59294903466703,,6.46435660453559,6.52081796061352,6.52781287944473,6.44144265325058,6.52438002280905
421,Vector,1340,5,Additive0.015,1289080,1155,10,6.56294903466703,6.58380762039503,6.59294903466703,,6.46435660453559,6.52081796061352,6.52781287944473,6.44144265325058,6.52438002280905
421,Dist L1,1340,5,Additive0.015,309127,1498,23,6.56294903466703,6.58380762039503,6.59294903466703,,6.46435660453559,6.52081796061351,6.52781287944473,6.44144265325058,6.52438002280905
422,Oracle,1340,5,Additive0.015,26800,20,2,6.56304529110347,6.5839222277285,6.59304529110347,,6.46491085459658,6.52102249635144,6.52701333836964,6.44163639786347,6.5255521060766
422,Value,1340,5,Additive0.015,295726,1475,22,6.56294903466703,6.5839222277285,6.59294903466703,,6.46491085459658,6.52102249635144,6.52701333836964,6.44163639786347,6.5255521060766
422,Oracle Vector,1340,5,Additive0.015,970160,882,6,6.57119055115562,6.5839222277285,6.60119055115562,,6.46491085459658,6.52102249635144,6.52701333836964,6.44163639786347,6.5255521060766
422,Vector,1340,5,Additive0.015,1297120,1162,10,6.56294903466703,6.5839222277285,6.59294903466703,,6.46491085459658,6.52102249635144,6.52701333836964,6.44163639786347,6.5255521060766
422,Dist L1,1340,5,Additive0.015,309133,1505,23,6.56294903466703,6.5839222277285,6.59294903466703,,6.46491085459658,6.52102249635144,6.52701333836964,6.44163639786347,6.5255521060766
423,Oracle,1340,5,Additive0.015,26800,20,2,6.56304529110347,6.58420161485167,6.59304529110347,,6.46518996054379,6.52168366130335,6.52777035718883,6.44184565572881,6.52650446518484
423,Oracle Vector,1340,5,Additive0.015,975520,887,6,6.57119055115562,6.58420161485167,6.60119055115562,,6.46518996054379,6.52168366130335,6.52777035718883,6.44184565572881,6.52650446518484
423,Value,1340,5,Additive0.015,295734,1485,22,6.56294903466703,6.58420161485167,6.59294903466703,,6.46518996054379,6.52168366130335,6.52777035718883,6.44184565572881,6.52650446518484
423,Vector,1340,5,Additive0.015,1310520,1174,10,6.56294903466703,6.58420161485167,6.59294903466703,,6.46518996054379,6.52168366130335,6.52777035718883,6.44184565572881,6.52650446518484
423,Dist L1,1340,5,Additive0.015,309137,1510,23,6.56294903466703,6.58420161485167,6.59294903466703,,6.46518996054379,6.52168366130335,6.52777035718883,6.44184565572881,6.52650446518484
424,Oracle,1340,5,Additive0.015,26800,20,2,6.56304529110347,6.5847463600494,6.59304529110347,,6.46625674358845,6.5228561267512,6.5275462962331,6.4421067727215,6.52800318326978
424,Value,1340,5,Additive0.015,295744,1497,22,6.56294903466703,6.5847463600494,6.59294903466703,,6.46625674358845,6.5228561267512,6.5275462962331,6.4421067727215,6.52800318326978
424,Oracle Vector,1340,5,Additive0.015,988920,899,6,6.57119055115562,6.5847463600494,6.60119055115562,,6.46625674358845,6.5228561267512,6.5275462962331,6.4421067727215,6.52800318326978
424,Vector,1340,5,Additive0.015,1310520,1174,10,6.56294903466703,6.5847463600494,6.59294903466703,,6.46625674358845,6.5228561267512,6.5275462962331,6.4421067727215,6.52800318326978
424,Dist L1,1340,5,Additive0.015,309149,1525,23,6.56294903466703,6.5847463600494,6.59294903466703,,6.46625674358845,6.5228561267512,6.5275462962331,6.4421067727215,6.52800318326978
425,Oracle,1340,5,Additive0.015,26800,20,2,6.56304529110347,6.58494500716519,6.59304529110347,,6.46741652156654,6.52424769777526,6.5272500884794,6.44269941096296,6.52794151679887
425,Oracle Vector,1340,5,Additive0.015,988920,899,6,6.57119055115562,6.58494500716519,6.60119055115562,,6.46741652156654,6.52424769777526,6.5272500884794,6.44269941096296,6.52794151679887
425,Vector,1340,5,Additive0.015,1310520,1174,10,6.56294903466703,6.58494500716519,6.59294903466703,,6.46741652156654,6.52424769777526,6.5272500884794,6.44269941096296,6.52794151679887
425,Value,1340,5,Additive0.015,295758,1515,22,6.56294903466703,6.58494500716519,6.59294903466703,,6.46741652156654,6.52424769777526,6.5272500884794,6.44269941096296,6.52794151679887
425,Dist L1,1340,5,Additive0.015,309161,1540,23,6.56294903466703,6.58494500716519,6.59294903466703,,6.46741652156654,6.52424769777526,6.5272500884794,6.44269941096296,6.52794151679887
426,Oracle,1340,5,Additive0.015,26800,20,2,6.56304529110347,6.58538969481887,6.59304529110347,,6.46706498648683,6.52414086371098,6.5278004365557,6.44479826157114,6.5302257560237
426,Oracle Vector,1340,5,Additive0.015,988920,899,6,6.57119055115562,6.58538969481887,6.60119055115562,,6.46706498648683,6.52414086371098,6.52780043655569,6.44479826157114,6.5302257560237
426,Value,1340,5,Additive0.015,295758,1515,22,6.56294903466703,6.58538969481887,6.59294903466703,,6.46706498648683,6.52414086371098,6.52780043655569,6.44479826157114,6.5302257560237
426,Vector,1340,5,Additive0.015,1310520,1174,10,6.56294903466703,6.58538969481887,6.59294903466703,,6.46706498648683,6.52414086371098,6.52780043655569,6.44479826157114,6.5302257560237
426,Dist L1,1340,5,Additive0.015,309171,1552,23,6.56294903466703,6.58538969481887,6.59294903466703,,6.46706498648683,6.52414086371098,6.52780043655569,6.44479826157114,6.5302257560237
427,Oracle,1340,5,Additive0.015,26800,20,2,6.56304529110347,6.58535765426745,6.59304529110347,,6.46658057115245,6.52384544237792,6.52718432242379,6.44442035553729,6.53151599536771
427,Value,1340,5,Additive0.015,295758,1515,22,6.56294903466703,6.58535765426745,6.59294903466703,,6.46658057115245,6.52384544237792,6.52718432242379,6.44442035553729,6.53151599536771
427,Oracle Vector,1340,5,Additive0.015,988920,899,6,6.57119055115562,6.58535765426745,6.60119055115562,,6.46658057115245,6.52384544237792,6.52718432242379,6.44442035553729,6.53151599536771
427,Vector,1340,5,Additive0.015,1323920,1186,10,6.56294903466703,6.58535765426745,6.59294903466703,,6.46658057115245,6.52384544237792,6.52718432242379,6.44442035553729,6.53151599536771
427,Dist L1,1340,5,Additive0.015,309185,1569,23,6.56294903466703,6.58535765426745,6.59294903466703,,6.46658057115245,6.52384544237792,6.52718432242379,6.44442035553729,6.53151599536771
428,Oracle,1340,5,Additive0.015,26800,20,2,6.56304529110347,6.58600505024692,6.59304529110347,,6.4659131576344,6.52367150016585,6.52813895873036,6.44582475717556,6.53253627294918
428,Oracle Vector,1340,5,Additive0.015,988920,899,6,6.57119055115562,6.58600505024692,6.60119055115562,,6.4659131576344,6.52367150016585,6.52813895873036,6.44582475717556,6.53253627294918
428,Value,1340,5,Additive0.015,295770,1530,22,6.56294903466703,6.58600505024692,6.59294903466703,,6.4659131576344,6.52367150016585,6.52813895873036,6.44582475717556,6.53253627294918
428,Vector,1340,5,Additive0.015,1331960,1193,10,6.56294903466703,6.58600505024692,6.59294903466703,,6.4659131576344,6.52367150016585,6.52813895873036,6.44582475717556,6.53253627294918
428,Dist L1,1340,5,Additive0.015,309197,1584,23,6.56294903466703,6.58600505024692,6.59294903466703,,6.4659131576344,6.52367150016585,6.52813895873036,6.44582475717556,6.53253627294918
429,Oracle,1340,5,Additive0.015,26800,20,2,6.56304529110347,6.58585228373815,6.59304529110347,,6.46523100828501,6.52341601364838,6.52803156735293,6.44629987070878,6.53276627945185
429,Value,1340,5,Additive0.015,295776,1537,22,6.56294903466703,6.58585228373815,6.59294903466703,,6.46523100828501,6.52341601364838,6.52803156735293,6.44629987070878,6.53276627945185
429,Oracle Vector,1340,5,Additive0.015,1002320,911,6,6.57119055115562,6.58585228373815,6.60119055115562,,6.46523100828501,6.52341601364838,6.52803156735293,6.44629987070878,6.53276627945185
429,Vector,1340,5,Additive0.015,1345360,1205,10,6.56294903466703,6.58585228373816,6.59294903466703,,6.46523100828501,6.52341601364838,6.52803156735293,6.44629987070878,6.53276627945185
429,Dist L1,1340,5,Additive0.015,309211,1601,23,6.56294903466703,6.58585228373815,6.59294903466703,,6.46523100828501,6.52341601364837,6.52803156735293,6.44629987070878,6.53276627945185
430,Oracle,1340,5,Additive0.015,26800,20,2,6.56304529110347,6.5855225984187,6.59304529110347,,6.4648408570382,6.52270504862789,6.52749443275791,6.44723968104176,6.53239482717628
430,Oracle Vector,1340,5,Additive0.015,1002320,911,6,6.57119055115562,6.5855225984187,6.60119055115562,,6.4648408570382,6.52270504862789,6.52749443275791,6.44723968104176,6.53239482717628
430,Vector,1340,5,Additive0.015,1345360,1205,10,6.56294903466703,6.5855225984187,6.59294903466703,,6.4648408570382,6.52270504862789,6.52749443275791,6.44723968104176,6.53239482717628
430,Value,1340,5,Additive0.015,295776,1537,22,6.56294903466703,6.5855225984187,6.59294903466703,,6.4648408570382,6.52270504862789,6.52749443275791,6.44723968104176,6.53239482717628
430,Dist L1,1340,5,Additive0.015,309219,1610,23,6.56294903466703,6.5855225984187,6.59294903466703,,6.4648408570382,6.52270504862789,6.52749443275791,6.44723968104176,6.53239482717628
431,Oracle,1340,5,Additive0.015,26800,20,2,6.56304529110347,6.58596457744923,6.59304529110347,,6.46524847791414,6.52340146313915,6.52807762830987,6.44855347854786,6.53213939305489
431,Value,1340,5,Additive0.015,295788,1552,22,6.56294903466703,6.58596457744922,6.59294903466703,,6.46524847791414,6.52340146313915,6.52807762830987,6.44855347854786,6.53213939305489
431,Oracle Vector,1340,5,Additive0.015,1013040,921,6,6.57119055115562,6.58596457744922,6.60119055115562,,6.46524847791414,6.52340146313915,6.52807762830987,6.44855347854786,6.53213939305489
431,Vector,1340,5,Additive0.015,1361440,1219,10,6.56294903466703,6.58596457744922,6.59294903466703,,6.46524847791414,6.52340146313915,6.52807762830987,6.44855347854786,6.53213939305489
431,Dist L1,1340,5,Additive0.015,309231,1625,23,6.56294903466703,6.58596457744922,6.59294903466703,,6.46524847791414,6.52340146313915,6.52807762830987,6.44855347854786,6.53213939305489
432,Oracle,1340,5,Additive0.015,26800,20,2,6.56304529110347,6.5852432852316,6.59304529110347,,6.46483717899803,6.52156458865584,6.52746968078715,6.44943804221404,6.53103280301513
432,Oracle Vector,1340,5,Additive0.015,1013040,921,6,6.57119055115562,6.5852432852316,6.60119055115562,,6.46483717899803,6.52156458865584,6.52746968078715,6.44943804221404,6.53103280301513
432,Value,1340,5,Additive0.015,295798,1565,22,6.56294903466703,6.5852432852316,6.59294903466703,,6.46483717899803,6.52156458865584,6.52746968078715,6.44943804221404,6.53103280301513
432,Vector,1340,5,Additive0.015,1366800,1224,10,6.56294903466703,6.5852432852316,6.59294903466703,,6.46483717899803,6.52156458865585,6.52746968078715,6.44943804221404,6.53103280301513
432,Dist L1,1340,5,Additive0.015,309239,1636,23,6.56294903466703,6.5852432852316,6.59294903466703,,6.46483717899803,6.52156458865585,6.52746968078715,6.44943804221404,6.53103280301513
433,Oracle,1340,5,Additive0.015,26800,20,2,6.56304529110347,6.58516571619037,6.59304529110347,,6.46478058188159,6.52072942747376,6.52691425553378,6.45116199683054,6.53058319295499
433,Oracle Vector,1340,5,Additive0.015,1018400,926,6,6.57119055115562,6.58516571619038,6.60119055115562,,6.46478058188159,6.52072942747376,6.52691425553378,6.45116199683054,6.53058319295499
433,Vector,1340,5,Additive0.015,1372160,1229,10,6.56294903466703,6.58516571619037,6.59294903466703,,6.46478058188159,6.52072942747376,6.52691425553378,6.45116199683054,6.53058319295499
433,Value,1340,5,Additive0.015,295812,1584,22,6.56294903466703,6.58516571619038,6.59294903466703,,6.46478058188159,6.52072942747376,6.52691425553378,6.45116199683054,6.53058319295499
433,Dist L1,1340,5,Additive0.015,309253,1654,23,6.56294903466703,6.58516571619037,6.59294903466703,,6.46478058188159,6.52072942747376,6.52691425553378,6.45116199683054,6.53058319295499
434,Oracle,1340,5,Additive0.015,26800,20,2,6.56304529110347,6.58529330074886,6.59304529110347,,6.46461527987635,6.52050385609776,6.52654254045568,6.45257404666821,6.5313403354505
434,Oracle Vector,1340,5,Additive0.015,1018400,926,6,6.57119055115562,6.58529330074886,6.60119055115562,,6.46461527987635,6.52050385609776,6.52654254045568,6.45257404666821,6.5313403354505
434,Value,1340,5,Additive0.015,295828,1603,22,6.56294903466703,6.58529330074886,6.59294903466703,,6.46461527987635,6.52050385609776,6.52654254045568,6.45257404666821,6.5313403354505
434,Vector,1340,5,Additive0.015,1377520,1234,10,6.56294903466703,6.58529330074886,6.59294903466703,,6.46461527987635,6.52050385609776,6.52654254045568,6.45257404666821,6.5313403354505
434,Dist L1,1340,5,Additive0.015,322658,1676,24,6.57029330074886,6.58529330074886,6.60029330074886,,6.46461527987635,6.52050385609776,6.52654254045568,6.45257404666821,6.5313403354505
435,Oracle,1340,5,Additive0.015,26800,20,2,6.56304529110347,6.58476611344856,6.59304529110347,,6.46429576741745,6.51945202667124,6.5259147813731,6.45221143238788,6.53079664586961
435,Oracle Vector,1340,5,Additive0.015,1018400,926,6,6.57119055115562,6.58476611344856,6.60119055115562,,6.46429576741745,6.51945202667124,6.5259147813731,6.45221143238788,6.53079664586961
435,Vector,1340,5,Additive0.015,1390920,1246,10,6.56294903466703,6.58476611344856,6.59294903466703,,6.46429576741745,6.51945202667124,6.5259147813731,6.45221143238788,6.53079664586961
435,Value,1340,5,Additive0.015,309233,1625,23,6.56976611344856,6.58476611344856,6.59976611344856,,6.46429576741745,6.51945202667124,6.5259147813731,6.45221143238788,6.53079664586961
435,Dist L1,1340,5,Additive0.015,322658,1676,24,6.57029330074886,6.58476611344856,6.60029330074886,,6.46429576741745,6.51945202667124,6.5259147813731,6.45221143238788,6.53079664586961
436,Oracle,1340,5,Additive0.015,26800,20,2,6.56304529110347,6.58438487789706,6.59304529110347,,6.46346032610954,6.51818849440827,6.52565192223831,6.45295133523485,6.53056093777651
436,Oracle Vector,1340,5,Additive0.015,1026440,933,6,6.57119055115562,6.58438487789707,6.60119055115562,,6.46346032610954,6.51818849440827,6.52565192223831,6.45295133523485,6.53056093777651
436,Value,1340,5,Additive0.015,309233,1625,23,6.56976611344856,6.58438487789707,6.59976611344856,,6.46346032610954,6.51818849440827,6.52565192223831,6.45295133523485,6.53056093777651
436,Vector,1340,5,Additive0.015,1401640,1256,10,6.56294903466703,6.58438487789707,6.59294903466703,,6.46346032610954,6.51818849440827,6.52565192223831,6.45295133523485,6.53056093777651
436,Dist L1,1340,5,Additive0.015,322658,1676,24,6.57029330074886,6.58438487789707,6.60029330074886,,6.46346032610954,6.51818849440827,6.52565192223831,6.45295133523485,6.53056093777651
437,Oracle,1340,5,Additive0.015,26800,20,2,6.56304529110347,6.58368946321974,6.59304529110347,,6.46211949927927,6.51667629155152,6.52578305769362,6.45291224566516,6.53093295880101
437,Oracle Vector,1340,5,Additive0.015,1026440,933,6,6.57119055115562,6.58368946321974,6.60119055115562,,6.46211949927927,6.51667629155152,6.52578305769362,6.45291224566516,6.53093295880101
437,Value,1340,5,Additive0.015,309233,1625,23,6.56976611344856,6.58368946321974,6.59976611344856,,6.46211949927927,6.51667629155152,6.52578305769362,6.45291224566516,6.53093295880101
437,Vector,1340,5,Additive0.015,1407000,1261,10,6.56294903466703,6.58368946321974,6.59294903466703,,6.46211949927927,6.51667629155152,6.52578305769362,6.45291224566516,6.53093295880101
437,Dist L1,1340,5,Additive0.015,322658,1676,24,6.57029330074886,6.58368946321974,6.60029330074886,,6.46211949927927,6.51667629155152,6.52578305769362,6.45291224566516,6.53093295880101
438,Oracle,1340,5,Additive0.015,26800,20,2,6.56304529110347,6.58393428305197,6.59304529110347,,6.46183247946523,6.51678168423252,6.52474337515052,6.4532920653523,6.53224181537262
438,Oracle Vector,1340,5,Additive0.015,1031800,938,6,6.57119055115562,6.58393428305197,6.60119055115562,,6.46183247946523,6.51678168423252,6.52474337515052,6.45329206535231,6.53224181537262
438,Value,1340,5,Additive0.015,309233,1625,23,6.56976611344856,6.58393428305197,6.59976611344856,,6.46183247946523,6.51678168423252,6.52474337515052,6.45329206535231,6.53224181537262
438,Vector,1340,5,Additive0.015,1417720,1271,10,6.56294903466703,6.58393428305197,6.59294903466703,,6.46183247946523,6.51678168423252,6.52474337515052,6.45329206535231,6.53224181537262
438,Dist L1,1340,5,Additive0.015,322658,1676,24,6.57029330074886,6.58393428305197,6.60029330074886,,6.46183247946523,6.51678168423252,6.52474337515052,6.45329206535231,6.53224181537262
439,Oracle,1340,5,Additive0.015,26800,20,2,6.56304529110347,6.58442831925749,6.59304529110347,,6.46181662662045,6.51644634908359,6.52501820768134,6.45425598887697,6.53237357749544
439,Value,1340,5,Additive0.015,309233,1625,23,6.56976611344856,6.58442831925749,6.59976611344856,,6.46181662662044,6.51644634908358,6.52501820768134,6.45425598887697,6.53237357749543
439,Oracle Vector,1340,5,Additive0.015,1039840,946,6,6.57119055115562,6.58442831925749,6.60119055115562,,6.46181662662045,6.51644634908359,6.52501820768134,6.45425598887697,6.53237357749544
439,Vector,1340,5,Additive0.015,1431120,1284,10,6.56294903466703,6.58442831925749,6.59294903466703,,6.46181662662044,6.51644634908358,6.52501820768134,6.45425598887697,6.53237357749543
439,Dist L1,1340,5,Additive0.015,322658,1676,24,6.57029330074886,6.58442831925749,6.60029330074886,,6.46181662662044,6.51644634908358,6.52501820768134,6.45425598887697,6.53237357749543
440,Oracle,1340,5,Additive0.015,26800,20,2,6.56304529110347,6.58442819737373,6.59304529110347,,6.46148312131271,6.51629737982086,6.52433401075403,6.45564397660717,6.53261313018677
440,Oracle Vector,1340,5,Additive0.015,1047880,953,6,6.57119055115562,6.58442819737373,6.60119055115562,,6.46148312131271,6.51629737982086,6.52433401075403,6.45564397660717,6.53261313018678
440,Value,1340,5,Additive0.015,309233,1625,23,6.56976611344856,6.58442819737374,6.59976611344856,,6.46148312131271,6.51629737982086,6.52433401075403,6.45564397660717,6.53261313018678
440,Dist L1,1340,5,Additive0.015,322658,1676,24,6.57029330074886,6.58442819737373,6.60029330074886,,6.46148312131271,6.51629737982086,6.52433401075403,6.45564397660717,6.53261313018678
440,Vector,1340,5,Additive0.015,1444520,1297,11,6.56942819737374,6.58442819737374,6.59942819737373,,6.46148312131271,6.51629737982086,6.52433401075403,6.45564397660717,6.53261313018677
441,Oracle,1340,5,Additive0.015,26800,20,2,6.56304529110347,6.5838382272411,6.59304529110347,,6.46102832285934,6.51502027015883,6.52323659077466,6.455968318315,6.53228402980903
441,Oracle Vector,1340,5,Additive0.015,1053240,958,6,6.57119055115562,6.5838382272411,6.60119055115562,,6.46102832285934,6.51502027015883,6.52323659077466,6.455968318315,6.53228402980903
441,Value,1340,5,Additive0.015,309233,1625,23,6.56976611344856,6.5838382272411,6.59976611344856,,6.46102832285934,6.51502027015883,6.52323659077466,6.455968318315,6.53228402980904
441,Vector,1340,5,Additive0.015,1444520,1297,11,6.56942819737374,6.5838382272411,6.59942819737373,,6.46102832285934,6.51502027015883,6.52323659077466,6.455968318315,6.53228402980904
441,Dist L1,1340,5,Additive0.015,322662,1681,24,6.57029330074886,6.5838382272411,6.60029330074886,,6.46102832285934,6.51502027015883,6.52323659077466,6.455968318315,6.53228402980903
442,Oracle,1340,5,Additive0.015,26800,20,2,6.56304529110347,6.58346205311565,6.59304529110347,,6.46084245010699,6.51392943576328,6.52262847685219,6.45647120514298,6.5318497599708
442,Oracle Vector,1340,5,Additive0.015,1053240,958,6,6.57119055115562,6.58346205311565,6.60119055115562,,6.46084245010699,6.51392943576328,6.52262847685219,6.45647120514298,6.53184975997079
442,Vector,1340,5,Additive0.015,1444520,1297,11,6.56942819737374,6.58346205311565,6.59942819737373,,6.46084245010699,6.51392943576328,6.52262847685219,6.45647120514298,6.53184975997079
442,Value,1340,5,Additive0.015,309237,1630,23,6.56976611344856,6.58346205311565,6.59976611344856,,6.46084245010699,6.51392943576328,6.52262847685219,6.45647120514298,6.53184975997079
442,Dist L1,1340,5,Additive0.015,322662,1681,24,6.57029330074886,6.58346205311565,6.60029330074886,,6.46084245010699,6.51392943576328,6.52262847685219,6.45647120514298,6.53184975997079
443,Oracle,1340,5,Additive0.015,26800,20,2,6.56304529110347,6.58376090530277,6.59304529110347,,6.46172242197707,6.51384911604602,6.52153172466854,6.45740984397918,6.53196000466953
443,Oracle Vector,1340,5,Additive0.015,1053240,958,6,6.57119055115562,6.58376090530277,6.60119055115562,,6.46172242197707,6.51384911604603,6.52153172466854,6.45740984397918,6.53196000466953
443,Vector,1340,5,Additive0.015,1444520,1297,11,6.56942819737374,6.58376090530277,6.59942819737373,,6.46172242197707,6.51384911604603,6.52153172466854,6.45740984397918,6.53196000466953
443,Value,1340,5,Additive0.015,309243,1637,23,6.56976611344856,6.58376090530277,6.59976611344856,,6.46172242197707,6.51384911604603,6.52153172466854,6.45740984397918,6.53196000466953
443,Dist L1,1340,5,Additive0.015,322662,1681,24,6.57029330074886,6.58376090530277,6.60029330074886,,6.46172242197707,6.51384911604603,6.52153172466854,6.45740984397918,6.53196000466953
444,Oracle,1340,5,Additive0.015,26800,20,2,6.56304529110347,6.58311871723938,6.59304529110347,,6.46115817087179,6.51214282258719,6.5201510525781,6.45803356462574,6.53192632117523
444,Vector,1340,5,Additive0.015,1444520,1297,11,6.56942819737374,6.58311871723938,6.59942819737373,,6.4611581708718,6.51214282258719,6.5201510525781,6.45803356462574,6.53192632117523
444,Oracle Vector,1340,5,Additive0.015,1063960,968,6,6.57119055115562,6.58311871723938,6.60119055115562,,6.46115817087179,6.51214282258719,6.5201510525781,6.45803356462574,6.53192632117523
444,Value,1340,5,Additive0.015,309243,1637,23,6.56976611344856,6.58311871723938,6.59976611344856,,6.4611581708718,6.51214282258719,6.5201510525781,6.45803356462574,6.53192632117523
444,Dist L1,1340,5,Additive0.015,322668,1688,24,6.57029330074886,6.58311871723938,6.60029330074886,,6.4611581708718,6.51214282258719,6.5201510525781,6.45803356462574,6.53192632117523
445,Oracle,1340,5,Additive0.015,26800,20,2,6.56304529110347,6.58257806449484,6.59304529110347,,6.4612861029569,6.51046680132347,6.52017374208192,6.45837186879606,6.53225709047606
445,Value,1340,5,Additive0.015,309247,1642,23,6.56976611344856,6.58257806449484,6.59976611344856,,6.4612861029569,6.51046680132347,6.52017374208192,6.45837186879606,6.53225709047606
445,Oracle Vector,1340,5,Additive0.015,1069320,973,6,6.57119055115562,6.58257806449484,6.60119055115562,,6.4612861029569,6.51046680132347,6.52017374208192,6.45837186879606,6.53225709047606
445,Vector,1340,5,Additive0.015,1449880,1302,11,6.56942819737374,6.58257806449484,6.59942819737373,,6.4612861029569,6.51046680132347,6.52017374208192,6.45837186879606,6.53225709047606
445,Dist L1,1340,5,Additive0.015,322678,1701,24,6.57029330074886,6.58257806449484,6.60029330074886,,6.4612861029569,6.51046680132347,6.52017374208192,6.45837186879606,6.53225709047606
446,Oracle,1340,5,Additive0.015,26800,20,2,6.56304529110347,6.58207033079555,6.59304529110347,,6.46225069084272,6.5104286716656,6.51940538586913,6.45700219610236,6.53139298175975
446,Oracle Vector,1340,5,Additive0.015,1069320,973,6,6.57119055115562,6.58207033079555,6.60119055115562,,6.46225069084272,6.5104286716656,6.51940538586913,6.45700219610236,6.53139298175975
446,Vector,1340,5,Additive0.015,1449880,1302,11,6.56942819737374,6.58207033079555,6.59942819737373,,6.46225069084272,6.5104286716656,6.51940538586913,6.45700219610236,6.53139298175975
446,Value,1340,5,Additive0.015,309247,1642,23,6.56976611344856,6.58207033079555,6.59976611344856,,6.46225069084272,6.5104286716656,6.51940538586913,6.45700219610236,6.53139298175975
446,Dist L1,1340,5,Additive0.015,322678,1701,24,6.57029330074886,6.58207033079555,6.60029330074886,,6.46225069084272,6.5104286716656,6.51940538586913,6.45700219610236,6.53139298175975
447,Oracle,1340,5,Additive0.015,26800,20,2,6.56304529110347,6.58083710613892,6.59304529110347,,6.46109586567558,6.50854314344656,6.51848754389338,6.45724464201456,6.53308672141033
447,Oracle Vector,1340,5,Additive0.015,1077360,980,6,6.57119055115562,6.58083710613892,6.60119055115562,,6.46109586567558,6.50854314344656,6.51848754389338,6.45724464201456,6.53308672141033
447,Value,1340,5,Additive0.015,309253,1649,23,6.56976611344856,6.58083710613893,6.59976611344856,,6.46109586567558,6.50854314344656,6.51848754389338,6.45724464201456,6.53308672141033
447,Vector,1340,5,Additive0.015,1455240,1307,11,6.56942819737374,6.58083710613893,6.59942819737373,,6.46109586567558,6.50854314344656,6.51848754389338,6.45724464201456,6.53308672141033
447,Dist L1,1340,5,Additive0.015,336083,1724,25,6.56583710613893,6.58083710613893,6.59583710613892,,6.46109586567558,6.50854314344656,6.51848754389338,6.45724464201456,6.53308672141033
448,Oracle,1340,5,Additive0.015,26800,20,2,6.56304529110347,6.57915871279472,6.59304529110347,,6.46114900139046,6.50635463818483,6.51650422417417,6.45649758643586,6.53247351604547
448,Oracle Vector,1340,5,Additive0.015,1077360,980,6,6.57119055115562,6.57915871279472,6.60119055115562,,6.46114900139046,6.50635463818483,6.51650422417417,6.45649758643586,6.53247351604547
448,Vector,1340,5,Additive0.015,1460600,1312,11,6.56942819737374,6.57915871279472,6.59942819737373,,6.46114900139046,6.50635463818483,6.51650422417417,6.45649758643586,6.53247351604547
448,Value,1340,5,Additive0.015,322658,1670,24,6.56415871279472,6.57915871279472,6.59415871279472,,6.46114900139046,6.50635463818483,6.51650422417417,6.45649758643586,6.53247351604547
448,Dist L1,1340,5,Additive0.015,336083,1724,25,6.56583710613893,6.57915871279472,6.59583710613892,,6.46114900139046,6.50635463818483,6.51650422417417,6.45649758643586,6.53247351604547
449,Oracle,1340,5,Additive0.015,26800,20,2,6.56304529110347,6.57731939477654,6.59304529110347,,6.46085206107933,6.50335172048577,6.514044895889,6.45517676390752,6.53229959693864
449,Oracle Vector,1340,5,Additive0.015,1077360,980,6,6.57119055115562,6.57731939477654,6.60119055115562,,6.46085206107933,6.50335172048577,6.514044895889,6.45517676390752,6.53229959693864
449,Value,1340,5,Additive0.015,322658,1670,24,6.56415871279472,6.57731939477654,6.59415871279472,,6.46085206107933,6.50335172048577,6.514044895889,6.45517676390752,6.53229959693864
449,Vector,1340,5,Additive0.015,1465960,1317,11,6.56942819737374,6.57731939477654,6.59942819737373,,6.46085206107933,6.50335172048577,6.514044895889,6.45517676390752,6.53229959693864
449,Dist L1,1340,5,Additive0.015,336083,1724,25,6.56583710613893,6.57731939477654,6.59583710613892,,6.46085206107933,6.50335172048577,6.514044895889,6.45517676390752,6.53229959693864
450,Oracle,1340,5,Additive0.015,26800,20,2,6.56304529110347,6.57509311419362,6.59304529110347,,6.45955837901048,6.50107660682447,6.51122022170475,6.45439784921343,6.53148229926641
450,Value,1340,5,Additive0.015,322658,1670,24,6.56415871279472,6.57509311419362,6.59415871279472,,6.45955837901048,6.50107660682447,6.51122022170475,6.45439784921343,6.53148229926641
450,Oracle Vector,1340,5,Additive0.015,1090760,991,6,6.57119055115562,6.57509311419362,6.60119055115562,,6.45955837901048,6.50107660682447,6.51122022170475,6.45439784921343,6.53148229926641
450,Vector,1340,5,Additive0.015,1479360,1328,11,6.56942819737374,6.57509311419362,6.59942819737373,,6.45955837901048,6.50107660682447,6.51122022170475,6.45439784921343,6.53148229926641
450,Dist L1,1340,5,Additive0.015,336083,1724,25,6.56583710613893,6.57509311419362,6.59583710613892,,6.45955837901048,6.50107660682447,6.51122022170475,6.45439784921343,6.53148229926641
451,Oracle,1340,5,Additive0.015,26800,20,2,6.56304529110347,6.57288006563961,6.59304529110347,,6.45816548530896,6.49832904052012,6.50935345066064,6.452392251815,6.53135979658056
451,Oracle Vector,1340,5,Additive0.015,1090760,991,6,6.57119055115562,6.57288006563961,6.60119055115562,,6.45816548530896,6.49832904052012,6.50935345066064,6.452392251815,6.53135979658056
451,Value,1340,5,Additive0.015,322658,1670,24,6.56415871279472,6.57288006563961,6.59415871279472,,6.45816548530896,6.49832904052012,6.50935345066065,6.452392251815,6.53135979658056
451,Vector,1340,5,Additive0.015,1490080,1337,11,6.56942819737374,6.57288006563961,6.59942819737373,,6.45816548530896,6.49832904052012,6.50935345066065,6.452392251815,6.53135979658056
451,Dist L1,1340,5,Additive0.015,336087,1729,25,6.56583710613893,6.57288006563961,6.59583710613892,,6.45816548530896,6.49832904052012,6.50935345066065,6.452392251815,6.53135979658056
452,Oracle,1340,5,Additive0.015,26800,20,2,6.56304529110347,6.57246860936881,6.59304529110347,,6.45892749771724,6.49768563403171,6.50846375313086,6.45104033891985,6.53156230891398
452,Value,1340,5,Additive0.015,322658,1670,24,6.56415871279472,6.57246860936881,6.59415871279472,,6.45892749771724,6.49768563403171,6.50846375313086,6.45104033891985,6.53156230891398
452,Oracle Vector,1340,5,Additive0.015,1098800,998,6,6.57119055115562,6.57246860936881,6.60119055115562,,6.45892749771724,6.49768563403171,6.50846375313086,6.45104033891985,6.53156230891398
452,Vector,1340,5,Additive0.015,1503480,1347,12,6.55746860936881,6.57246860936881,6.58746860936881,,6.45892749771724,6.49768563403171,6.50846375313086,6.45104033891985,6.53156230891398
452,Dist L1,1340,5,Additive0.015,336093,1736,25,6.56583710613893,6.57246860936881,6.59583710613892,,6.45892749771724,6.49768563403171,6.50846375313086,6.45104033891985,6.53156230891398
453,Oracle,1340,5,Additive0.015,26800,20,2,6.56304529110347,6.57211433771542,6.59304529110347,,6.45975688271137,6.4956234836029,6.50835960156282,6.45095598196231,6.53131307431681
453,Oracle Vector,1340,5,Additive0.015,1106840,1005,6,6.57119055115562,6.57211433771542,6.60119055115562,,6.45975688271137,6.4956234836029,6.50835960156282,6.45095598196231,6.53131307431681
453,Value,1340,5,Additive0.015,322662,1675,24,6.56415871279472,6.57211433771542,6.59415871279472,,6.45975688271137,6.4956234836029,6.50835960156282,6.45095598196231,6.53131307431681
453,Vector,1340,5,Additive0.015,1503480,1347,12,6.55746860936881,6.57211433771542,6.58746860936881,,6.45975688271137,6.4956234836029,6.50835960156282,6.45095598196231,6.53131307431681
453,Dist L1,1340,5,Additive0.015,349498,1759,26,6.55711433771542,6.57211433771542,6.58711433771542,,6.45975688271137,6.4956234836029,6.50835960156282,6.45095598196231,6.53131307431681
454,Oracle,1340,5,Additive0.015,26800,20,2,6.56304529110347,6.57234228439563,6.59304529110347,,6.46075597451138,6.49472188053977,6.50914959493801,6.45122277183026,6.53141895914012
454,Value,1340,5,Additive0.015,322666,1680,24,6.56415871279472,6.57234228439563,6.59415871279472,,6.46075597451138,6.49472188053977,6.50914959493801,6.45122277183026,6.53141895914012
454,Oracle Vector,1340,5,Additive0.015,1114880,1012,6,6.57119055115562,6.57234228439563,6.60119055115562,,6.46075597451138,6.49472188053977,6.50914959493801,6.45122277183026,6.53141895914012
454,Vector,1340,5,Additive0.015,1503480,1347,12,6.55746860936881,6.57234228439563,6.58746860936881,,6.46075597451138,6.49472188053977,6.50914959493801,6.45122277183026,6.53141895914012
454,Dist L1,1340,5,Additive0.015,349498,1759,26,6.55711433771542,6.57234228439563,6.58711433771542,,6.46075597451138,6.49472188053977,6.50914959493801,6.45122277183026,6.53141895914012
455,Oracle,1340,5,Additive0.015,26800,20,2,6.56304529110347,6.57250326504732,6.59304529110347,,6.46218796897588,6.49475929523305,6.50901781268061,6.45092064675979,6.53120687851095
455,Oracle Vector,1340,5,Additive0.015,1122920,1019,6,6.57119055115562,6.57250326504732,6.60119055115562,,6.46218796897588,6.49475929523305,6.50901781268061,6.45092064675978,6.53120687851095
455,Value,1340,5,Additive0.015,322666,1680,24,6.56415871279472,6.57250326504732,6.59415871279472,,6.46218796897588,6.49475929523305,6.50901781268061,6.45092064675978,6.53120687851095
455,Vector,1340,5,Additive0.015,1503480,1347,12,6.55746860936881,6.57250326504732,6.58746860936881,,6.46218796897588,6.49475929523305,6.50901781268061,6.45092064675979,6.53120687851095
455,Dist L1,1340,5,Additive0.015,349498,1759,26,6.55711433771542,6.57250326504732,6.58711433771542,,6.46218796897588,6.49475929523305,6.50901781268061,6.45092064675978,6.53120687851095
456,Oracle,1340,5,Additive0.015,26800,20,2,6.56304529110347,6.57266199696191,6.59304529110347,,6.46405940262381,6.4936914458575,6.50940553975974,6.4504131246147,6.53245146625874
456,Oracle Vector,1340,5,Additive0.015,1128280,1024,6,6.57119055115562,6.57266199696191,6.60119055115562,,6.46405940262381,6.4936914458575,6.50940553975974,6.4504131246147,6.53245146625874
456,Vector,1340,5,Additive0.015,1503480,1347,12,6.55746860936881,6.57266199696191,6.58746860936881,,6.46405940262381,6.4936914458575,6.50940553975973,6.4504131246147,6.53245146625874
456,Value,1340,5,Additive0.015,322670,1685,24,6.56415871279472,6.57266199696191,6.59415871279472,,6.46405940262381,6.4936914458575,6.50940553975973,6.4504131246147,6.53245146625874
456,Dist L1,1340,5,Additive0.015,349498,1759,26,6.55711433771542,6.57266199696191,6.58711433771542,,6.46405940262381,6.4936914458575,6.50940553975973,6.4504131246147,6.53245146625874
457,Oracle,1340,5,Additive0.015,26800,20,2,6.56304529110347,6.57341537829127,6.59304529110347,,6.46520587087247,6.4936123273736,6.51102533798134,6.4513868216742,6.53302343998505
457,Oracle Vector,1340,5,Additive0.015,1136320,1031,6,6.57119055115562,6.57341537829127,6.60119055115562,,6.46520587087247,6.4936123273736,6.51102533798134,6.4513868216742,6.53302343998505
457,Vector,1340,5,Additive0.015,1503480,1347,12,6.55746860936881,6.57341537829127,6.58746860936881,,6.46520587087247,6.4936123273736,6.51102533798134,6.4513868216742,6.53302343998505
457,Value,1340,5,Additive0.015,322678,1695,24,6.56415871279472,6.57341537829127,6.59415871279472,,6.46520587087247,6.4936123273736,6.51102533798134,6.4513868216742,6.53302343998505
457,Dist L1,1340,5,Additive0.015,349498,1759,26,6.55711433771542,6.57341537829127,6.58711433771542,,6.46520587087247,6.4936123273736,6.51102533798134,6.4513868216742,6.53302343998505
458,Oracle,1340,5,Additive0.015,26800,20,2,6.56304529110347,6.57475043157927,6.59304529110347,,6.46767700358412,6.49273557068694,6.51272139900651,6.452614858636,6.53447532684059
458,Oracle Vector,1340,5,Additive0.015,1141680,1036,6,6.57119055115562,6.57475043157927,6.60119055115562,,6.46767700358413,6.49273557068694,6.51272139900651,6.452614858636,6.53447532684059
458,Vector,1340,5,Additive0.015,1503480,1347,12,6.55746860936881,6.57475043157927,6.58746860936881,,6.46767700358412,6.49273557068694,6.51272139900651,6.452614858636,6.53447532684059
458,Value,1340,5,Additive0.015,322682,1700,24,6.56415871279472,6.57475043157927,6.59415871279472,,6.46767700358413,6.49273557068694,6.51272139900651,6.452614858636,6.53447532684059
458,Dist L1,1340,5,Additive0.015,349498,1759,26,6.55711433771542,6.57475043157927,6.58711433771542,,6.46767700358412,6.49273557068694,6.51272139900651,6.452614858636,6.53447532684059
459,Oracle,1340,5,Additive0.015,26800,20,2,6.56304529110347,6.57588944548302,6.59304529110347,,6.46903283041848,6.49185645069597,6.51513074450575,6.4531876598932,6.53576373705293
459,Oracle Vector,1340,5,Additive0.015,1141680,1036,6,6.57119055115562,6.57588944548302,6.60119055115562,,6.46903283041848,6.49185645069597,6.51513074450575,6.45318765989321,6.53576373705292
459,Value,1340,5,Additive0.015,322686,1705,24,6.56415871279472,6.57588944548302,6.59415871279472,,6.46903283041848,6.49185645069597,6.51513074450575,6.45318765989321,6.53576373705292
459,Vector,1340,5,Additive0.015,1503480,1347,12,6.55746860936881,6.57588944548302,6.58746860936881,,6.46903283041848,6.49185645069597,6.51513074450575,6.45318765989321,6.53576373705293
459,Dist L1,1340,5,Additive0.015,349498,1759,26,6.55711433771542,6.57588944548302,6.58711433771542,,6.46903283041848,6.49185645069597,6.51513074450575,6.45318765989321,6.53576373705292
460,Oracle,1340,5,Additive0.015,26800,20,2,6.56304529110347,6.5758774120278,6.59304529110347,,6.46959085517244,6.49012374911868,6.51475365550898,6.4542779536875,6.53683749747696
460,Value,1340,5,Additive0.015,322686,1705,24,6.56415871279472,6.5758774120278,6.59415871279472,,6.46959085517244,6.49012374911868,6.51475365550898,6.4542779536875,6.53683749747696
460,Oracle Vector,1340,5,Additive0.015,1147040,1041,6,6.57119055115562,6.5758774120278,6.60119055115562,,6.46959085517244,6.49012374911868,6.51475365550898,6.4542779536875,6.53683749747696
460,Vector,1340,5,Additive0.015,1508840,1352,12,6.55746860936881,6.5758774120278,6.58746860936881,,6.46959085517244,6.49012374911868,6.51475365550898,6.4542779536875,6.53683749747696
460,Dist L1,1340,5,Additive0.015,349498,1759,26,6.55711433771542,6.5758774120278,6.58711433771542,,6.46959085517244,6.49012374911868,6.51475365550898,6.4542779536875,6.53683749747696
461,Oracle,1340,5,Additive0.015,26800,20,2,6.56304529110347,6.57655180260306,6.59304529110347,,6.47081415368259,6.48851573985583,6.51563530645486,6.4554658553216,6.53806873812942
461,Oracle Vector,1340,5,Additive0.015,1147040,1041,6,6.57119055115562,6.57655180260306,6.60119055115562,,6.47081415368259,6.48851573985583,6.51563530645486,6.4554658553216,6.53806873812942
461,Vector,1340,5,Additive0.015,1508840,1352,12,6.55746860936881,6.57655180260306,6.58746860936881,,6.47081415368259,6.48851573985583,6.51563530645486,6.4554658553216,6.53806873812942
461,Value,1340,5,Additive0.015,322690,1710,24,6.56415871279472,6.57655180260306,6.59415871279472,,6.47081415368259,6.48851573985583,6.51563530645486,6.4554658553216,6.53806873812942
461,Dist L1,1340,5,Additive0.015,349498,1759,26,6.55711433771542,6.57655180260306,6.58711433771542,,6.47081415368259,6.48851573985583,6.51563530645486,6.4554658553216,6.53806873812942
462,Oracle,1340,5,Additive0.015,26800,20,2,6.56304529110347,6.57717441197532,6.59304529110347,,6.47178590092141,6.48738581773972,6.51607695051575,6.45677048105313,6.53892929219475
462,Value,1340,5,Additive0.015,322694,1715,24,6.56415871279472,6.57717441197532,6.59415871279472,,6.47178590092141,6.48738581773972,6.51607695051575,6.45677048105313,6.53892929219475
462,Oracle Vector,1340,5,Additive0.015,1157760,1051,6,6.57119055115562,6.57717441197532,6.60119055115562,,6.47178590092141,6.48738581773972,6.51607695051575,6.45677048105313,6.53892929219475
462,Vector,1340,5,Additive0.015,1514200,1357,12,6.55746860936881,6.57717441197533,6.58746860936881,,6.47178590092141,6.48738581773972,6.51607695051575,6.45677048105313,6.53892929219475
462,Dist L1,1340,5,Additive0.015,349506,1769,26,6.55711433771542,6.57717441197533,6.58711433771542,,6.47178590092141,6.48738581773972,6.51607695051575,6.45677048105313,6.53892929219475
463,Oracle,1340,5,Additive0.015,26800,20,2,6.56304529110347,6.57839830202813,6.59304529110347,,6.47414752996664,6.4862957316768,6.51801205582536,6.45800771302785,6.5407803205537
463,Vector,1340,5,Additive0.015,1514200,1357,12,6.55746860936881,6.57839830202813,6.58746860936881,,6.47414752996663,6.4862957316768,6.51801205582536,6.45800771302785,6.5407803205537
463,Oracle Vector,1340,5,Additive0.015,1165800,1058,6,6.57119055115562,6.57839830202813,6.60119055115562,,6.47414752996664,6.4862957316768,6.51801205582536,6.45800771302785,6.5407803205537
463,Value,1340,5,Additive0.015,322702,1725,24,6.56415871279472,6.57839830202813,6.59415871279472,,6.47414752996663,6.4862957316768,6.51801205582536,6.45800771302785,6.5407803205537
463,Dist L1,1340,5,Additive0.015,349506,1769,26,6.55711433771542,6.57839830202813,6.58711433771542,,6.47414752996663,6.4862957316768,6.51801205582536,6.45800771302785,6.5407803205537
464,Oracle,1340,5,Additive0.015,26800,20,2,6.56304529110347,6.57985634587243,6.59304529110347,,6.47569707325314,6.48542005479278,6.51918681151602,6.4599080846046,6.54340261705548
464,Oracle Vector,1340,5,Additive0.015,1179200,1070,6,6.57119055115562,6.57985634587243,6.60119055115562,,6.47569707325314,6.48542005479278,6.51918681151602,6.4599080846046,6.54340261705548
464,Value,1340,5,Additive0.015,322706,1730,24,6.56415871279472,6.57985634587243,6.59415871279472,,6.47569707325314,6.48542005479278,6.51918681151602,6.4599080846046,6.54340261705548
464,Vector,1340,5,Additive0.015,1522240,1364,12,6.55746860936881,6.57985634587243,6.58746860936881,,6.47569707325314,6.48542005479278,6.51918681151602,6.4599080846046,6.54340261705548
464,Dist L1,1340,5,Additive0.015,349514,1779,26,6.55711433771542,6.57985634587243,6.58711433771542,,6.47569707325314,6.48542005479278,6.51918681151602,6.4599080846046,6.54340261705548
465,Oracle,1340,5,Additive0.015,26800,20,2,6.56304529110347,6.58122417091319,6.59304529110347,,6.47688180729477,6.48496690247948,6.52014616719566,6.46279122544639,6.54597409490465
465,Value,1340,5,Additive0.015,322716,1742,24,6.56415871279472,6.58122417091319,6.59415871279472,,6.47688180729477,6.48496690247949,6.52014616719566,6.46279122544639,6.54597409490465
465,Oracle Vector,1340,5,Additive0.015,1187240,1077,6,6.57119055115562,6.58122417091319,6.60119055115562,,6.47688180729477,6.48496690247949,6.52014616719566,6.46279122544639,6.54597409490464
465,Vector,1340,5,Additive0.015,1522240,1364,12,6.55746860936881,6.58122417091319,6.58746860936881,,6.47688180729477,6.48496690247949,6.52014616719566,6.46279122544639,6.54597409490465
465,Dist L1,1340,5,Additive0.015,349524,1790,26,6.55711433771542,6.58122417091319,6.58711433771542,,6.47688180729477,6.48496690247949,6.52014616719566,6.46279122544639,6.54597409490465
466,Oracle,1340,5,Additive0.015,26800,20,2,6.56304529110347,6.58234099485829,6.59304529110347,,6.47862756360944,6.48403100723187,6.52142474314143,6.46437874248211,6.54788158712743
466,Value,1340,5,Additive0.015,322720,1747,24,6.56415871279472,6.58234099485829,6.59415871279472,,6.47862756360944,6.48403100723187,6.52142474314143,6.46437874248211,6.54788158712743
466,Oracle Vector,1340,5,Additive0.015,1200640,1089,6,6.57119055115562,6.58234099485829,6.60119055115562,,6.47862756360944,6.48403100723187,6.52142474314143,6.46437874248211,6.54788158712743
466,Vector,1340,5,Additive0.015,1532960,1375,12,6.55746860936881,6.58234099485829,6.58746860936881,,6.47862756360944,6.48403100723187,6.52142474314143,6.46437874248211,6.54788158712743
466,Dist L1,1340,5,Additive0.015,349528,1795,26,6.55711433771542,6.58234099485829,6.58711433771542,,6.47862756360944,6.48403100723187,6.52142474314143,6.46437874248211,6.54788158712743
467,Oracle,1340,5,Additive0.015,26800,20,2,6.56304529110347,6.58327839067181,6.59304529110347,,6.47938913298636,6.48341214360777,6.52339806206083,6.46549210581477,6.54823037218608
467,Oracle Vector,1340,5,Additive0.015,1206000,1094,6,6.57119055115562,6.58327839067181,6.60119055115562,,6.47938913298636,6.48341214360777,6.52339806206083,6.46549210581477,6.54823037218608
467,Value,1340,5,Additive0.015,322724,1752,24,6.56415871279472,6.58327839067181,6.59415871279472,,6.47938913298636,6.48341214360777,6.52339806206083,6.46549210581477,6.54823037218608
467,Vector,1340,5,Additive0.015,1546360,1389,12,6.55746860936881,6.58327839067181,6.58746860936881,,6.47938913298636,6.48341214360777,6.52339806206083,6.46549210581477,6.54823037218608
467,Dist L1,1340,5,Additive0.015,349538,1808,26,6.55711433771542,6.58327839067181,6.58711433771542,,6.47938913298636,6.48341214360777,6.52339806206083,6.46549210581477,6.54823037218608
468,Oracle,1340,5,Additive0.015,26800,20,2,6.56304529110347,6.58405754135021,6.59304529110347,,6.48047299172717,6.48215001738155,6.52543026700281,6.46674954929129,6.54822250925871
468,Oracle Vector,1340,5,Additive0.015,1206000,1094,6,6.57119055115562,6.58405754135021,6.60119055115562,,6.48047299172717,6.48215001738155,6.52543026700281,6.46674954929129,6.54822250925871
468,Value,1340,5,Additive0.015,322724,1752,24,6.56415871279472,6.58405754135021,6.59415871279472,,6.48047299172717,6.48215001738155,6.52543026700281,6.46674954929129,6.54822250925871
468,Vector,1340,5,Additive0.015,1565120,1405,13,6.56905754135021,6.58405754135021,6.59905754135021,,6.48047299172717,6.48215001738155,6.52543026700281,6.46674954929129,6.54822250925871
468,Dist L1,1340,5,Additive0.015,362943,1829,27,6.56905754135021,6.58405754135021,6.59905754135021,,6.48047299172717,6.48215001738155,6.52543026700281,6.46674954929129,6.54822250925871
469,Oracle,1340,5,Additive0.015,26800,20,2,6.56304529110347,6.58451447461426,6.59304529110347,,6.48090251067017,6.48190961065851,6.52607252397447,6.4675647999827,6.54717313595538
469,Oracle Vector,1340,5,Additive0.015,1206000,1094,6,6.57119055115562,6.58451447461426,6.60119055115562,,6.48090251067017,6.48190961065851,6.52607252397447,6.4675647999827,6.54717313595538
469,Value,1340,5,Additive0.015,322724,1752,24,6.56415871279472,6.58451447461426,6.59415871279472,,6.48090251067017,6.48190961065851,6.52607252397447,6.4675647999827,6.54717313595537
469,Vector,1340,5,Additive0.015,1565120,1405,13,6.56905754135021,6.58451447461426,6.59905754135021,,6.48090251067017,6.48190961065851,6.52607252397447,6.4675647999827,6.54717313595537
469,Dist L1,1340,5,Additive0.015,362943,1829,27,6.56905754135021,6.58451447461426,6.59905754135021,,6.48090251067017,6.48190961065851,6.52607252397447,6.4675647999827,6.54717313595537
470,Oracle,1340,5,Additive0.015,26800,20,2,6.56304529110347,6.5852021668913,6.59304529110347,,6.48182179604432,6.48187109569469,6.52654325448623,6.46818138627238,6.54797105294273
470,Oracle Vector,1340,5,Additive0.015,1206000,1094,6,6.57119055115562,6.5852021668913,6.60119055115562,,6.48182179604432,6.48187109569469,6.52654325448623,6.46818138627238,6.54797105294273
470,Vector,1340,5,Additive0.015,1565120,1405,13,6.56905754135021,6.5852021668913,6.59905754135021,,6.48182179604432,6.48187109569469,6.52654325448623,6.46818138627238,6.54797105294273
470,Value,1340,5,Additive0.015,322724,1752,24,6.56415871279472,6.5852021668913,6.59415871279472,,6.48182179604432,6.48187109569469,6.52654325448623,6.46818138627238,6.54797105294273
470,Dist L1,1340,5,Additive0.015,362943,1829,27,6.56905754135021,6.5852021668913,6.59905754135021,,6.48182179604432,6.48187109569469,6.52654325448623,6.46818138627238,6.54797105294273
471,Oracle,1340,5,Additive0.015,26800,20,2,6.56304529110347,6.58573896919391,6.59304529110347,,6.48248215139151,6.48235480287856,6.52707141980407,6.46859657213357,6.54757707299574
471,Value,1340,5,Additive0.015,322724,1752,24,6.56415871279472,6.58573896919391,6.59415871279472,,6.48248215139151,6.48235480287856,6.52707141980407,6.46859657213357,6.54757707299574
471,Oracle Vector,1340,5,Additive0.015,1206000,1094,6,6.57119055115562,6.58573896919391,6.60119055115562,,6.48248215139151,6.48235480287856,6.52707141980407,6.46859657213357,6.54757707299574
471,Vector,1340,5,Additive0.015,1565120,1405,13,6.56905754135021,6.58573896919391,6.59905754135021,,6.48248215139151,6.48235480287856,6.52707141980407,6.46859657213357,6.54757707299574
471,Dist L1,1340,5,Additive0.015,362943,1829,27,6.56905754135021,6.58573896919392,6.59905754135021,,6.48248215139151,6.48235480287856,6.52707141980407,6.46859657213357,6.54757707299574
472,Oracle,1340,5,Additive0.015,26800,20,2,6.56304529110347,6.58686469211177,6.59304529110347,,6.48349766706478,6.48320446913513,6.52890944472614,6.47007039534136,6.54765288846546
472,Oracle Vector,1340,5,Additive0.015,1206000,1094,6,6.57119055115562,6.58686469211177,6.60119055115562,,6.48349766706478,6.48320446913513,6.52890944472614,6.47007039534136,6.54765288846546
472,Vector,1340,5,Additive0.015,1565120,1405,13,6.56905754135021,6.58686469211177,6.59905754135021,,6.48349766706478,6.48320446913513,6.52890944472614,6.47007039534136,6.54765288846546
472,Value,1340,5,Additive0.015,322732,1763,24,6.56415871279472,6.58686469211177,6.59415871279472,,6.48349766706478,6.48320446913513,6.52890944472614,6.47007039534136,6.54765288846546
472,Dist L1,1340,5,Additive0.015,362943,1829,27,6.56905754135021,6.58686469211177,6.59905754135021,,6.48349766706478,6.48320446913513,6.52890944472614,6.47007039534136,6.54765288846546
473,Oracle,1340,5,Additive0.015,26800,20,2,6.56304529110347,6.58770084287062,6.59304529110347,,6.48433695941102,6.4846115011905,6.52927955738473,6.47097080493085,6.54759473525068
473,Vector,1340,5,Additive0.015,1565120,1405,13,6.56905754135021,6.58770084287062,6.59905754135021,,6.48433695941102,6.4846115011905,6.52927955738473,6.47097080493085,6.54759473525068
473,Oracle Vector,1340,5,Additive0.015,1211360,1099,6,6.57119055115562,6.58770084287062,6.60119055115562,,6.48433695941102,6.4846115011905,6.52927955738473,6.47097080493085,6.54759473525068
473,Value,1340,5,Additive0.015,322742,1774,24,6.56415871279472,6.58770084287062,6.59415871279472,,6.48433695941102,6.4846115011905,6.52927955738473,6.47097080493085,6.54759473525068
473,Dist L1,1340,5,Additive0.015,362943,1829,27,6.56905754135021,6.58770084287062,6.59905754135021,,6.48433695941102,6.4846115011905,6.52927955738473,6.47097080493085,6.54759473525068
474,Oracle,1340,5,Additive0.015,26800,20,2,6.56304529110347,6.58721630871797,6.59304529110347,,6.48375083705483,6.4842074585591,6.52819926584559,6.47039339622384,6.54564246693894
474,Vector,1340,5,Additive0.015,1565120,1405,13,6.56905754135021,6.58721630871797,6.59905754135021,,6.48375083705483,6.4842074585591,6.52819926584559,6.47039339622384,6.54564246693894
474,Oracle Vector,1340,5,Additive0.015,1216720,1104,6,6.57119055115562,6.58721630871797,6.60119055115562,,6.48375083705483,6.4842074585591,6.52819926584559,6.47039339622384,6.54564246693894
474,Value,1340,5,Additive0.015,322748,1782,24,6.56415871279472,6.58721630871797,6.59415871279472,,6.48375083705483,6.4842074585591,6.52819926584559,6.47039339622384,6.54564246693894
474,Dist L1,1340,5,Additive0.015,362943,1829,27,6.56905754135021,6.58721630871797,6.59905754135021,,6.48375083705483,6.4842074585591,6.52819926584559,6.47039339622384,6.54564246693894
475,Oracle,1340,5,Additive0.015,26800,20,2,6.56304529110347,6.58769456672097,6.59304529110347,,6.48357162087901,6.48445776367007,6.52826470025329,6.47015610971558,6.54629460006085
475,Oracle Vector,1340,5,Additive0.015,1216720,1104,6,6.57119055115562,6.58769456672097,6.60119055115562,,6.48357162087901,6.48445776367007,6.52826470025329,6.47015610971558,6.54629460006085
475,Vector,1340,5,Additive0.015,1565120,1405,13,6.56905754135021,6.58769456672097,6.59905754135021,,6.48357162087901,6.48445776367007,6.52826470025329,6.47015610971558,6.54629460006085
475,Value,1340,5,Additive0.015,336153,1804,25,6.57269456672097,6.58769456672097,6.60269456672097,,6.48357162087901,6.48445776367007,6.52826470025329,6.47015610971558,6.54629460006085
475,Dist L1,1340,5,Additive0.015,362943,1829,27,6.56905754135021,6.58769456672097,6.59905754135021,,6.48357162087901,6.48445776367007,6.52826470025329,6.47015610971558,6.54629460006085
476,Oracle,1340,5,Additive0.015,26800,20,2,6.56304529110347,6.58780293953873,6.59304529110347,,6.48412741410606,6.48424462800229,6.52789479183188,6.46861739115373,6.54460846706753
476,Vector,1340,5,Additive0.015,1565120,1405,13,6.56905754135021,6.58780293953873,6.59905754135021,,6.48412741410606,6.48424462800229,6.52789479183188,6.46861739115373,6.54460846706753
476,Oracle Vector,1340,5,Additive0.015,1227440,1113,6,6.57119055115562,6.58780293953873,6.60119055115562,,6.48412741410606,6.48424462800229,6.52789479183188,6.46861739115373,6.54460846706753
476,Value,1340,5,Additive0.015,336153,1804,25,6.57269456672097,6.58780293953873,6.60269456672097,,6.48412741410606,6.48424462800229,6.52789479183188,6.46861739115373,6.54460846706753
476,Dist L1,1340,5,Additive0.015,362943,1829,27,6.56905754135021,6.58780293953873,6.59905754135021,,6.48412741410606,6.48424462800229,6.52789479183188,6.46861739115373,6.54460846706753
477,Oracle,1340,5,Additive0.015,26800,20,2,6.56304529110347,6.58925990627001,6.59304529110347,,6.48661594941025,6.48451753574998,6.52948155101517,6.47002330667728,6.54516409201949
477,Value,1340,5,Additive0.015,336153,1804,25,6.57269456672097,6.58925990627001,6.60269456672097,,6.48661594941025,6.48451753574998,6.52948155101517,6.47002330667728,6.54516409201949
477,Vector,1340,5,Additive0.015,1565120,1405,13,6.56905754135021,6.58925990627001,6.59905754135021,,6.48661594941025,6.48451753574998,6.52948155101517,6.47002330667728,6.54516409201949
477,Oracle Vector,1340,5,Additive0.015,1240840,1124,7,6.57425990627001,6.58925990627001,6.60425990627001,,6.48661594941025,6.48451753574998,6.52948155101517,6.47002330667728,6.54516409201949
477,Dist L1,1340,5,Additive0.015,362943,1829,27,6.56905754135021,6.58925990627001,6.59905754135021,,6.48661594941025,6.48451753574998,6.52948155101517,6.47002330667728,6.54516409201949
478,Oracle,1340,5,Additive0.015,26800,20,2,6.56304529110347,6.58996676394115,6.59304529110347,,6.48840330456521,6.48480955012895,6.53028751370751,6.47111151323116,6.54381323926574
478,Oracle Vector,1340,5,Additive0.015,1240840,1124,7,6.57425990627001,6.58996676394114,6.60425990627001,,6.48840330456522,6.48480955012895,6.53028751370751,6.47111151323116,6.54381323926574
478,Vector,1340,5,Additive0.015,1565120,1405,13,6.56905754135021,6.58996676394115,6.59905754135021,,6.48840330456522,6.48480955012895,6.53028751370751,6.47111151323116,6.54381323926574
478,Value,1340,5,Additive0.015,336153,1804,25,6.57269456672097,6.58996676394115,6.60269456672097,,6.48840330456522,6.48480955012895,6.53028751370751,6.47111151323116,6.54381323926574
478,Dist L1,1340,5,Additive0.015,362943,1829,27,6.56905754135021,6.58996676394114,6.59905754135021,,6.48840330456522,6.48480955012895,6.53028751370751,6.47111151323116,6.54381323926574
479,Oracle,1340,5,Additive0.015,26800,20,2,6.56304529110347,6.59027274531778,6.59304529110347,,6.48923643900301,6.48503889504366,6.52998145690751,6.47169906856286,6.54337493361692
479,Oracle Vector,1340,5,Additive0.015,1240840,1124,7,6.57425990627001,6.59027274531778,6.60425990627001,,6.48923643900301,6.48503889504366,6.52998145690751,6.47169906856287,6.54337493361692
479,Value,1340,5,Additive0.015,336153,1804,25,6.57269456672097,6.59027274531778,6.60269456672097,,6.48923643900301,6.48503889504366,6.52998145690751,6.47169906856287,6.54337493361692
479,Vector,1340,5,Additive0.015,1565120,1405,13,6.56905754135021,6.59027274531778,6.59905754135021,,6.48923643900301,6.48503889504366,6.52998145690751,6.47169906856287,6.54337493361692
479,Dist L1,1340,5,Additive0.015,362943,1829,27,6.56905754135021,6.59027274531778,6.59905754135021,,6.48923643900301,6.48503889504366,6.52998145690751,6.47169906856287,6.54337493361692
480,Oracle,1340,5,Additive0.015,26800,20,2,6.56304529110347,6.59077600752328,6.59304529110347,,6.4895694607013,6.48517962693782,6.53060920692187,6.47260799371058,6.54319279685432
480,Oracle Vector,1340,5,Additive0.015,1240840,1124,7,6.57425990627001,6.59077600752328,6.60425990627001,,6.4895694607013,6.48517962693782,6.53060920692187,6.47260799371058,6.54319279685433
480,Vector,1340,5,Additive0.015,1565120,1405,13,6.56905754135021,6.59077600752328,6.59905754135021,,6.4895694607013,6.48517962693781,6.53060920692187,6.47260799371058,6.54319279685432
480,Value,1340,5,Additive0.015,336153,1804,25,6.57269456672097,6.59077600752328,6.60269456672097,,6.4895694607013,6.48517962693782,6.53060920692187,6.47260799371058,6.54319279685432
480,Dist L1,1340,5,Additive0.015,362943,1829,27,6.56905754135021,6.59077600752328,6.59905754135021,,6.4895694607013,6.48517962693782,6.53060920692187,6.47260799371058,6.54319279685432
481,Oracle,1340,5,Additive0.015,26800,20,2,6.56304529110347,6.59104423087696,6.59304529110347,,6.49001265636841,6.48506913747457,6.53117950495126,6.47276966881073,6.54345707640452
481,Oracle Vector,1340,5,Additive0.015,1240840,1124,7,6.57425990627001,6.59104423087696,6.60425990627001,,6.49001265636841,6.48506913747457,6.53117950495126,6.47276966881073,6.54345707640452
481,Vector,1340,5,Additive0.015,1565120,1405,13,6.56905754135021,6.59104423087696,6.59905754135021,,6.49001265636841,6.48506913747457,6.53117950495126,6.47276966881073,6.54345707640451
481,Value,1340,5,Additive0.015,336153,1804,25,6.57269456672097,6.59104423087696,6.60269456672097,,6.49001265636841,6.48506913747457,6.53117950495126,6.47276966881073,6.54345707640451
481,Dist L1,1340,5,Additive0.015,362943,1829,27,6.56905754135021,6.59104423087696,6.59905754135021,,6.49001265636841,6.48506913747457,6.53117950495126,6.47276966881073,6.54345707640451
482,Oracle,1340,5,Additive0.015,26800,20,2,6.56304529110347,6.59139128724409,6.59304529110347,,6.49075467348779,6.48431206936476,6.53150696588195,6.47309882310329,6.54349322385869
482,Oracle Vector,1340,5,Additive0.015,1240840,1124,7,6.57425990627001,6.59139128724409,6.60425990627001,,6.49075467348779,6.48431206936476,6.53150696588195,6.47309882310329,6.54349322385869
482,Vector,1340,5,Additive0.015,1565120,1405,13,6.56905754135021,6.59139128724409,6.59905754135021,,6.49075467348779,6.48431206936476,6.53150696588195,6.47309882310329,6.54349322385869
482,Value,1340,5,Additive0.015,336153,1804,25,6.57269456672097,6.59139128724409,6.60269456672097,,6.49075467348779,6.48431206936476,6.53150696588195,6.47309882310329,6.5434932238587
482,Dist L1,1340,5,Additive0.015,362943,1829,27,6.56905754135021,6.59139128724409,6.59905754135021,,6.49075467348779,6.48431206936475,6.53150696588195,6.47309882310329,6.5434932238587
483,Oracle,1340,5,Additive0.015,26800,20,2,6.56304529110347,6.59164222169295,6.59304529110347,,6.49235849992722,6.48355073628113,6.53136397366614,6.47245949933724,6.54331816672376
483,Oracle Vector,1340,5,Additive0.015,1240840,1124,7,6.57425990627001,6.59164222169295,6.60425990627001,,6.49235849992722,6.48355073628113,6.53136397366614,6.47245949933724,6.54331816672376
483,Vector,1340,5,Additive0.015,1565120,1405,13,6.56905754135021,6.59164222169295,6.59905754135021,,6.49235849992722,6.48355073628113,6.53136397366614,6.47245949933724,6.54331816672376
483,Value,1340,5,Additive0.015,336153,1804,25,6.57269456672097,6.59164222169295,6.60269456672097,,6.49235849992722,6.48355073628113,6.53136397366614,6.47245949933724,6.54331816672376
483,Dist L1,1340,5,Additive0.015,362943,1829,27,6.56905754135021,6.59164222169295,6.59905754135021,,6.49235849992722,6.48355073628113,6.53136397366614,6.47245949933724,6.54331816672376
484,Oracle,1340,5,Additive0.015,26800,20,2,6.56304529110347,6.59208498825442,6.59304529110347,,6.49302562693698,6.4833943228914,6.53150743322708,6.47204153650601,6.54347496917542
484,Oracle Vector,1340,5,Additive0.015,1240840,1124,7,6.57425990627001,6.59208498825442,6.60425990627001,,6.49302562693698,6.4833943228914,6.53150743322708,6.47204153650601,6.54347496917542
484,Value,1340,5,Additive0.015,336153,1804,25,6.57269456672097,6.59208498825442,6.60269456672097,,6.49302562693698,6.4833943228914,6.53150743322708,6.47204153650601,6.54347496917542
484,Vector,1340,5,Additive0.015,1570480,1410,13,6.56905754135021,6.59208498825442,6.59905754135021,,6.49302562693698,6.4833943228914,6.53150743322708,6.47204153650601,6.54347496917542
484,Dist L1,1340,5,Additive0.015,362947,1834,27,6.56905754135021,6.59208498825442,6.59905754135021,,6.49302562693697,6.4833943228914,6.53150743322708,6.47204153650601,6.54347496917542
485,Oracle,1340,5,Additive0.015,40200,30,3,6.57819957952511,6.59319957952511,6.60819957952511,,6.4938640587018,6.48458695622903,6.53280839252605,6.4729853045029,6.54250608035905
485,Value,1340,5,Additive0.015,336153,1804,25,6.57269456672097,6.5931995795251,6.60269456672097,,6.4938640587018,6.48458695622903,6.53280839252605,6.4729853045029,6.54250608035905
485,Oracle Vector,1340,5,Additive0.015,1240840,1124,7,6.57425990627001,6.59319957952511,6.60425990627001,,6.4938640587018,6.48458695622903,6.53280839252605,6.4729853045029,6.54250608035905
485,Vector,1340,5,Additive0.015,1575840,1415,13,6.56905754135021,6.5931995795251,6.59905754135021,,6.4938640587018,6.48458695622903,6.53280839252605,6.4729853045029,6.54250608035905
485,Dist L1,1340,5,Additive0.015,362951,1839,27,6.56905754135021,6.59319957952511,6.59905754135021,,6.4938640587018,6.48458695622903,6.53280839252605,6.4729853045029,6.54250608035905
486,Oracle,1340,5,Additive0.015,40200,30,3,6.57819957952511,6.59349977355533,6.60819957952511,,6.49368500233375,6.48549027099663,6.53334664888617,6.47272023557394,6.54119620869032
486,Value,1340,5,Additive0.015,336153,1804,25,6.57269456672097,6.59349977355533,6.60269456672097,,6.49368500233375,6.48549027099663,6.53334664888616,6.47272023557394,6.54119620869032
486,Oracle Vector,1340,5,Additive0.015,1240840,1124,7,6.57425990627001,6.59349977355533,6.60425990627001,,6.49368500233375,6.48549027099663,6.53334664888616,6.47272023557394,6.54119620869032
486,Vector,1340,5,Additive0.015,1575840,1415,13,6.56905754135021,6.59349977355533,6.59905754135021,,6.49368500233375,6.48549027099663,6.53334664888616,6.47272023557394,6.54119620869032
486,Dist L1,1340,5,Additive0.015,362951,1839,27,6.56905754135021,6.59349977355533,6.59905754135021,,6.49368500233375,6.48549027099663,6.53334664888616,6.47272023557394,6.54119620869032
487,Oracle,1340,5,Additive0.015,40200,30,3,6.57819957952511,6.59461546835399,6.60819957952511,,6.49452043566038,6.48597745196616,6.53437355935305,6.47363412142455,6.5408677740149
487,Oracle Vector,1340,5,Additive0.015,1240840,1124,7,6.57425990627001,6.59461546835399,6.60425990627001,,6.49452043566037,6.48597745196616,6.53437355935305,6.47363412142455,6.5408677740149
487,Value,1340,5,Additive0.015,336153,1804,25,6.57269456672097,6.59461546835399,6.60269456672097,,6.49452043566037,6.48597745196616,6.53437355935305,6.47363412142455,6.5408677740149
487,Vector,1340,5,Additive0.015,1583880,1422,13,6.56905754135021,6.59461546835399,6.59905754135021,,6.49452043566037,6.48597745196616,6.53437355935305,6.47363412142455,6.5408677740149
487,Dist L1,1340,5,Additive0.015,362961,1850,27,6.56905754135021,6.59461546835399,6.59905754135021,,6.49452043566037,6.48597745196615,6.53437355935305,6.47363412142455,6.5408677740149
488,Oracle,1340,5,Additive0.015,40200,30,3,6.57819957952511,6.59496464159144,6.60819957952511,,6.49436422755817,6.48611035822126,6.53604566158165,6.47415145030326,6.53930410675346
488,Oracle Vector,1340,5,Additive0.015,1240840,1124,7,6.57425990627001,6.59496464159144,6.60425990627001,,6.49436422755817,6.48611035822126,6.53604566158165,6.47415145030326,6.53930410675346
488,Value,1340,5,Additive0.015,336153,1804,25,6.57269456672097,6.59496464159144,6.60269456672097,,6.49436422755817,6.48611035822126,6.53604566158165,6.47415145030326,6.53930410675346
488,Vector,1340,5,Additive0.015,1597280,1435,13,6.56905754135021,6.59496464159145,6.59905754135021,,6.49436422755817,6.48611035822126,6.53604566158165,6.47415145030326,6.53930410675346
488,Dist L1,1340,5,Additive0.015,362969,1860,27,6.56905754135021,6.59496464159145,6.59905754135021,,6.49436422755817,6.48611035822126,6.53604566158165,6.47415145030326,6.53930410675346
489,Oracle,1340,5,Additive0.015,40200,30,3,6.57819957952511,6.59557524059503,6.60819957952511,,6.49429710910757,6.48769153917626,6.53669941345383,6.4744734690113,6.53929012103958
489,Oracle Vector,1340,5,Additive0.015,1240840,1124,7,6.57425990627001,6.59557524059503,6.60425990627001,,6.49429710910757,6.48769153917626,6.53669941345383,6.4744734690113,6.53929012103958
489,Value,1340,5,Additive0.015,336153,1804,25,6.57269456672097,6.59557524059503,6.60269456672097,,6.49429710910757,6.48769153917626,6.53669941345383,6.4744734690113,6.53929012103958
489,Vector,1340,5,Additive0.015,1610680,1445,14,6.58057524059503,6.59557524059503,6.61057524059503,,6.49429710910757,6.48769153917626,6.53669941345383,6.4744734690113,6.53929012103958
489,Dist L1,1340,5,Additive0.015,376374,1880,28,6.58057524059503,6.59557524059503,6.61057524059503,,6.49429710910757,6.48769153917626,6.53669941345383,6.4744734690113,6.53929012103958
490,Oracle,1340,5,Additive0.015,40200,30,3,6.57819957952511,6.59634678328819,6.60819957952511,,6.49467295374413,6.48914145532789,6.53735271125223,6.47396235380888,6.53964865619928
490,Oracle Vector,1340,5,Additive0.015,1240840,1124,7,6.57425990627001,6.59634678328819,6.60425990627001,,6.49467295374413,6.48914145532789,6.53735271125223,6.47396235380888,6.53964865619928
490,Vector,1340,5,Additive0.015,1610680,1445,14,6.58057524059503,6.59634678328819,6.61057524059503,,6.49467295374413,6.48914145532789,6.53735271125223,6.47396235380888,6.53964865619928
490,Value,1340,5,Additive0.015,336153,1804,25,6.57269456672097,6.59634678328819,6.60269456672097,,6.49467295374413,6.48914145532789,6.53735271125223,6.47396235380888,6.53964865619928
490,Dist L1,1340,5,Additive0.015,376374,1880,28,6.58057524059503,6.59634678328819,6.61057524059503,,6.49467295374413,6.48914145532789,6.53735271125223,6.47396235380888,6.53964865619928
491,Oracle,1340,5,Additive0.015,40200,30,3,6.57819957952511,6.59680515091967,6.60819957952511,,6.49553385326809,6.48915991182581,6.53834438410399,6.47379351421753,6.53901195132429
491,Oracle Vector,1340,5,Additive0.015,1240840,1124,7,6.57425990627001,6.59680515091967,6.60425990627001,,6.49553385326809,6.48915991182581,6.53834438410399,6.47379351421753,6.53901195132429
491,Vector,1340,5,Additive0.015,1610680,1445,14,6.58057524059503,6.59680515091967,6.61057524059503,,6.49553385326809,6.48915991182581,6.53834438410399,6.47379351421753,6.53901195132429
491,Value,1340,5,Additive0.015,336157,1809,25,6.57269456672097,6.59680515091967,6.60269456672097,,6.49553385326809,6.48915991182581,6.53834438410399,6.47379351421753,6.53901195132429
491,Dist L1,1340,5,Additive0.015,376374,1880,28,6.58057524059503,6.59680515091967,6.61057524059503,,6.49553385326809,6.48915991182581,6.53834438410399,6.47379351421753,6.53901195132429
492,Oracle,1340,5,Additive0.015,40200,30,3,6.57819957952511,6.59812676891004,6.60819957952511,,6.49710097806618,6.49031475472019,6.54009843391041,6.47443718025858,6.53925434951436
492,Oracle Vector,1340,5,Additive0.015,1246200,1129,7,6.57425990627001,6.59812676891004,6.60425990627001,,6.49710097806618,6.49031475472019,6.54009843391041,6.47443718025858,6.53925434951436
492,Value,1340,5,Additive0.015,336161,1814,25,6.57269456672097,6.59812676891004,6.60269456672097,,6.49710097806618,6.49031475472019,6.54009843391041,6.47443718025858,6.53925434951436
492,Vector,1340,5,Additive0.015,1610680,1445,14,6.58057524059503,6.59812676891004,6.61057524059503,,6.49710097806618,6.49031475472019,6.54009843391041,6.47443718025858,6.53925434951435
492,Dist L1,1340,5,Additive0.015,376374,1880,28,6.58057524059503,6.59812676891004,6.61057524059503,,6.49710097806618,6.49031475472019,6.54009843391041,6.47443718025858,6.53925434951436
493,Oracle,1340,5,Additive0.015,40200,30,3,6.57819957952511,6.59875646061118,6.60819957952511,,6.49712974250498,6.49071659529575,6.54209613027232,6.47476694934122,6.53858767237836
493,Oracle Vector,1340,5,Additive0.015,1251560,1134,7,6.57425990627001,6.59875646061118,6.60425990627001,,6.49712974250498,6.49071659529575,6.54209613027232,6.47476694934122,6.53858767237836
493,Vector,1340,5,Additive0.015,1610680,1445,14,6.58057524059503,6.59875646061118,6.61057524059503,,6.49712974250497,6.49071659529575,6.54209613027232,6.47476694934122,6.53858767237836
493,Value,1340,5,Additive0.015,336169,1825,25,6.57269456672097,6.59875646061118,6.60269456672097,,6.49712974250497,6.49071659529575,6.54209613027232,6.47476694934122,6.53858767237835
493,Dist L1,1340,5,Additive0.015,376374,1880,28,6.58057524059503,6.59875646061118,6.61057524059503,,6.49712974250497,6.49071659529575,6.54209613027232,6.47476694934122,6.53858767237835
494,Oracle,1340,5,Additive0.015,40200,30,3,6.57819957952511,6.60037968927011,6.60819957952511,,6.49873213211467,6.49207605530435,6.54393539158813,6.47510600962834,6.53887061273623
494,Vector,1340,5,Additive0.015,1610680,1445,14,6.58057524059503,6.60037968927011,6.61057524059503,,6.49873213211468,6.49207605530435,6.54393539158813,6.47510600962834,6.53887061273623
494,Oracle Vector,1340,5,Additive0.015,1264960,1145,7,6.57425990627001,6.60037968927011,6.60425990627001,,6.49873213211467,6.49207605530435,6.54393539158813,6.47510600962834,6.53887061273623
494,Value,1340,5,Additive0.015,349574,1845,26,6.58537968927011,6.60037968927011,6.61537968927011,,6.49873213211467,6.49207605530435,6.54393539158813,6.47510600962834,6.53887061273623
494,Dist L1,1340,5,Additive0.015,376374,1880,28,6.58057524059503,6.60037968927011,6.61057524059503,,6.49873213211467,6.49207605530435,6.54393539158813,6.47510600962834,6.53887061273623
495,Oracle,1340,5,Additive0.015,40200,30,3,6.57819957952511,6.60143867753711,6.60819957952511,,6.49916364495835,6.49258096580377,6.54563207971703,6.47561942392475,6.53894616358899
495,Value,1340,5,Additive0.015,349574,1845,26,6.58537968927011,6.60143867753711,6.61537968927011,,6.49916364495835,6.49258096580377,6.54563207971703,6.47561942392475,6.53894616358899
495,Vector,1340,5,Additive0.015,1610680,1445,14,6.58057524059503,6.60143867753711,6.61057524059503,,6.49916364495835,6.49258096580377,6.54563207971703,6.47561942392475,6.53894616358899
495,Oracle Vector,1340,5,Additive0.015,1278360,1155,8,6.58643867753711,6.60143867753711,6.61643867753711,,6.49916364495835,6.49258096580377,6.54563207971703,6.47561942392475,6.53894616358899
495,Dist L1,1340,5,Additive0.015,376374,1880,28,6.58057524059503,6.60143867753711,6.61057524059503,,6.49916364495835,6.49258096580377,6.54563207971703,6.47561942392475,6.53894616358899
496,Oracle,1340,5,Additive0.015,40200,30,3,6.57819957952511,6.60219022553985,6.60819957952511,,6.49809647766569,6.49187630749106,6.54673994299517,6.47730809963068,6.53899291780129
496,Vector,1340,5,Additive0.015,1610680,1445,14,6.58057524059503,6.60219022553985,6.61057524059503,,6.49809647766569,6.49187630749106,6.54673994299517,6.47730809963069,6.53899291780129
496,Value,1340,5,Additive0.015,349574,1845,26,6.58537968927011,6.60219022553985,6.61537968927011,,6.49809647766569,6.49187630749106,6.54673994299517,6.47730809963069,6.53899291780129
496,Oracle Vector,1340,5,Additive0.015,1278360,1155,8,6.58643867753711,6.60219022553985,6.61643867753711,,6.49809647766569,6.49187630749106,6.54673994299517,6.47730809963069,6.53899291780129
496,Dist L1,1340,5,Additive0.015,376374,1880,28,6.58057524059503,6.60219022553985,6.61057524059503,,6.49809647766569,6.49187630749106,6.54673994299517,6.47730809963069,6.53899291780129
497,Oracle,1340,5,Additive0.015,40200,30,3,6.57819957952511,6.60350564042662,6.60819957952511,,6.49956863667109,6.49370346731349,6.54747752847346,6.47658901226705,6.53555840177505
497,Oracle Vector,1340,5,Additive0.015,1278360,1155,8,6.58643867753711,6.60350564042662,6.61643867753711,,6.49956863667109,6.49370346731349,6.54747752847346,6.47658901226705,6.53555840177505
497,Vector,1340,5,Additive0.015,1610680,1445,14,6.58057524059503,6.60350564042662,6.61057524059503,,6.49956863667109,6.49370346731349,6.54747752847346,6.47658901226705,6.53555840177505
497,Value,1340,5,Additive0.015,349574,1845,26,6.58537968927011,6.60350564042662,6.61537968927011,,6.49956863667109,6.49370346731349,6.54747752847346,6.47658901226706,6.53555840177505
497,Dist L1,1340,5,Additive0.015,376374,1880,28,6.58057524059503,6.60350564042662,6.61057524059503,,6.49956863667109,6.49370346731349,6.54747752847346,6.47658901226705,6.53555840177505
498,Oracle,1340,5,Additive0.015,40200,30,3,6.57819957952511,6.60556208014405,6.60819957952511,,6.50061537105227,6.49477905034933,6.55030954334305,6.47815138663978,6.53535963267058
498,Oracle Vector,1340,5,Additive0.015,1278360,1155,8,6.58643867753711,6.60556208014405,6.61643867753711,,6.50061537105227,6.49477905034933,6.55030954334305,6.47815138663978,6.53535963267058
498,Value,1340,5,Additive0.015,349574,1845,26,6.58537968927011,6.60556208014405,6.61537968927011,,6.50061537105227,6.49477905034933,6.55030954334305,6.47815138663978,6.53535963267058
498,Vector,1340,5,Additive0.015,1616040,1450,14,6.58057524059503,6.60556208014405,6.61057524059503,,6.50061537105227,6.49477905034933,6.55030954334305,6.47815138663978,6.53535963267058
498,Dist L1,1340,5,Additive0.015,376378,1885,28,6.58057524059503,6.60556208014405,6.61057524059503,,6.50061537105227,6.49477905034933,6.55030954334305,6.47815138663978,6.53535963267058
499,Oracle,1340,5,Additive0.015,40200,30,3,6.57819957952511,6.60783833119083,6.60819957952511,,6.50268587940202,6.49660582819091,6.55224040331551,6.48038948588896,6.53463662959949
499,Oracle Vector,1340,5,Additive0.015,1278360,1155,8,6.58643867753711,6.60783833119083,6.61643867753711,,6.50268587940202,6.49660582819091,6.55224040331551,6.48038948588896,6.53463662959949
499,Value,1340,5,Additive0.015,349574,1845,26,6.58537968927011,6.60783833119083,6.61537968927011,,6.50268587940202,6.49660582819091,6.55224040331551,6.48038948588896,6.53463662959949
499,Vector,1340,5,Additive0.015,1629440,1463,14,6.58057524059503,6.60783833119083,6.61057524059503,,6.50268587940202,6.49660582819091,6.55224040331551,6.48038948588896,6.53463662959949
499,Dist L1,1340,5,Additive0.015,376388,1897,28,6.58057524059503,6.60783833119083,6.61057524059503,,6.50268587940202,6.49660582819091,6.55224040331551,6.48038948588896,6.53463662959949
500,Oracle,1340,5,Additive0.015,53600,40,4,6.59492236271415,6.60992236271415,6.62492236271415,,6.50459822149367,6.4979376641011,6.55434065931565,6.48080056740038,6.53451082818878
500,Oracle Vector,1340,5,Additive0.015,1278360,1155,8,6.58643867753711,6.60992236271415,6.61643867753711,,6.50459822149367,6.4979376641011,6.55434065931565,6.48080056740038,6.53451082818878
500,Value,1340,5,Additive0.015,349574,1845,26,6.58537968927011,6.60992236271415,6.61537968927011,,6.50459822149367,6.4979376641011,6.55434065931565,6.48080056740038,6.53451082818879
500,Vector,1340,5,Additive0.015,1642840,1473,15,6.59492236271415,6.60992236271415,6.62492236271415,,6.50459822149367,6.4979376641011,6.55434065931565,6.48080056740038,6.53451082818879
500,Dist L1,1340,5,Additive0.015,389793,1917,29,6.59492236271415,6.60992236271415,6.62492236271415,,6.50459822149367,6.4979376641011,6.55434065931565,6.48080056740038,6.53451082818879
501,Oracle,1340,5,Additive0.015,53600,40,4,6.59492236271415,6.61262477592918,6.62492236271415,,6.50676239178721,6.5004026581982,6.55664275323631,6.48168734561623,6.53434283056932
501,Value,1340,5,Additive0.015,349582,1854,26,6.58537968927011,6.61262477592918,6.61537968927011,,6.5067623917872,6.5004026581982,6.55664275323631,6.48168734561623,6.53434283056931
501,Oracle Vector,1340,5,Additive0.015,1286400,1162,8,6.58643867753711,6.61262477592918,6.61643867753711,,6.50676239178721,6.5004026581982,6.55664275323631,6.48168734561623,6.53434283056932
501,Vector,1340,5,Additive0.015,1642840,1473,15,6.59492236271415,6.61262477592918,6.62492236271415,,6.5067623917872,6.5004026581982,6.55664275323631,6.48168734561623,6.53434283056932
501,Dist L1,1340,5,Additive0.015,389793,1917,29,6.59492236271415,6.61262477592918,6.62492236271415,,6.50676239178721,6.50040265819819,6.55664275323631,6.48168734561623,6.53434283056931
502,Oracle,1340,5,Additive0.015,53600,40,4,6.59492236271415,6.6138208155149,6.62492236271415,,6.50737477422827,6.50051125421463,6.55828911761776,6.48384947803617,6.53422565156559
502,Vector,1340,5,Additive0.015,1642840,1473,15,6.59492236271415,6.6138208155149,6.62492236271415,,6.50737477422827,6.50051125421463,6.55828911761776,6.48384947803617,6.53422565156559
502,Oracle Vector,1340,5,Additive0.015,1297120,1172,8,6.58643867753711,6.6138208155149,6.61643867753711,,6.50737477422827,6.50051125421463,6.55828911761776,6.48384947803617,6.53422565156559
502,Value,1340,5,Additive0.015,362987,1875,27,6.5988208155149,6.6138208155149,6.6288208155149,,6.50737477422827,6.50051125421463,6.55828911761776,6.48384947803617,6.53422565156559
502,Dist L1,1340,5,Additive0.015,389793,1917,29,6.59492236271415,6.6138208155149,6.62492236271415,,6.50737477422827,6.50051125421463,6.55828911761776,6.48384947803617,6.53422565156559
503,Oracle,1340,5,Additive0.015,53600,40,4,6.59492236271415,6.61516768513148,6.62492236271415,,6.50733483929729,6.50206533100119,6.55971711619241,6.48591165768278,6.53481301519359
503,Vector,1340,5,Additive0.015,1642840,1473,15,6.59492236271415,6.61516768513148,6.62492236271415,,6.50733483929729,6.50206533100119,6.55971711619241,6.48591165768278,6.53481301519359
503,Value,1340,5,Additive0.015,362987,1875,27,6.5988208155149,6.61516768513148,6.6288208155149,,6.50733483929729,6.50206533100119,6.55971711619241,6.48591165768278,6.53481301519358
503,Oracle Vector,1340,5,Additive0.015,1310520,1183,9,6.60016768513148,6.61516768513148,6.63016768513148,,6.50733483929729,6.50206533100119,6.55971711619241,6.48591165768278,6.53481301519359
503,Dist L1,1340,5,Additive0.015,389793,1917,29,6.59492236271415,6.61516768513148,6.62492236271415,,6.50733483929729,6.50206533100119,6.55971711619241,6.48591165768278,6.53481301519358
504,Oracle,1340,5,Additive0.015,53600,40,4,6.59492236271415,6.615803284712,6.62492236271415,,6.50763652615075,6.50243586451745,6.56024931056035,6.48640599867718,6.53530465237785
504,Oracle Vector,1340,5,Additive0.015,1310520,1183,9,6.60016768513148,6.615803284712,6.63016768513148,,6.50763652615075,6.50243586451745,6.56024931056035,6.48640599867717,6.53530465237785
504,Vector,1340,5,Additive0.015,1642840,1473,15,6.59492236271415,6.615803284712,6.62492236271415,,6.50763652615075,6.50243586451745,6.56024931056035,6.48640599867717,6.53530465237785
504,Value,1340,5,Additive0.015,362987,1875,27,6.5988208155149,6.615803284712,6.6288208155149,,6.50763652615075,6.50243586451745,6.56024931056035,6.48640599867717,6.53530465237785
504,Dist L1,1340,5,Additive0.015,389793,1917,29,6.59492236271415,6.615803284712,6.62492236271415,,6.50763652615075,6.50243586451745,6.56024931056035,6.48640599867717,6.53530465237785
505,Oracle,1340,5,Additive0.015,53600,40,4,6.59492236271415,6.61640226912225,6.62492236271415,,6.50751610479866,6.50254038453923,6.56108992195504,6.48663011378396,6.53549415166282
505,Oracle Vector,1340,5,Additive0.015,1310520,1183,9,6.60016768513148,6.61640226912225,6.63016768513148,,6.50751610479866,6.50254038453923,6.56108992195504,6.48663011378396,6.53549415166282
505,Value,1340,5,Additive0.015,362987,1875,27,6.5988208155149,6.61640226912225,6.6288208155149,,6.50751610479866,6.50254038453924,6.56108992195504,6.48663011378396,6.53549415166282
505,Vector,1340,5,Additive0.015,1642840,1473,15,6.59492236271415,6.61640226912225,6.62492236271415,,6.50751610479866,6.50254038453924,6.56108992195504,6.48663011378396,6.53549415166282
505,Dist L1,1340,5,Additive0.015,389793,1917,29,6.59492236271415,6.61640226912225,6.62492236271415,,6.50751610479866,6.50254038453923,6.56108992195504,6.48663011378396,6.53549415166282
506,Oracle,1340,5,Additive0.015,53600,40,4,6.59492236271415,6.61714204800216,6.62492236271415,,6.5099576903517,6.50526307510938,6.56102975882011,6.4860613664259,6.53431527146677
506,Oracle Vector,1340,5,Additive0.015,1310520,1183,9,6.60016768513148,6.61714204800216,6.63016768513148,,6.5099576903517,6.50526307510938,6.56102975882011,6.4860613664259,6.53431527146677
506,Vector,1340,5,Additive0.015,1642840,1473,15,6.59492236271415,6.61714204800216,6.62492236271415,,6.5099576903517,6.50526307510938,6.56102975882011,6.4860613664259,6.53431527146677
506,Value,1340,5,Additive0.015,362987,1875,27,6.5988208155149,6.61714204800216,6.6288208155149,,6.5099576903517,6.50526307510938,6.56102975882011,6.4860613664259,6.53431527146677
506,Dist L1,1340,5,Additive0.015,389793,1917,29,6.59492236271415,6.61714204800216,6.62492236271415,,6.5099576903517,6.50526307510938,6.56102975882011,6.4860613664259,6.53431527146677
507,Oracle,1340,5,Additive0.015,53600,40,4,6.59492236271415,6.61629610883483,6.62492236271415,,6.50992708212251,6.50461360868218,6.55962189902646,6.48516900747127,6.53247689869759
507,Oracle Vector,1340,5,Additive0.015,1310520,1183,9,6.60016768513148,6.61629610883483,6.63016768513148,,6.50992708212251,6.50461360868218,6.55962189902646,6.48516900747127,6.53247689869759
507,Value,1340,5,Additive0.015,362987,1875,27,6.5988208155149,6.61629610883483,6.6288208155149,,6.50992708212251,6.50461360868218,6.55962189902646,6.48516900747127,6.53247689869759
507,Vector,1340,5,Additive0.015,1642840,1473,15,6.59492236271415,6.61629610883483,6.62492236271415,,6.50992708212251,6.50461360868218,6.55962189902646,6.48516900747127,6.53247689869759
507,Dist L1,1340,5,Additive0.015,389793,1917,29,6.59492236271415,6.61629610883483,6.62492236271415,,6.50992708212251,6.50461360868218,6.55962189902646,6.48516900747127,6.53247689869759
508,Oracle,1340,5,Additive0.015,53600,40,4,6.59492236271415,6.61587733295925,6.62492236271415,,6.5094172823003,6.50437875267117,6.55794995163618,6.48564948756538,6.53133790079884
508,Oracle Vector,1340,5,Additive0.015,1310520,1183,9,6.60016768513148,6.61587733295925,6.63016768513148,,6.5094172823003,6.50437875267118,6.55794995163618,6.48564948756538,6.53133790079884
508,Value,1340,5,Additive0.015,362987,1875,27,6.5988208155149,6.61587733295925,6.6288208155149,,6.50941728230031,6.50437875267118,6.55794995163618,6.48564948756538,6.53133790079884
508,Vector,1340,5,Additive0.015,1642840,1473,15,6.59492236271415,6.61587733295925,6.62492236271415,,6.50941728230031,6.50437875267118,6.55794995163618,6.48564948756538,6.53133790079884
508,Dist L1,1340,5,Additive0.015,389793,1917,29,6.59492236271415,6.61587733295925,6.62492236271415,,6.5094172823003,6.50437875267118,6.55794995163618,6.48564948756538,6.53133790079884
509,Oracle,1340,5,Additive0.015,53600,40,4,6.59492236271415,6.61562590773625,6.62492236271415,,6.50961138500441,6.50365831121116,6.55714676364972,6.48577087124153,6.52995350435612
509,Oracle Vector,1340,5,Additive0.015,1310520,1183,9,6.60016768513148,6.61562590773625,6.63016768513148,,6.50961138500441,6.50365831121116,6.55714676364972,6.48577087124153,6.52995350435612
509,Value,1340,5,Additive0.015,362987,1875,27,6.5988208155149,6.61562590773625,6.6288208155149,,6.50961138500441,6.50365831121116,6.55714676364972,6.48577087124153,6.52995350435612
509,Vector,1340,5,Additive0.015,1642840,1473,15,6.59492236271415,6.61562590773625,6.62492236271415,,6.50961138500441,6.50365831121116,6.55714676364972,6.48577087124153,6.52995350435612
509,Dist L1,1340,5,Additive0.015,389793,1917,29,6.59492236271415,6.61562590773625,6.62492236271415,,6.50961138500441,6.50365831121116,6.55714676364972,6.48577087124153,6.52995350435612
510,Oracle,1340,5,Additive0.015,53600,40,4,6.59492236271415,6.61575873765834,6.62492236271415,,6.51034181149309,6.50463877514714,6.55762876992004,6.485891796382,6.52806306576081
510,Oracle Vector,1340,5,Additive0.015,1310520,1183,9,6.60016768513148,6.61575873765834,6.63016768513148,,6.51034181149308,6.50463877514714,6.55762876992004,6.485891796382,6.52806306576081
510,Value,1340,5,Additive0.015,362987,1875,27,6.5988208155149,6.61575873765834,6.6288208155149,,6.51034181149308,6.50463877514714,6.55762876992004,6.485891796382,6.52806306576081
510,Vector,1340,5,Additive0.015,1642840,1473,15,6.59492236271415,6.61575873765834,6.62492236271415,,6.51034181149308,6.50463877514714,6.55762876992004,6.485891796382,6.52806306576081
510,Dist L1,1340,5,Additive0.015,389793,1917,29,6.59492236271415,6.61575873765834,6.62492236271415,,6.51034181149308,6.50463877514714,6.55762876992004,6.485891796382,6.52806306576081
511,Oracle,1340,5,Additive0.015,53600,40,4,6.59492236271415,6.6156878893099,6.62492236271415,,6.51024414128268,6.50603631450432,6.55825127881168,6.48483984130084,6.52608699112766
511,Vector,1340,5,Additive0.015,1642840,1473,15,6.59492236271415,6.6156878893099,6.62492236271415,,6.51024414128268,6.50603631450432,6.55825127881168,6.48483984130084,6.52608699112766
511,Oracle Vector,1340,5,Additive0.015,1310520,1183,9,6.60016768513148,6.6156878893099,6.63016768513148,,6.51024414128268,6.50603631450432,6.55825127881168,6.48483984130084,6.52608699112766
511,Value,1340,5,Additive0.015,362991,1880,27,6.5988208155149,6.6156878893099,6.6288208155149,,6.51024414128268,6.50603631450432,6.55825127881168,6.48483984130084,6.52608699112766
511,Dist L1,1340,5,Additive0.015,389793,1917,29,6.59492236271415,6.6156878893099,6.62492236271415,,6.51024414128268,6.50603631450432,6.55825127881168,6.48483984130084,6.52608699112766
512,Oracle,1340,5,Additive0.015,53600,40,4,6.59492236271415,6.61510803931135,6.62492236271415,,6.50943505792219,6.50558444130406,6.55898833403836,6.48441005694578,6.52458123242625
512,Oracle Vector,1340,5,Additive0.015,1310520,1183,9,6.60016768513148,6.61510803931135,6.63016768513148,,6.50943505792219,6.50558444130406,6.55898833403836,6.48441005694578,6.52458123242625
512,Value,1340,5,Additive0.015,362991,1880,27,6.5988208155149,6.61510803931135,6.6288208155149,,6.50943505792219,6.50558444130406,6.55898833403836,6.48441005694578,6.52458123242625
512,Vector,1340,5,Additive0.015,1648200,1478,15,6.59492236271415,6.61510803931135,6.62492236271415,,6.50943505792219,6.50558444130406,6.55898833403836,6.48441005694578,6.52458123242625
512,Dist L1,1340,5,Additive0.015,389797,1922,29,6.59492236271415,6.61510803931135,6.62492236271415,,6.50943505792219,6.50558444130406,6.55898833403836,6.48441005694578,6.52458123242625
513,Oracle,1340,5,Additive0.015,53600,40,4,6.59492236271415,6.61469591411086,6.62492236271415,,6.50977264765379,6.505786544387,6.55913567895765,6.48368935940794,6.52294574358368
513,Oracle Vector,1340,5,Additive0.015,1315880,1188,9,6.60016768513148,6.61469591411086,6.63016768513148,,6.50977264765379,6.505786544387,6.55913567895765,6.48368935940794,6.52294574358368
513,Vector,1340,5,Additive0.015,1648200,1478,15,6.59492236271415,6.61469591411086,6.62492236271415,,6.50977264765379,6.505786544387,6.55913567895765,6.48368935940794,6.52294574358368
513,Value,1340,5,Additive0.015,362995,1885,27,6.5988208155149,6.61469591411086,6.6288208155149,,6.50977264765379,6.505786544387,6.55913567895765,6.48368935940794,6.52294574358368
513,Dist L1,1340,5,Additive0.015,389797,1922,29,6.59492236271415,6.61469591411086,6.62492236271415,,6.50977264765379,6.505786544387,6.55913567895765,6.48368935940794,6.52294574358368
514,Oracle,1340,5,Additive0.015,53600,40,4,6.59492236271415,6.61416342418199,6.62492236271415,,6.50995473981946,6.50534199432816,6.55882731072676,6.48274247153884,6.52043581476103
514,Oracle Vector,1340,5,Additive0.015,1315880,1188,9,6.60016768513148,6.61416342418199,6.63016768513148,,6.50995473981946,6.50534199432816,6.55882731072676,6.48274247153884,6.52043581476103
514,Value,1340,5,Additive0.015,362995,1885,27,6.5988208155149,6.61416342418199,6.6288208155149,,6.50995473981946,6.50534199432816,6.55882731072676,6.48274247153884,6.52043581476103
514,Vector,1340,5,Additive0.015,1648200,1478,15,6.59492236271415,6.61416342418199,6.62492236271415,,6.50995473981946,6.50534199432816,6.55882731072676,6.48274247153884,6.52043581476103
514,Dist L1,1340,5,Additive0.015,389801,1927,29,6.59492236271415,6.61416342418199,6.62492236271415,,6.50995473981946,6.50534199432816,6.55882731072676,6.48274247153884,6.52043581476103
515,Oracle,1340,5,Additive0.015,53600,40,4,6.59492236271415,6.61356567873915,6.62492236271415,,6.50904605268718,6.50578080756454,6.55849541843504,6.48112984031788,6.51901701088999
515,Oracle Vector,1340,5,Additive0.015,1315880,1188,9,6.60016768513148,6.61356567873915,6.63016768513148,,6.50904605268718,6.50578080756454,6.55849541843504,6.48112984031788,6.51901701088999
515,Value,1340,5,Additive0.015,363001,1892,27,6.5988208155149,6.61356567873915,6.6288208155149,,6.50904605268718,6.50578080756454,6.55849541843504,6.48112984031788,6.51901701088999
515,Vector,1340,5,Additive0.015,1648200,1478,15,6.59492236271415,6.61356567873915,6.62492236271415,,6.50904605268717,6.50578080756454,6.55849541843504,6.48112984031788,6.51901701088999
515,Dist L1,1340,5,Additive0.015,389805,1932,29,6.59492236271415,6.61356567873915,6.62492236271415,,6.50904605268717,6.50578080756454,6.55849541843504,6.48112984031788,6.51901701088999
516,Oracle,1340,5,Additive0.015,53600,40,4,6.59492236271415,6.61246894312562,6.62492236271415,,6.50740849989694,6.50527651521199,6.55731233064561,6.47983841506438,6.51698392509353
516,Oracle Vector,1340,5,Additive0.015,1321240,1193,9,6.60016768513148,6.61246894312562,6.63016768513148,,6.50740849989693,6.50527651521199,6.55731233064561,6.47983841506438,6.51698392509353
516,Value,1340,5,Additive0.015,363011,1904,27,6.5988208155149,6.61246894312562,6.6288208155149,,6.50740849989693,6.50527651521199,6.55731233064561,6.47983841506438,6.51698392509353
516,Vector,1340,5,Additive0.015,1661600,1490,15,6.59492236271415,6.61246894312562,6.62492236271415,,6.50740849989693,6.50527651521199,6.55731233064561,6.47983841506438,6.51698392509353
516,Dist L1,1340,5,Additive0.015,389819,1948,29,6.59492236271415,6.61246894312562,6.62492236271415,,6.50740849989693,6.50527651521199,6.55731233064561,6.47983841506438,6.51698392509353
517,Oracle,1340,5,Additive0.015,53600,40,4,6.59492236271415,6.61142118747035,6.62492236271415,,6.50620986123294,6.50464379825663,6.55531697869488,6.47952428048546,6.51632776941634
517,Oracle Vector,1340,5,Additive0.015,1326600,1198,9,6.60016768513148,6.61142118747035,6.63016768513148,,6.50620986123294,6.50464379825663,6.55531697869488,6.47952428048546,6.51632776941633
517,Vector,1340,5,Additive0.015,1661600,1490,15,6.59492236271415,6.61142118747035,6.62492236271415,,6.50620986123294,6.50464379825663,6.55531697869488,6.47952428048546,6.51632776941634
517,Value,1340,5,Additive0.015,363017,1911,27,6.5988208155149,6.61142118747036,6.6288208155149,,6.50620986123294,6.50464379825663,6.55531697869488,6.47952428048546,6.51632776941633
517,Dist L1,1340,5,Additive0.015,389823,1953,29,6.59492236271415,6.61142118747035,6.62492236271415,,6.50620986123294,6.50464379825663,6.55531697869488,6.47952428048546,6.51632776941633
518,Oracle,1340,5,Additive0.015,53600,40,4,6.59492236271415,6.61118610992181,6.62492236271415,,6.50639639448475,6.504777585512,6.55446688241493,6.47971439761591,6.51639465590999
518,Oracle Vector,1340,5,Additive0.015,1326600,1198,9,6.60016768513148,6.61118610992181,6.63016768513148,,6.50639639448475,6.504777585512,6.55446688241493,6.47971439761591,6.51639465590999
518,Value,1340,5,Additive0.015,363027,1923,27,6.5988208155149,6.61118610992181,6.6288208155149,,6.50639639448475,6.504777585512,6.55446688241493,6.47971439761591,6.51639465590999
518,Vector,1340,5,Additive0.015,1666960,1495,15,6.59492236271415,6.61118610992181,6.62492236271415,,6.50639639448475,6.504777585512,6.55446688241493,6.47971439761591,6.51639465590999
518,Dist L1,1340,5,Additive0.015,389835,1967,29,6.59492236271415,6.61118610992181,6.62492236271415,,6.50639639448475,6.504777585512,6.55446688241493,6.47971439761591,6.51639465590999
519,Oracle,1340,5,Additive0.015,53600,40,4,6.59492236271415,6.61143388336769,6.62492236271415,,6.50642468446819,6.50547621753977,6.55402078886,6.47908847003345,6.51638731577174
519,Oracle Vector,1340,5,Additive0.015,1326600,1198,9,6.60016768513148,6.61143388336769,6.63016768513148,,6.50642468446819,6.50547621753977,6.55402078886,6.47908847003345,6.51638731577174
519,Vector,1340,5,Additive0.015,1677680,1505,15,6.59492236271415,6.61143388336769,6.62492236271415,,6.50642468446819,6.50547621753977,6.55402078886,6.47908847003345,6.51638731577174
519,Value,1340,5,Additive0.015,376432,1945,28,6.59643388336769,6.61143388336769,6.62643388336769,,6.50642468446819,6.50547621753977,6.55402078886,6.47908847003345,6.51638731577174
519,Dist L1,1340,5,Additive0.015,389839,1972,29,6.59492236271415,6.61143388336769,6.62492236271415,,6.50642468446819,6.50547621753977,6.55402078886,6.47908847003345,6.51638731577174
520,Oracle,1340,5,Additive0.015,53600,40,4,6.59492236271415,6.61179956737324,6.62492236271415,,6.50714003835299,6.50585577947484,6.55536812668356,6.47959857766278,6.51565340376251
520,Value,1340,5,Additive0.015,376432,1945,28,6.59643388336769,6.61179956737324,6.62643388336769,,6.50714003835299,6.50585577947484,6.55536812668356,6.47959857766278,6.51565340376251
520,Oracle Vector,1340,5,Additive0.015,1334640,1205,9,6.60016768513148,6.61179956737324,6.63016768513148,,6.50714003835299,6.50585577947484,6.55536812668356,6.47959857766278,6.51565340376251
520,Vector,1340,5,Additive0.015,1685720,1513,15,6.59492236271415,6.61179956737324,6.62492236271415,,6.50714003835299,6.50585577947484,6.55536812668356,6.47959857766278,6.51565340376251
520,Dist L1,1340,5,Additive0.015,389849,1985,29,6.59492236271415,6.61179956737324,6.62492236271415,,6.50714003835299,6.50585577947484,6.55536812668356,6.47959857766278,6.51565340376251
521,Oracle,1340,5,Additive0.015,53600,40,4,6.59492236271415,6.61141330636081,6.62492236271415,,6.50746792486068,6.50586878689751,6.55510372628782,6.47914710972304,6.51453777036759
521,Oracle Vector,1340,5,Additive0.015,1342680,1212,9,6.60016768513148,6.61141330636081,6.63016768513148,,6.50746792486068,6.50586878689751,6.55510372628782,6.47914710972304,6.51453777036759
521,Value,1340,5,Additive0.015,376432,1945,28,6.59643388336769,6.61141330636081,6.62643388336769,,6.50746792486068,6.50586878689751,6.55510372628782,6.47914710972304,6.51453777036759
521,Vector,1340,5,Additive0.015,1691080,1518,15,6.59492236271415,6.61141330636081,6.62492236271415,,6.50746792486068,6.50586878689751,6.55510372628782,6.47914710972304,6.51453777036759
521,Dist L1,1340,5,Additive0.015,389855,1992,29,6.59492236271415,6.61141330636081,6.62492236271415,,6.50746792486068,6.50586878689751,6.55510372628782,6.47914710972304,6.51453777036759
522,Oracle,1340,5,Additive0.015,53600,40,4,6.59492236271415,6.61069183687248,6.62492236271415,,6.50673130854452,6.50486326104355,6.5539837859471,6.47855848758878,6.51473743236297
522,Oracle Vector,1340,5,Additive0.015,1342680,1212,9,6.60016768513148,6.61069183687248,6.63016768513148,,6.50673130854452,6.50486326104354,6.5539837859471,6.47855848758878,6.51473743236297
522,Value,1340,5,Additive0.015,376432,1945,28,6.59643388336769,6.61069183687248,6.62643388336769,,6.50673130854452,6.50486326104354,6.5539837859471,6.47855848758878,6.51473743236297
522,Vector,1340,5,Additive0.015,1701800,1528,15,6.59492236271415,6.61069183687248,6.62492236271415,,6.50673130854452,6.50486326104355,6.5539837859471,6.47855848758878,6.51473743236297
522,Dist L1,1340,5,Additive0.015,403260,2014,30,6.59569183687248,6.61069183687248,6.62569183687248,,6.50673130854452,6.50486326104355,6.5539837859471,6.47855848758878,6.51473743236297
523,Oracle,1340,5,Additive0.015,53600,40,4,6.59492236271415,6.61067414690064,6.62492236271415,,6.50635898806909,6.50434244938494,6.55410389700964,6.47826281651928,6.51490068697959
523,Oracle Vector,1340,5,Additive0.015,1350720,1219,9,6.60016768513148,6.61067414690064,6.63016768513148,,6.50635898806909,6.50434244938494,6.55410389700964,6.47826281651928,6.51490068697959
523,Value,1340,5,Additive0.015,376432,1945,28,6.59643388336769,6.61067414690064,6.62643388336769,,6.50635898806909,6.50434244938494,6.55410389700964,6.47826281651928,6.51490068697959
523,Vector,1340,5,Additive0.015,1707160,1533,15,6.59492236271415,6.61067414690064,6.62492236271415,,6.50635898806909,6.50434244938494,6.55410389700964,6.47826281651928,6.51490068697959
523,Dist L1,1340,5,Additive0.015,403260,2014,30,6.59569183687248,6.61067414690064,6.62569183687248,,6.50635898806909,6.50434244938494,6.55410389700964,6.47826281651928,6.51490068697959
524,Oracle,1340,5,Additive0.015,53600,40,4,6.59492236271415,6.61154531255974,6.62492236271415,,6.50836326319962,6.50342609452759,6.55527263834913,6.47874670751686,6.51627647392479
524,Oracle Vector,1340,5,Additive0.015,1350720,1219,9,6.60016768513148,6.61154531255974,6.63016768513148,,6.50836326319962,6.50342609452759,6.55527263834913,6.47874670751686,6.51627647392479
524,Value,1340,5,Additive0.015,376432,1945,28,6.59643388336769,6.61154531255974,6.62643388336769,,6.50836326319962,6.50342609452759,6.55527263834913,6.47874670751686,6.51627647392479
524,Vector,1340,5,Additive0.015,1715200,1541,15,6.59492236271415,6.61154531255974,6.62492236271415,,6.50836326319962,6.50342609452759,6.55527263834913,6.47874670751686,6.51627647392479
524,Dist L1,1340,5,Additive0.015,403260,2014,30,6.59569183687248,6.61154531255974,6.62569183687248,,6.50836326319962,6.50342609452759,6.55527263834913,6.47874670751686,6.51627647392479
525,Oracle,1340,5,Additive0.015,53600,40,4,6.59492236271415,6.61168309608278,6.62492236271415,,6.50873281964834,6.50368440723684,6.55565624055545,6.47976477472563,6.51614068959891
525,Oracle Vector,1340,5,Additive0.015,1350720,1219,9,6.60016768513148,6.61168309608277,6.63016768513148,,6.50873281964834,6.50368440723684,6.55565624055545,6.47976477472563,6.51614068959891
525,Value,1340,5,Additive0.015,376432,1945,28,6.59643388336769,6.61168309608278,6.62643388336769,,6.50873281964834,6.50368440723684,6.55565624055545,6.47976477472563,6.51614068959891
525,Vector,1340,5,Additive0.015,1720560,1546,15,6.59492236271415,6.61168309608277,6.62492236271415,,6.50873281964834,6.50368440723684,6.55565624055545,6.47976477472563,6.51614068959891
525,Dist L1,1340,5,Additive0.015,403260,2014,30,6.59569183687248,6.61168309608277,6.62569183687248,,6.50873281964834,6.50368440723684,6.55565624055545,6.47976477472563,6.51614068959891
526,Oracle,1340,5,Additive0.015,53600,40,4,6.59492236271415,6.61175730613938,6.62492236271415,,6.50852878277223,6.50394470476714,6.55522511423299,6.48004470733938,6.51652248677894
526,Oracle Vector,1340,5,Additive0.015,1350720,1219,9,6.60016768513148,6.61175730613938,6.63016768513148,,6.50852878277224,6.50394470476714,6.55522511423299,6.48004470733938,6.51652248677894
526,Value,1340,5,Additive0.015,376432,1945,28,6.59643388336769,6.61175730613938,6.62643388336769,,6.50852878277224,6.50394470476715,6.55522511423299,6.48004470733938,6.51652248677894
526,Vector,1340,5,Additive0.015,1720560,1546,15,6.59492236271415,6.61175730613938,6.62492236271415,,6.50852878277224,6.50394470476715,6.55522511423299,6.48004470733938,6.51652248677894
526,Dist L1,1340,5,Additive0.015,403260,2014,30,6.59569183687248,6.61175730613938,6.62569183687248,,6.50852878277224,6.50394470476715,6.55522511423299,6.48004470733938,6.51652248677894
527,Oracle,1340,5,Additive0.015,53600,40,4,6.59492236271415,6.61122584853942,6.62492236271415,,6.50770875970701,6.50443504751864,6.55411660882102,6.47912373851113,6.51551906014549
527,Oracle Vector,1340,5,Additive0.015,1350720,1219,9,6.60016768513148,6.61122584853942,6.63016768513148,,6.50770875970701,6.50443504751864,6.55411660882101,6.47912373851113,6.51551906014549
527,Value,1340,5,Additive0.015,376436,1950,28,6.59643388336769,6.61122584853942,6.62643388336769,,6.50770875970701,6.50443504751864,6.55411660882101,6.47912373851113,6.51551906014549
527,Vector,1340,5,Additive0.015,1720560,1546,15,6.59492236271415,6.61122584853942,6.62492236271415,,6.50770875970701,6.50443504751864,6.55411660882102,6.47912373851113,6.51551906014549
527,Dist L1,1340,5,Additive0.015,403260,2014,30,6.59569183687248,6.61122584853942,6.62569183687248,,6.50770875970701,6.50443504751864,6.55411660882102,6.47912373851113,6.51551906014549
528,Oracle,1340,5,Additive0.015,53600,40,4,6.59492236271415,6.61112374405693,6.62492236271415,,6.50804424119548,6.50426912186533,6.5531410409595,6.47782296690648,6.5164851135956
528,Value,1340,5,Additive0.015,376436,1950,28,6.59643388336769,6.61112374405693,6.62643388336769,,6.50804424119547,6.50426912186532,6.5531410409595,6.47782296690648,6.5164851135956
528,Vector,1340,5,Additive0.015,1720560,1546,15,6.59492236271415,6.61112374405693,6.62492236271415,,6.50804424119547,6.50426912186532,6.5531410409595,6.47782296690648,6.5164851135956
528,Oracle Vector,1340,5,Additive0.015,1356080,1224,9,6.60016768513148,6.61112374405693,6.63016768513148,,6.50804424119547,6.50426912186532,6.5531410409595,6.47782296690648,6.5164851135956
528,Dist L1,1340,5,Additive0.015,403260,2014,30,6.59569183687248,6.61112374405693,6.62569183687248,,6.50804424119547,6.50426912186532,6.5531410409595,6.47782296690648,6.5164851135956
529,Oracle,1340,5,Additive0.015,53600,40,4,6.59492236271415,6.61186711477545,6.62492236271415,,6.50911641287791,6.50494514785208,6.55452164389895,6.47794943805322,6.51629159497328
529,Value,1340,5,Additive0.015,376436,1950,28,6.59643388336769,6.61186711477545,6.62643388336769,,6.50911641287791,6.50494514785208,6.55452164389895,6.47794943805322,6.51629159497328
529,Oracle Vector,1340,5,Additive0.015,1356080,1224,9,6.60016768513148,6.61186711477545,6.63016768513148,,6.50911641287791,6.50494514785208,6.55452164389894,6.47794943805322,6.51629159497328
529,Vector,1340,5,Additive0.015,1725920,1551,15,6.59492236271415,6.61186711477545,6.62492236271415,,6.50911641287791,6.50494514785208,6.55452164389895,6.47794943805322,6.51629159497328
529,Dist L1,1340,5,Additive0.015,403260,2014,30,6.59569183687248,6.61186711477545,6.62569183687248,,6.50911641287791,6.50494514785208,6.55452164389894,6.47794943805322,6.51629159497328
530,Oracle,1340,5,Additive0.015,53600,40,4,6.59492236271415,6.61282159147417,6.62492236271415,,6.51112578621163,6.50594686961347,6.55472334651244,6.47810284080086,6.51691832230083
530,Oracle Vector,1340,5,Additive0.015,1356080,1224,9,6.60016768513148,6.61282159147417,6.63016768513148,,6.51112578621163,6.50594686961347,6.55472334651244,6.47810284080086,6.51691832230083
530,Value,1340,5,Additive0.015,376436,1950,28,6.59643388336769,6.61282159147417,6.62643388336769,,6.51112578621163,6.50594686961347,6.55472334651244,6.47810284080086,6.51691832230083
530,Vector,1340,5,Additive0.015,1725920,1551,15,6.59492236271415,6.61282159147417,6.62492236271415,,6.51112578621163,6.50594686961347,6.55472334651244,6.47810284080086,6.51691832230083
530,Dist L1,1340,5,Additive0.015,403260,2014,30,6.59569183687248,6.61282159147417,6.62569183687248,,6.51112578621163,6.50594686961347,6.55472334651244,6.47810284080086,6.51691832230083
531,Oracle,1340,5,Additive0.015,53600,40,4,6.59492236271415,6.61333864662175,6.62492236271415,,6.51162109604887,6.50712758859371,6.55528019375585,6.47778366084008,6.51676914228264
531,Value,1340,5,Additive0.015,376440,1955,28,6.59643388336769,6.61333864662175,6.62643388336769,,6.51162109604887,6.50712758859371,6.55528019375585,6.47778366084008,6.51676914228264
531,Vector,1340,5,Additive0.015,1731280,1556,15,6.59492236271415,6.61333864662175,6.62492236271415,,6.51162109604887,6.50712758859371,6.55528019375585,6.47778366084008,6.51676914228264
531,Oracle Vector,1340,5,Additive0.015,1361440,1229,9,6.60016768513148,6.61333864662175,6.63016768513148,,6.51162109604887,6.50712758859371,6.55528019375585,6.47778366084008,6.51676914228264
531,Dist L1,1340,5,Additive0.015,403260,2014,30,6.59569183687248,6.61333864662175,6.62569183687248,,6.51162109604887,6.50712758859371,6.55528019375585,6.47778366084008,6.51676914228264
532,Oracle,1340,5,Additive0.015,53600,40,4,6.59492236271415,6.61386687346876,6.62492236271415,,6.51192542345724,6.50876116629798,6.55525238198465,6.47817388593893,6.51602062798919
532,Oracle Vector,1340,5,Additive0.015,1369480,1236,9,6.60016768513148,6.61386687346876,6.63016768513148,,6.51192542345724,6.50876116629797,6.55525238198465,6.47817388593893,6.51602062798918
532,Value,1340,5,Additive0.015,376448,1965,28,6.59643388336769,6.61386687346876,6.62643388336769,,6.51192542345724,6.50876116629797,6.55525238198465,6.47817388593893,6.51602062798918
532,Vector,1340,5,Additive0.015,1731280,1556,15,6.59492236271415,6.61386687346876,6.62492236271415,,6.51192542345724,6.50876116629797,6.55525238198465,6.47817388593893,6.51602062798918
532,Dist L1,1340,5,Additive0.015,403260,2014,30,6.59569183687248,6.61386687346876,6.62569183687248,,6.51192542345724,6.50876116629797,6.55525238198465,6.47817388593893,6.51602062798918
533,Oracle,1340,5,Additive0.015,53600,40,4,6.59492236271415,6.61438348291242,6.62492236271415,,6.51230183031348,6.51032497304886,6.55541710974416,6.4788400983449,6.51538687974519
533,Oracle Vector,1340,5,Additive0.015,1369480,1236,9,6.60016768513148,6.61438348291242,6.63016768513148,,6.51230183031348,6.51032497304886,6.55541710974417,6.4788400983449,6.51538687974519
533,Value,1340,5,Additive0.015,376452,1970,28,6.59643388336769,6.61438348291242,6.62643388336769,,6.51230183031348,6.51032497304886,6.55541710974417,6.4788400983449,6.51538687974519
533,Vector,1340,5,Additive0.015,1736640,1561,15,6.59492236271415,6.61438348291242,6.62492236271415,,6.51230183031348,6.51032497304886,6.55541710974417,6.4788400983449,6.51538687974519
533,Dist L1,1340,5,Additive0.015,403260,2014,30,6.59569183687248,6.61438348291242,6.62569183687248,,6.51230183031348,6.51032497304886,6.55541710974417,6.4788400983449,6.51538687974519
534,Oracle,1340,5,Additive0.015,53600,40,4,6.59492236271415,6.61508423213894,6.62492236271415,,6.51341460260045,6.51250019740647,6.55526055403906,6.47950988842956,6.51483664788973
534,Value,1340,5,Additive0.015,376452,1970,28,6.59643388336769,6.61508423213894,6.62643388336769,,6.51341460260045,6.51250019740647,6.55526055403906,6.47950988842956,6.51483664788973
534,Oracle Vector,1340,5,Additive0.015,1374840,1241,9,6.60016768513148,6.61508423213894,6.63016768513148,,6.51341460260045,6.51250019740647,6.55526055403906,6.47950988842956,6.51483664788973
534,Vector,1340,5,Additive0.015,1744680,1568,15,6.59492236271415,6.61508423213894,6.62492236271415,,6.51341460260045,6.51250019740647,6.55526055403906,6.47950988842956,6.51483664788973
534,Dist L1,1340,5,Additive0.015,403260,2014,30,6.59569183687248,6.61508423213894,6.62569183687248,,6.51341460260045,6.51250019740647,6.55526055403906,6.47950988842956,6.51483664788973
535,Oracle,1340,5,Additive0.015,53600,40,4,6.59492236271415,6.61541975647421,6.62492236271415,,6.51431128387144,6.5130924880124,6.55527821674286,6.47888677165099,6.51538660148842
535,Oracle Vector,1340,5,Additive0.015,1382880,1248,9,6.60016768513148,6.61541975647421,6.63016768513148,,6.51431128387144,6.5130924880124,6.55527821674286,6.47888677165099,6.51538660148842
535,Value,1340,5,Additive0.015,376456,1975,28,6.59643388336769,6.61541975647421,6.62643388336769,,6.51431128387144,6.5130924880124,6.55527821674286,6.47888677165099,6.51538660148842
535,Vector,1340,5,Additive0.015,1750040,1573,15,6.59492236271415,6.61541975647421,6.62492236271415,,6.51431128387144,6.5130924880124,6.55527821674286,6.47888677165099,6.51538660148842
535,Dist L1,1340,5,Additive0.015,403266,2021,30,6.59569183687248,6.61541975647421,6.62569183687248,,6.51431128387144,6.5130924880124,6.55527821674286,6.47888677165099,6.51538660148842
536,Oracle,1340,5,Additive0.015,53600,40,4,6.59492236271415,6.61617496285555,6.62492236271415,,6.51512622389473,6.5139615789349,6.55546205154765,6.47938293390985,6.51526298416447
536,Value,1340,5,Additive0.015,376460,1980,28,6.59643388336769,6.61617496285555,6.62643388336769,,6.51512622389472,6.5139615789349,6.55546205154765,6.47938293390985,6.51526298416447
536,Oracle Vector,1340,5,Additive0.015,1393600,1258,9,6.60016768513148,6.61617496285555,6.63016768513148,,6.51512622389472,6.5139615789349,6.55546205154765,6.47938293390985,6.51526298416447
536,Vector,1340,5,Additive0.015,1763440,1584,15,6.59492236271415,6.61617496285555,6.62492236271415,,6.51512622389472,6.5139615789349,6.55546205154765,6.47938293390985,6.51526298416447
536,Dist L1,1340,5,Additive0.015,403270,2026,30,6.59569183687248,6.61617496285555,6.62569183687248,,6.51512622389472,6.5139615789349,6.55546205154765,6.47938293390985,6.51526298416447
537,Oracle,1340,5,Additive0.015,53600,40,4,6.59492236271415,6.61622768539255,6.62492236271415,,6.51547768252468,6.51547989842008,6.55467126787099,6.47912476939699,6.51497365559229
537,Value,1340,5,Additive0.015,376464,1985,28,6.59643388336769,6.61622768539255,6.62643388336769,,6.51547768252468,6.51547989842008,6.55467126787099,6.47912476939699,6.51497365559229
537,Vector,1340,5,Additive0.015,1771480,1591,15,6.59492236271415,6.61622768539255,6.62492236271415,,6.51547768252468,6.51547989842008,6.55467126787099,6.47912476939699,6.51497365559229
537,Oracle Vector,1340,5,Additive0.015,1393600,1258,9,6.60016768513148,6.61622768539255,6.63016768513148,,6.51547768252468,6.51547989842008,6.55467126787099,6.47912476939699,6.51497365559229
537,Dist L1,1340,5,Additive0.015,403274,2031,30,6.59569183687248,6.61622768539255,6.62569183687248,,6.51547768252468,6.51547989842008,6.55467126787099,6.47912476939699,6.51497365559229
538,Oracle,1340,5,Additive0.015,53600,40,4,6.59492236271415,6.61674216491924,6.62492236271415,,6.5167209397299,6.51605637314343,6.55443432370391,6.47852970170464,6.51665436929193
538,Oracle Vector,1340,5,Additive0.015,1398960,1263,9,6.60016768513148,6.61674216491924,6.63016768513148,,6.5167209397299,6.51605637314343,6.55443432370391,6.47852970170464,6.51665436929193
538,Value,1340,5,Additive0.015,376468,1990,28,6.59643388336769,6.61674216491924,6.62643388336769,,6.5167209397299,6.51605637314343,6.55443432370391,6.47852970170464,6.51665436929193
538,Vector,1340,5,Additive0.015,1784880,1602,16,6.60174216491924,6.61674216491924,6.63174216491924,,6.5167209397299,6.51605637314343,6.55443432370391,6.47852970170464,6.51665436929193
538,Dist L1,1340,5,Additive0.015,403282,2041,30,6.59569183687248,6.61674216491924,6.62569183687248,,6.5167209397299,6.51605637314343,6.55443432370391,6.47852970170464,6.51665436929193
539,Oracle,1340,5,Additive0.015,53600,40,4,6.59492236271415,6.61599996982912,6.62492236271415,,6.51734058567116,6.51543133239918,6.55276890986397,6.47705838999267,6.51585021190508
539,Oracle Vector,1340,5,Additive0.015,1398960,1263,9,6.60016768513148,6.61599996982913,6.63016768513148,,6.51734058567116,6.51543133239918,6.55276890986397,6.47705838999267,6.51585021190508
539,Value,1340,5,Additive0.015,376468,1990,28,6.59643388336769,6.61599996982912,6.62643388336769,,6.51734058567116,6.51543133239918,6.55276890986397,6.47705838999267,6.51585021190508
539,Vector,1340,5,Additive0.015,1784880,1602,16,6.60174216491924,6.61599996982913,6.63174216491924,,6.51734058567116,6.51543133239919,6.55276890986397,6.47705838999267,6.51585021190508
539,Dist L1,1340,5,Additive0.015,403282,2041,30,6.59569183687248,6.61599996982913,6.62569183687248,,6.51734058567116,6.51543133239918,6.55276890986397,6.47705838999267,6.51585021190508
540,Oracle,1340,5,Additive0.015,53600,40,4,6.59492236271415,6.61576519616383,6.62492236271415,,6.51799558085212,6.51573283051994,6.55262059931557,6.47665377678822,6.51465732406402
540,Oracle Vector,1340,5,Additive0.015,1404320,1268,9,6.60016768513148,6.61576519616383,6.63016768513148,,6.51799558085212,6.51573283051994,6.55262059931557,6.47665377678822,6.51465732406402
540,Vector,1340,5,Additive0.015,1784880,1602,16,6.60174216491924,6.61576519616383,6.63174216491924,,6.51799558085212,6.51573283051994,6.55262059931556,6.47665377678822,6.51465732406402
540,Value,1340,5,Additive0.015,376476,2000,28,6.59643388336769,6.61576519616383,6.62643388336769,,6.51799558085212,6.51573283051994,6.55262059931556,6.47665377678822,6.51465732406401
540,Dist L1,1340,5,Additive0.015,403282,2041,30,6.59569183687248,6.61576519616383,6.62569183687248,,6.51799558085212,6.51573283051994,6.55262059931556,6.47665377678822,6.51465732406402
541,Oracle,1340,5,Additive0.015,53600,40,4,6.59492236271415,6.61599721241921,6.62492236271415,,6.51855099709977,6.51702949361063,6.55263752826477,6.47669113324154,6.51477557057734
541,Oracle Vector,1340,5,Additive0.015,1404320,1268,9,6.60016768513148,6.61599721241921,6.63016768513148,,6.51855099709977,6.51702949361063,6.55263752826477,6.47669113324154,6.51477557057734
541,Value,1340,5,Additive0.015,376486,2012,28,6.59643388336769,6.61599721241921,6.62643388336769,,6.51855099709977,6.51702949361063,6.55263752826477,6.47669113324154,6.51477557057734
541,Vector,1340,5,Additive0.015,1784880,1602,16,6.60174216491924,6.61599721241921,6.63174216491924,,6.51855099709977,6.51702949361063,6.55263752826477,6.47669113324154,6.51477557057734
541,Dist L1,1340,5,Additive0.015,403282,2041,30,6.59569183687248,6.61599721241921,6.62569183687248,,6.51855099709977,6.51702949361063,6.55263752826477,6.47669113324154,6.51477557057734
542,Oracle,1340,5,Additive0.015,53600,40,4,6.59492236271415,6.61523349535815,6.62492236271415,,6.51812039940177,6.5165995842008,6.55198238145688,6.47563384443589,6.5132804157893
542,Vector,1340,5,Additive0.015,1784880,1602,16,6.60174216491924,6.61523349535815,6.63174216491924,,6.51812039940177,6.5165995842008,6.55198238145688,6.47563384443589,6.5132804157893
542,Oracle Vector,1340,5,Additive0.015,1404320,1268,9,6.60016768513148,6.61523349535815,6.63016768513148,,6.51812039940177,6.5165995842008,6.55198238145688,6.47563384443589,6.5132804157893
542,Value,1340,5,Additive0.015,376494,2022,28,6.59643388336769,6.61523349535815,6.62643388336769,,6.51812039940177,6.5165995842008,6.55198238145688,6.47563384443589,6.5132804157893
542,Dist L1,1340,5,Additive0.015,403290,2050,30,6.59569183687248,6.61523349535815,6.62569183687248,,6.51812039940177,6.5165995842008,6.55198238145688,6.47563384443589,6.51328041578929
543,Oracle,1340,5,Additive0.015,53600,40,4,6.59492236271415,6.61514167078614,6.62492236271415,,6.5181863209227,6.51766397295461,6.55191397647199,6.47524014952429,6.51316031353101
543,Oracle Vector,1340,5,Additive0.015,1409680,1273,9,6.60016768513148,6.61514167078614,6.63016768513148,,6.5181863209227,6.51766397295461,6.55191397647199,6.47524014952429,6.51316031353101
543,Vector,1340,5,Additive0.015,1784880,1602,16,6.60174216491924,6.61514167078614,6.63174216491924,,6.5181863209227,6.51766397295461,6.55191397647199,6.47524014952429,6.51316031353101
543,Value,1340,5,Additive0.015,376510,2041,28,6.59643388336769,6.61514167078614,6.62643388336769,,6.5181863209227,6.51766397295461,6.55191397647199,6.47524014952429,6.51316031353101
543,Dist L1,1340,5,Additive0.015,403294,2055,30,6.59569183687248,6.61514167078614,6.62569183687248,,6.5181863209227,6.51766397295461,6.55191397647199,6.47524014952429,6.51316031353101
544,Oracle,1340,5,Additive0.015,53600,40,4,6.59492236271415,6.6146034629799,6.62492236271415,,6.51707101362227,6.5176909361045,6.55165813510216,6.4749786996478,6.51223139368172
544,Value,1340,5,Additive0.015,376514,2046,28,6.59643388336769,6.61460346297989,6.62643388336769,,6.51707101362227,6.5176909361045,6.55165813510216,6.4749786996478,6.51223139368172
544,Oracle Vector,1340,5,Additive0.015,1415040,1278,9,6.60016768513148,6.6146034629799,6.63016768513148,,6.51707101362227,6.5176909361045,6.55165813510216,6.4749786996478,6.51223139368172
544,Vector,1340,5,Additive0.015,1790240,1607,16,6.60174216491924,6.61460346297989,6.63174216491924,,6.51707101362227,6.5176909361045,6.55165813510216,6.4749786996478,6.51223139368172
544,Dist L1,1340,5,Additive0.015,403298,2060,30,6.59569183687248,6.61460346297989,6.62569183687248,,6.51707101362227,6.5176909361045,6.55165813510216,6.4749786996478,6.51223139368172
545,Oracle,1340,5,Additive0.015,53600,40,4,6.59492236271415,6.6145018851947,6.62492236271415,,6.5170844424499,6.51842442230073,6.5511976629797,6.47456746171134,6.51221662199543
545,Vector,1340,5,Additive0.015,1790240,1607,16,6.60174216491924,6.6145018851947,6.63174216491924,,6.5170844424499,6.51842442230073,6.5511976629797,6.47456746171134,6.51221662199543
545,Oracle Vector,1340,5,Additive0.015,1420400,1283,9,6.60016768513148,6.6145018851947,6.63016768513148,,6.5170844424499,6.51842442230073,6.5511976629797,6.47456746171134,6.51221662199543
545,Value,1340,5,Additive0.015,389919,2068,29,6.5995018851947,6.6145018851947,6.6295018851947,,6.5170844424499,6.51842442230073,6.5511976629797,6.47456746171134,6.51221662199543
545,Dist L1,1340,5,Additive0.015,403306,2070,30,6.59569183687248,6.6145018851947,6.62569183687248,,6.5170844424499,6.51842442230073,6.5511976629797,6.47456746171134,6.51221662199543
546,Oracle,1340,5,Additive0.015,53600,40,4,6.59492236271415,6.61426948863342,6.62492236271415,,6.51683905736133,6.51923753295904,6.55066346372421,6.47413260364004,6.51153333186405
546,Oracle Vector,1340,5,Additive0.015,1425760,1288,9,6.60016768513148,6.61426948863342,6.63016768513148,,6.51683905736133,6.51923753295904,6.55066346372421,6.47413260364004,6.51153333186405
546,Vector,1340,5,Additive0.015,1790240,1607,16,6.60174216491924,6.61426948863342,6.63174216491924,,6.51683905736133,6.51923753295904,6.55066346372421,6.47413260364004,6.51153333186405
546,Value,1340,5,Additive0.015,389919,2068,29,6.5995018851947,6.61426948863342,6.6295018851947,,6.51683905736133,6.51923753295904,6.55066346372421,6.47413260364004,6.51153333186405
546,Dist L1,1340,5,Additive0.015,403306,2070,30,6.59569183687248,6.61426948863342,6.62569183687248,,6.51683905736133,6.51923753295904,6.55066346372421,6.47413260364004,6.51153333186405
547,Oracle,1340,5,Additive0.015,53600,40,4,6.59492236271415,6.61376189681239,6.62492236271415,,6.51503229832087,6.51986785972222,6.54991014543066,6.47283863640494,6.51193349116257
547,Oracle Vector,1340,5,Additive0.015,1425760,1288,9,6.60016768513148,6.61376189681239,6.63016768513148,,6.51503229832087,6.51986785972222,6.54991014543066,6.47283863640494,6.51193349116257
547,Value,1340,5,Additive0.015,389919,2068,29,6.5995018851947,6.61376189681239,6.6295018851947,,6.51503229832087,6.51986785972222,6.54991014543066,6.47283863640494,6.51193349116257
547,Vector,1340,5,Additive0.015,1795600,1612,16,6.60174216491924,6.61376189681239,6.63174216491924,,6.51503229832087,6.51986785972222,6.54991014543066,6.47283863640494,6.51193349116257
547,Dist L1,1340,5,Additive0.015,403314,2080,30,6.59569183687248,6.61376189681239,6.62569183687248,,6.51503229832087,6.51986785972222,6.54991014543066,6.47283863640494,6.51193349116257
548,Oracle,1340,5,Additive0.015,53600,40,4,6.59492236271415,6.61357943503557,6.62492236271415,,6.51397313998545,6.5207188926656,6.54935528424119,6.47203370433571,6.51195559908345
548,Oracle Vector,1340,5,Additive0.015,1431120,1293,9,6.60016768513148,6.61357943503557,6.63016768513148,,6.51397313998545,6.5207188926656,6.54935528424119,6.47203370433571,6.51195559908345
548,Value,1340,5,Additive0.015,389919,2068,29,6.5995018851947,6.61357943503557,6.6295018851947,,6.51397313998545,6.5207188926656,6.54935528424119,6.47203370433571,6.51195559908345
548,Vector,1340,5,Additive0.015,1800960,1617,16,6.60174216491924,6.61357943503557,6.63174216491924,,6.51397313998545,6.5207188926656,6.54935528424119,6.47203370433571,6.51195559908345
548,Dist L1,1340,5,Additive0.015,416719,2102,31,6.59857943503557,6.61357943503557,6.62857943503557,,6.51397313998545,6.5207188926656,6.54935528424119,6.47203370433571,6.51195559908345
549,Oracle,1340,5,Additive0.015,53600,40,4,6.59492236271415,6.613306975554,6.62492236271415,,6.51287141220727,6.52142092088309,6.5483836815801,6.47085066826298,6.51184519788937
549,Oracle Vector,1340,5,Additive0.015,1431120,1293,9,6.60016768513148,6.613306975554,6.63016768513148,,6.51287141220727,6.52142092088309,6.5483836815801,6.47085066826298,6.51184519788937
549,Value,1340,5,Additive0.015,389919,2068,29,6.5995018851947,6.61330697555399,6.6295018851947,,6.51287141220727,6.52142092088309,6.5483836815801,6.47085066826298,6.51184519788937
549,Vector,1340,5,Additive0.015,1800960,1617,16,6.60174216491924,6.61330697555399,6.63174216491924,,6.51287141220727,6.52142092088309,6.5483836815801,6.47085066826298,6.51184519788937
549,Dist L1,1340,5,Additive0.015,416719,2102,31,6.59857943503557,6.61330697555399,6.62857943503557,,6.51287141220727,6.52142092088309,6.5483836815801,6.47085066826298,6.51184519788937
550,Oracle,1340,5,Additive0.015,53600,40,4,6.59492236271415,6.61309237346311,6.62492236271415,,6.51266357557103,6.52152322901505,6.5474987783865,6.4709215987725,6.51197438536973
550,Oracle Vector,1340,5,Additive0.015,1431120,1293,9,6.60016768513148,6.61309237346311,6.63016768513148,,6.51266357557103,6.52152322901505,6.5474987783865,6.4709215987725,6.51197438536972
550,Value,1340,5,Additive0.015,389919,2068,29,6.5995018851947,6.61309237346311,6.6295018851947,,6.51266357557103,6.52152322901505,6.5474987783865,6.4709215987725,6.51197438536972
550,Vector,1340,5,Additive0.015,1809000,1624,16,6.60174216491924,6.61309237346311,6.63174216491924,,6.51266357557103,6.52152322901505,6.5474987783865,6.4709215987725,6.51197438536972
550,Dist L1,1340,5,Additive0.015,416719,2102,31,6.59857943503557,6.61309237346311,6.62857943503557,,6.51266357557103,6.52152322901505,6.5474987783865,6.4709215987725,6.51197438536972
551,Oracle,1340,5,Additive0.015,53600,40,4,6.59492236271415,6.61244541063006,6.62492236271415,,6.51080018702603,6.52103897169147,6.54651962042702,6.4715934788548,6.51111661004351
551,Value,1340,5,Additive0.015,389919,2068,29,6.5995018851947,6.61244541063006,6.6295018851947,,6.51080018702603,6.52103897169147,6.54651962042702,6.4715934788548,6.51111661004351
551,Oracle Vector,1340,5,Additive0.015,1441840,1303,9,6.60016768513148,6.61244541063006,6.63016768513148,,6.51080018702603,6.52103897169147,6.54651962042702,6.4715934788548,6.51111661004351
551,Vector,1340,5,Additive0.015,1809000,1624,16,6.60174216491924,6.61244541063006,6.63174216491924,,6.51080018702603,6.52103897169147,6.54651962042702,6.4715934788548,6.51111661004351
551,Dist L1,1340,5,Additive0.015,416719,2102,31,6.59857943503557,6.61244541063006,6.62857943503557,,6.51080018702603,6.52103897169147,6.54651962042702,6.4715934788548,6.51111661004351
552,Oracle,1340,5,Additive0.015,53600,40,4,6.59492236271415,6.61122377324754,6.62492236271415,,6.50903867219549,6.5201809418769,6.54545329550035,6.47062175527156,6.50988006613509
552,Oracle Vector,1340,5,Additive0.015,1447200,1308,9,6.60016768513148,6.61122377324754,6.63016768513148,,6.50903867219549,6.5201809418769,6.54545329550035,6.47062175527156,6.50988006613509
552,Value,1340,5,Additive0.015,389923,2073,29,6.5995018851947,6.61122377324754,6.6295018851947,,6.50903867219549,6.5201809418769,6.54545329550036,6.47062175527156,6.50988006613509
552,Vector,1340,5,Additive0.015,1814360,1629,16,6.60174216491924,6.61122377324754,6.63174216491924,,6.50903867219549,6.5201809418769,6.54545329550036,6.47062175527155,6.50988006613509
552,Dist L1,1340,5,Additive0.015,416719,2102,31,6.59857943503557,6.61122377324754,6.62857943503557,,6.50903867219549,6.5201809418769,6.54545329550036,6.47062175527156,6.50988006613509
553,Oracle,1340,5,Additive0.015,53600,40,4,6.59492236271415,6.61045582172326,6.62492236271415,,6.50830808388072,6.51988347075294,6.54427108085673,6.46933840506172,6.50917672643235
553,Value,1340,5,Additive0.015,389927,2078,29,6.5995018851947,6.61045582172326,6.6295018851947,,6.50830808388072,6.51988347075295,6.54427108085673,6.46933840506172,6.50917672643235
553,Oracle Vector,1340,5,Additive0.015,1447200,1308,9,6.60016768513148,6.61045582172326,6.63016768513148,,6.50830808388072,6.51988347075294,6.54427108085673,6.46933840506172,6.50917672643235
553,Vector,1340,5,Additive0.015,1814360,1629,16,6.60174216491924,6.61045582172326,6.63174216491924,,6.50830808388072,6.51988347075295,6.54427108085673,6.46933840506172,6.50917672643235
553,Dist L1,1340,5,Additive0.015,416719,2102,31,6.59857943503557,6.61045582172326,6.62857943503557,,6.50830808388072,6.51988347075295,6.54427108085673,6.46933840506172,6.50917672643235
554,Oracle,1340,5,Additive0.015,53600,40,4,6.59492236271415,6.60985953823017,6.62492236271415,,6.50725150592876,6.51999067016635,6.54227936064432,6.46875528485249,6.50890819203839
554,Oracle Vector,1340,5,Additive0.015,1452560,1313,9,6.60016768513148,6.60985953823017,6.63016768513148,,6.50725150592876,6.51999067016635,6.54227936064432,6.46875528485249,6.50890819203838
554,Value,1340,5,Additive0.015,389933,2085,29,6.5995018851947,6.60985953823017,6.6295018851947,,6.50725150592876,6.51999067016635,6.54227936064432,6.46875528485249,6.50890819203838
554,Vector,1340,5,Additive0.015,1822400,1636,16,6.60174216491924,6.60985953823017,6.63174216491924,,6.50725150592876,6.51999067016635,6.54227936064432,6.46875528485249,6.50890819203838
554,Dist L1,1340,5,Additive0.015,416723,2107,31,6.59857943503557,6.60985953823017,6.62857943503557,,6.50725150592876,6.51999067016635,6.54227936064432,6.46875528485249,6.50890819203838
555,Oracle,1340,5,Additive0.015,53600,40,4,6.59492236271415,6.60917473213538,6.62492236271415,,6.50817427117839,6.52017170453466,6.54110015351973,6.46838035891292,6.50726939321425
555,Value,1340,5,Additive0.015,389939,2092,29,6.5995018851947,6.60917473213538,6.6295018851947,,6.50817427117838,6.52017170453466,6.54110015351973,6.46838035891292,6.50726939321425
555,Oracle Vector,1340,5,Additive0.015,1457920,1318,9,6.60016768513148,6.60917473213538,6.63016768513148,,6.50817427117839,6.52017170453466,6.54110015351973,6.46838035891292,6.50726939321425
555,Vector,1340,5,Additive0.015,1830440,1643,16,6.60174216491924,6.60917473213538,6.63174216491924,,6.50817427117839,6.52017170453466,6.54110015351973,6.46838035891292,6.50726939321425
555,Dist L1,1340,5,Additive0.015,416729,2114,31,6.59857943503557,6.60917473213538,6.62857943503557,,6.50817427117838,6.52017170453466,6.54110015351973,6.46838035891292,6.50726939321425
556,Oracle,1340,5,Additive0.015,53600,40,4,6.59492236271415,6.60774357821672,6.62492236271415,,6.50502967106472,6.51767224385465,6.53942708065164,6.46850928294415,6.50629606529275
556,Oracle Vector,1340,5,Additive0.015,1463280,1323,9,6.60016768513148,6.60774357821672,6.63016768513148,,6.50502967106472,6.51767224385465,6.53942708065164,6.46850928294415,6.50629606529275
556,Vector,1340,5,Additive0.015,1838480,1650,16,6.60174216491924,6.60774357821672,6.63174216491924,,6.50502967106472,6.51767224385465,6.53942708065164,6.46850928294415,6.50629606529275
556,Value,1340,5,Additive0.015,403344,2114,30,6.59274357821672,6.60774357821672,6.62274357821672,,6.50502967106472,6.51767224385465,6.53942708065164,6.46850928294415,6.50629606529275
556,Dist L1,1340,5,Additive0.015,416737,2124,31,6.59857943503557,6.60774357821672,6.62857943503557,,6.50502967106472,6.51767224385465,6.53942708065164,6.46850928294415,6.50629606529275
557,Oracle,1340,5,Additive0.015,53600,40,4,6.59492236271415,6.60805629781692,6.62492236271415,,6.50436521281629,6.51779264053659,6.539389913446,6.46877643757455,6.50670397153462
557,Oracle Vector,1340,5,Additive0.015,1463280,1323,9,6.60016768513148,6.60805629781692,6.63016768513148,,6.50436521281629,6.51779264053659,6.539389913446,6.46877643757456,6.50670397153462
557,Value,1340,5,Additive0.015,403344,2114,30,6.59274357821672,6.60805629781692,6.62274357821672,,6.50436521281629,6.51779264053659,6.539389913446,6.46877643757456,6.50670397153462
557,Vector,1340,5,Additive0.015,1843840,1655,16,6.60174216491924,6.60805629781692,6.63174216491924,,6.50436521281629,6.51779264053659,6.539389913446,6.46877643757455,6.50670397153462
557,Dist L1,1340,5,Additive0.015,416737,2124,31,6.59857943503557,6.60805629781692,6.62857943503557,,6.50436521281629,6.51779264053659,6.539389913446,6.46877643757456,6.50670397153462
558,Oracle,1340,5,Additive0.015,53600,40,4,6.59492236271415,6.60819467637944,6.62492236271415,,6.50377637168075,6.51780099817174,6.53975145642064,6.46895220993518,6.50747538379906
558,Oracle Vector,1340,5,Additive0.015,1463280,1323,9,6.60016768513148,6.60819467637944,6.63016768513148,,6.50377637168075,6.51780099817174,6.53975145642064,6.46895220993518,6.50747538379906
558,Value,1340,5,Additive0.015,403344,2114,30,6.59274357821672,6.60819467637944,6.62274357821672,,6.50377637168075,6.51780099817174,6.53975145642064,6.46895220993518,6.50747538379906
558,Vector,1340,5,Additive0.015,1849200,1660,16,6.60174216491924,6.60819467637943,6.63174216491924,,6.50377637168076,6.51780099817174,6.53975145642064,6.46895220993518,6.50747538379906
558,Dist L1,1340,5,Additive0.015,416741,2129,31,6.59857943503557,6.60819467637943,6.62857943503557,,6.50377637168076,6.51780099817174,6.53975145642064,6.46895220993518,6.50747538379906
559,Oracle,1340,5,Additive0.015,53600,40,4,6.59492236271415,6.60855044520685,6.62492236271415,,6.5038164286399,6.51883415938864,6.53887492108178,6.46904451534842,6.50857806376216
559,Oracle Vector,1340,5,Additive0.015,1463280,1323,9,6.60016768513148,6.60855044520685,6.63016768513148,,6.5038164286399,6.51883415938864,6.53887492108178,6.46904451534842,6.50857806376216
559,Value,1340,5,Additive0.015,403344,2114,30,6.59274357821672,6.60855044520685,6.62274357821672,,6.5038164286399,6.51883415938864,6.53887492108178,6.46904451534842,6.50857806376216
559,Vector,1340,5,Additive0.015,1859920,1670,16,6.60174216491924,6.60855044520685,6.63174216491924,,6.5038164286399,6.51883415938864,6.53887492108178,6.46904451534842,6.50857806376216
559,Dist L1,1340,5,Additive0.015,416747,2137,31,6.59857943503557,6.60855044520685,6.62857943503557,,6.5038164286399,6.51883415938864,6.53887492108178,6.46904451534842,6.50857806376216
560,Oracle,1340,5,Additive0.015,53600,40,4,6.59492236271415,6.6089279371771,6.62492236271415,,6.50403738610674,6.51912226321601,6.53824480192487,6.46958789753435,6.5096188989992
560,Oracle Vector,1340,5,Additive0.015,1463280,1323,9,6.60016768513148,6.6089279371771,6.63016768513148,,6.50403738610675,6.51912226321601,6.53824480192487,6.46958789753435,6.50961889899921
560,Value,1340,5,Additive0.015,403344,2114,30,6.59274357821672,6.6089279371771,6.62274357821672,,6.50403738610675,6.51912226321601,6.53824480192487,6.46958789753435,6.50961889899921
560,Vector,1340,5,Additive0.015,1865280,1675,16,6.60174216491924,6.6089279371771,6.63174216491924,,6.50403738610675,6.51912226321601,6.53824480192487,6.46958789753435,6.50961889899921
560,Dist L1,1340,5,Additive0.015,416751,2142,31,6.59857943503557,6.6089279371771,6.62857943503557,,6.50403738610675,6.51912226321601,6.53824480192487,6.46958789753435,6.50961889899921
561,Oracle,1340,5,Additive0.015,53600,40,4,6.59492236271415,6.6087157300765,6.62492236271415,,6.50445465979017,6.51852439427661,6.53675728018827,6.46900207374313,6.51043088798897
561,Oracle Vector,1340,5,Additive0.015,1468640,1328,9,6.60016768513148,6.6087157300765,6.63016768513148,,6.50445465979017,6.51852439427661,6.53675728018827,6.46900207374313,6.51043088798897
561,Value,1340,5,Additive0.015,403344,2114,30,6.59274357821672,6.6087157300765,6.62274357821672,,6.50445465979017,6.51852439427661,6.53675728018827,6.46900207374313,6.51043088798897
561,Vector,1340,5,Additive0.015,1870640,1680,16,6.60174216491924,6.6087157300765,6.63174216491924,,6.50445465979017,6.51852439427661,6.53675728018827,6.46900207374313,6.51043088798897
561,Dist L1,1340,5,Additive0.015,430156,2163,32,6.5937157300765,6.6087157300765,6.6237157300765,,6.50445465979017,6.51852439427661,6.53675728018827,6.46900207374313,6.51043088798897
562,Oracle,1340,5,Additive0.015,53600,40,4,6.59492236271415,6.60890528157777,6.62492236271415,,6.50450043011115,6.51870944741208,6.53587150552647,6.46992460415355,6.51015803042165
562,Oracle Vector,1340,5,Additive0.015,1474000,1333,9,6.60016768513148,6.60890528157778,6.63016768513148,,6.50450043011116,6.51870944741208,6.53587150552647,6.46992460415355,6.51015803042165
562,Value,1340,5,Additive0.015,403344,2114,30,6.59274357821672,6.60890528157777,6.62274357821672,,6.50450043011116,6.51870944741208,6.53587150552647,6.46992460415355,6.51015803042165
562,Vector,1340,5,Additive0.015,1876000,1685,16,6.60174216491924,6.60890528157777,6.63174216491924,,6.50450043011116,6.51870944741208,6.53587150552647,6.46992460415355,6.51015803042165
562,Dist L1,1340,5,Additive0.015,430156,2163,32,6.5937157300765,6.60890528157777,6.6237157300765,,6.50450043011116,6.51870944741208,6.53587150552647,6.46992460415355,6.51015803042165
563,Oracle,1340,5,Additive0.015,53600,40,4,6.59492236271415,6.60890120140007,6.62492236271415,,6.50379141830364,6.51820204010265,6.53477180139524,6.47062464567264,6.51018408253429
563,Oracle Vector,1340,5,Additive0.015,1474000,1333,9,6.60016768513148,6.60890120140007,6.63016768513148,,6.50379141830364,6.51820204010265,6.53477180139524,6.47062464567264,6.51018408253429
563,Value,1340,5,Additive0.015,403344,2114,30,6.59274357821672,6.60890120140007,6.62274357821672,,6.50379141830364,6.51820204010265,6.53477180139524,6.47062464567264,6.51018408253429
563,Vector,1340,5,Additive0.015,1881360,1690,16,6.60174216491924,6.60890120140007,6.63174216491924,,6.50379141830364,6.51820204010265,6.53477180139524,6.47062464567264,6.51018408253429
563,Dist L1,1340,5,Additive0.015,430156,2163,32,6.5937157300765,6.60890120140007,6.6237157300765,,6.50379141830364,6.51820204010265,6.53477180139524,6.47062464567264,6.51018408253429
564,Oracle,1340,5,Additive0.015,53600,40,4,6.59492236271415,6.60927330178758,6.62492236271415,,6.50353356502548,6.51891749346577,6.53470485933157,6.47166528418611,6.51047515926509
564,Oracle Vector,1340,5,Additive0.015,1482040,1341,9,6.60016768513148,6.60927330178758,6.63016768513148,,6.50353356502548,6.51891749346577,6.53470485933157,6.47166528418611,6.51047515926509
564,Vector,1340,5,Additive0.015,1886720,1695,16,6.60174216491924,6.60927330178758,6.63174216491924,,6.50353356502548,6.51891749346577,6.53470485933157,6.47166528418611,6.51047515926509
564,Value,1340,5,Additive0.015,403344,2114,30,6.59274357821672,6.60927330178758,6.62274357821672,,6.50353356502548,6.51891749346578,6.53470485933157,6.47166528418611,6.51047515926509
564,Dist L1,1340,5,Additive0.015,430156,2163,32,6.5937157300765,6.60927330178758,6.6237157300765,,6.50353356502548,6.51891749346577,6.53470485933157,6.47166528418611,6.51047515926509
565,Oracle,1340,5,Additive0.015,53600,40,4,6.59492236271415,6.60919865687599,6.62492236271415,,6.50406817917729,6.51875880450644,6.53423688211472,6.47267541456608,6.50930819354621
565,Value,1340,5,Additive0.015,403344,2114,30,6.59274357821672,6.60919865687599,6.62274357821672,,6.50406817917729,6.51875880450644,6.53423688211472,6.47267541456608,6.50930819354621
565,Oracle Vector,1340,5,Additive0.015,1498120,1356,9,6.60016768513148,6.60919865687599,6.63016768513148,,6.50406817917729,6.51875880450644,6.53423688211472,6.47267541456608,6.50930819354621
565,Vector,1340,5,Additive0.015,1892080,1700,16,6.60174216491924,6.60919865687599,6.63174216491924,,6.50406817917729,6.51875880450644,6.53423688211472,6.47267541456608,6.50930819354621
565,Dist L1,1340,5,Additive0.015,430156,2163,32,6.5937157300765,6.60919865687599,6.6237157300765,,6.50406817917729,6.51875880450644,6.53423688211472,6.47267541456608,6.50930819354621
566,Oracle,1340,5,Additive0.015,53600,40,4,6.59492236271415,6.60921064790423,6.62492236271415,,6.50430311497216,6.51842097368478,6.53423436642135,6.47260290173718,6.50843525187181
566,Oracle Vector,1340,5,Additive0.015,1498120,1356,9,6.60016768513148,6.60921064790423,6.63016768513148,,6.50430311497217,6.51842097368478,6.53423436642135,6.47260290173718,6.50843525187181
566,Value,1340,5,Additive0.015,403344,2114,30,6.59274357821672,6.60921064790423,6.62274357821672,,6.50430311497217,6.51842097368478,6.53423436642135,6.47260290173718,6.50843525187181
566,Vector,1340,5,Additive0.015,1897440,1705,16,6.60174216491924,6.60921064790423,6.63174216491924,,6.50430311497217,6.51842097368478,6.53423436642135,6.47260290173718,6.50843525187181
566,Dist L1,1340,5,Additive0.015,430156,2163,32,6.5937157300765,6.60921064790423,6.6237157300765,,6.50430311497217,6.51842097368478,6.53423436642135,6.47260290173718,6.50843525187181
567,Oracle,1340,5,Additive0.015,53600,40,4,6.59492236271415,6.60933527948241,6.62492236271415,,6.50454592421101,6.51880308501163,6.5341531908744,6.47225422205401,6.50795354662113
567,Oracle Vector,1340,5,Additive0.015,1498120,1356,9,6.60016768513148,6.60933527948241,6.63016768513148,,6.50454592421101,6.51880308501163,6.5341531908744,6.47225422205401,6.50795354662113
567,Value,1340,5,Additive0.015,403344,2114,30,6.59274357821672,6.60933527948241,6.62274357821672,,6.50454592421101,6.51880308501163,6.5341531908744,6.47225422205402,6.50795354662113
567,Vector,1340,5,Additive0.015,1902800,1710,16,6.60174216491924,6.60933527948241,6.63174216491924,,6.50454592421101,6.51880308501164,6.5341531908744,6.47225422205402,6.50795354662113
567,Dist L1,1340,5,Additive0.015,430156,2163,32,6.5937157300765,6.60933527948241,6.6237157300765,,6.50454592421101,6.51880308501164,6.5341531908744,6.47225422205402,6.50795354662113
568,Oracle,1340,5,Additive0.015,53600,40,4,6.59492236271415,6.60942626133467,6.62492236271415,,6.50454117560116,6.5195130314483,6.53352621173484,6.47266772532784,6.50766317870957
568,Value,1340,5,Additive0.015,403348,2119,30,6.59274357821672,6.60942626133467,6.62274357821672,,6.50454117560116,6.51951303144829,6.53352621173484,6.47266772532784,6.50766317870957
568,Oracle Vector,1340,5,Additive0.015,1498120,1356,9,6.60016768513148,6.60942626133467,6.63016768513148,,6.50454117560116,6.5195130314483,6.53352621173484,6.47266772532784,6.50766317870957
568,Vector,1340,5,Additive0.015,1902800,1710,16,6.60174216491924,6.60942626133467,6.63174216491924,,6.50454117560116,6.51951303144829,6.53352621173484,6.47266772532784,6.50766317870957
568,Dist L1,1340,5,Additive0.015,430156,2163,32,6.5937157300765,6.60942626133467,6.6237157300765,,6.50454117560116,6.51951303144829,6.53352621173484,6.47266772532784,6.50766317870957
569,Oracle,1340,5,Additive0.015,53600,40,4,6.59492236271415,6.60994908795785,6.62492236271415,,6.50451553975246,6.52052910024089,6.53387191564196,6.4737466319596,6.50769839721894
569,Oracle Vector,1340,5,Additive0.015,1498120,1356,9,6.60016768513148,6.60994908795786,6.63016768513148,,6.50451553975246,6.52052910024089,6.53387191564196,6.4737466319596,6.50769839721894
569,Value,1340,5,Additive0.015,403348,2119,30,6.59274357821672,6.60994908795786,6.62274357821672,,6.50451553975246,6.52052910024089,6.53387191564196,6.4737466319596,6.50769839721894
569,Vector,1340,5,Additive0.015,1902800,1710,16,6.60174216491924,6.60994908795785,6.63174216491924,,6.50451553975246,6.52052910024089,6.53387191564196,6.4737466319596,6.50769839721894
569,Dist L1,1340,5,Additive0.015,430156,2163,32,6.5937157300765,6.60994908795786,6.6237157300765,,6.50451553975246,6.52052910024089,6.53387191564196,6.4737466319596,6.50769839721894
570,Oracle,1340,5,Additive0.015,53600,40,4,6.59492236271415,6.61027904936818,6.62492236271415,,6.5059621187361,6.52220796755476,6.53331090895326,6.47384670751846,6.50614642447698
570,Oracle Vector,1340,5,Additive0.015,1498120,1356,9,6.60016768513148,6.61027904936818,6.63016768513148,,6.5059621187361,6.52220796755476,6.53331090895326,6.47384670751846,6.50614642447697
570,Value,1340,5,Additive0.015,403348,2119,30,6.59274357821672,6.61027904936818,6.62274357821672,,6.5059621187361,6.52220796755476,6.53331090895326,6.47384670751846,6.50614642447697
570,Vector,1340,5,Additive0.015,1908160,1715,16,6.60174216491924,6.61027904936818,6.63174216491924,,6.5059621187361,6.52220796755476,6.53331090895326,6.47384670751846,6.50614642447697
570,Dist L1,1340,5,Additive0.015,430156,2163,32,6.5937157300765,6.61027904936818,6.6237157300765,,6.5059621187361,6.52220796755476,6.53331090895326,6.47384670751846,6.50614642447697
571,Oracle,1340,5,Additive0.015,53600,40,4,6.59492236271415,6.6106117363174,6.62492236271415,,6.50685522014192,6.52249547350105,6.53310332001001,6.47476271890404,6.50660590026046
571,Value,1340,5,Additive0.015,403352,2124,30,6.59274357821672,6.6106117363174,6.62274357821672,,6.50685522014191,6.52249547350105,6.53310332001001,6.47476271890404,6.50660590026046
571,Vector,1340,5,Additive0.015,1913520,1720,16,6.60174216491924,6.6106117363174,6.63174216491924,,6.50685522014191,6.52249547350105,6.53310332001001,6.47476271890404,6.50660590026046
571,Oracle Vector,1340,5,Additive0.015,1503480,1361,9,6.60016768513148,6.6106117363174,6.63016768513148,,6.50685522014192,6.52249547350105,6.53310332001001,6.47476271890404,6.50660590026046
571,Dist L1,1340,5,Additive0.015,430156,2163,32,6.5937157300765,6.6106117363174,6.6237157300765,,6.50685522014191,6.52249547350105,6.53310332001001,6.47476271890404,6.50660590026046
572,Oracle,1340,5,Additive0.015,53600,40,4,6.59492236271415,6.61096334575168,6.62492236271415,,6.50831843252395,6.52287458231921,6.53261592556978,6.47607186033192,6.50614352595937
572,Oracle Vector,1340,5,Additive0.015,1503480,1361,9,6.60016768513148,6.61096334575168,6.63016768513148,,6.50831843252395,6.52287458231921,6.53261592556978,6.47607186033192,6.50614352595937
572,Value,1340,5,Additive0.015,403352,2124,30,6.59274357821672,6.61096334575168,6.62274357821672,,6.50831843252395,6.52287458231921,6.53261592556978,6.47607186033192,6.50614352595937
572,Vector,1340,5,Additive0.015,1926920,1732,16,6.60174216491924,6.61096334575168,6.63174216491924,,6.50831843252395,6.52287458231921,6.53261592556978,6.47607186033192,6.50614352595937
572,Dist L1,1340,5,Additive0.015,430156,2163,32,6.5937157300765,6.61096334575168,6.6237157300765,,6.50831843252395,6.52287458231921,6.53261592556978,6.47607186033192,6.50614352595937
573,Oracle,1340,5,Additive0.015,53600,40,4,6.59492236271415,6.61147437118767,6.62492236271415,,6.50946365975971,6.52395886282573,6.53236867352427,6.47669050938972,6.50612998421038
573,Oracle Vector,1340,5,Additive0.015,1508840,1366,9,6.60016768513148,6.61147437118767,6.63016768513148,,6.50946365975971,6.52395886282574,6.53236867352427,6.47669050938972,6.50612998421038
573,Vector,1340,5,Additive0.015,1926920,1732,16,6.60174216491924,6.61147437118767,6.63174216491924,,6.50946365975971,6.52395886282574,6.53236867352427,6.47669050938972,6.50612998421038
573,Value,1340,5,Additive0.015,403352,2124,30,6.59274357821672,6.61147437118767,6.62274357821672,,6.50946365975971,6.52395886282574,6.53236867352427,6.47669050938972,6.50612998421038
573,Dist L1,1340,5,Additive0.015,430156,2163,32,6.5937157300765,6.61147437118767,6.6237157300765,,6.50946365975971,6.52395886282574,6.53236867352427,6.47669050938972,6.50612998421038
574,Oracle,1340,5,Additive0.015,53600,40,4,6.59492236271415,6.61151440972589,6.62492236271415,,6.50937266062126,6.5241423922221,6.53226504277008,6.47790994148394,6.5049527737257
574,Oracle Vector,1340,5,Additive0.015,1508840,1366,9,6.60016768513148,6.61151440972589,6.63016768513148,,6.50937266062126,6.5241423922221,6.53226504277008,6.47790994148394,6.50495277372569
574,Value,1340,5,Additive0.015,403352,2124,30,6.59274357821672,6.61151440972589,6.62274357821672,,6.50937266062126,6.5241423922221,6.53226504277008,6.47790994148394,6.50495277372569
574,Vector,1340,5,Additive0.015,1932280,1737,16,6.60174216491924,6.61151440972589,6.63174216491924,,6.50937266062126,6.5241423922221,6.53226504277008,6.47790994148394,6.50495277372569
574,Dist L1,1340,5,Additive0.015,430160,2168,32,6.5937157300765,6.61151440972589,6.6237157300765,,6.50937266062126,6.5241423922221,6.53226504277008,6.47790994148394,6.50495277372569
575,Oracle,1340,5,Additive0.015,53600,40,4,6.59492236271415,6.61254235933705,6.62492236271415,,6.51561610635959,6.52811473206887,6.53308475733247,6.47651246519711,6.50285371852918
575,Oracle Vector,1340,5,Additive0.015,1508840,1366,9,6.60016768513148,6.61254235933705,6.63016768513148,,6.51561610635959,6.52811473206887,6.53308475733247,6.4765124651971,6.50285371852918
575,Value,1340,5,Additive0.015,403352,2124,30,6.59274357821672,6.61254235933705,6.62274357821672,,6.51561610635959,6.52811473206887,6.53308475733247,6.47651246519711,6.50285371852918
575,Vector,1340,5,Additive0.015,1932280,1737,16,6.60174216491924,6.61254235933705,6.63174216491924,,6.51561610635959,6.52811473206887,6.53308475733247,6.47651246519711,6.50285371852918
575,Dist L1,1340,5,Additive0.015,430160,2168,32,6.5937157300765,6.61254235933705,6.6237157300765,,6.51561610635959,6.52811473206887,6.53308475733247,6.47651246519711,6.50285371852918
576,Oracle,1340,5,Additive0.015,53600,40,4,6.59492236271415,6.61224563726452,6.62492236271415,,6.51668535865223,6.52820215697366,6.5326387722602,6.47571381838195,6.50199213679148
576,Oracle Vector,1340,5,Additive0.015,1508840,1366,9,6.60016768513148,6.61224563726452,6.63016768513148,,6.51668535865223,6.52820215697366,6.5326387722602,6.47571381838195,6.50199213679148
576,Vector,1340,5,Additive0.015,1932280,1737,16,6.60174216491924,6.61224563726452,6.63174216491924,,6.51668535865223,6.52820215697366,6.5326387722602,6.47571381838195,6.50199213679148
576,Value,1340,5,Additive0.015,403352,2124,30,6.59274357821672,6.61224563726452,6.62274357821672,,6.51668535865223,6.52820215697366,6.5326387722602,6.47571381838195,6.50199213679148
576,Dist L1,1340,5,Additive0.015,430160,2168,32,6.5937157300765,6.61224563726452,6.6237157300765,,6.51668535865223,6.52820215697366,6.5326387722602,6.47571381838195,6.50199213679148
577,Oracle,1340,5,Additive0.015,53600,40,4,6.59492236271415,6.61303114378477,6.62492236271415,,6.51878362493623,6.52842803624076,6.53375302230323,6.47685152881604,6.50201777604529
577,Oracle Vector,1340,5,Additive0.015,1508840,1366,9,6.60016768513148,6.61303114378477,6.63016768513148,,6.51878362493623,6.52842803624076,6.53375302230323,6.47685152881604,6.50201777604529
577,Vector,1340,5,Additive0.015,1932280,1737,16,6.60174216491924,6.61303114378477,6.63174216491924,,6.51878362493624,6.52842803624076,6.53375302230323,6.47685152881604,6.50201777604529
577,Value,1340,5,Additive0.015,403356,2129,30,6.59274357821672,6.61303114378477,6.62274357821672,,6.51878362493624,6.52842803624076,6.53375302230323,6.47685152881604,6.50201777604529
577,Dist L1,1340,5,Additive0.015,430164,2173,32,6.5937157300765,6.61303114378477,6.6237157300765,,6.51878362493624,6.52842803624076,6.53375302230323,6.47685152881604,6.50201777604529
578,Oracle,1340,5,Additive0.015,53600,40,4,6.59492236271415,6.61344961809553,6.62492236271415,,6.51951604059015,6.5291161171351,6.53333306007283,6.47784644940368,6.50245833973563
578,Oracle Vector,1340,5,Additive0.015,1508840,1366,9,6.60016768513148,6.61344961809553,6.63016768513148,,6.51951604059015,6.5291161171351,6.53333306007283,6.47784644940368,6.50245833973563
578,Value,1340,5,Additive0.015,403356,2129,30,6.59274357821672,6.61344961809553,6.62274357821672,,6.51951604059015,6.5291161171351,6.53333306007283,6.47784644940368,6.50245833973563
578,Vector,1340,5,Additive0.015,1937640,1742,16,6.60174216491924,6.61344961809553,6.63174216491924,,6.51951604059015,6.5291161171351,6.53333306007283,6.47784644940368,6.50245833973563
578,Dist L1,1340,5,Additive0.015,430164,2173,32,6.5937157300765,6.61344961809553,6.6237157300765,,6.51951604059015,6.5291161171351,6.53333306007283,6.47784644940368,6.50245833973563
579,Oracle,1340,5,Additive0.015,53600,40,4,6.59492236271415,6.61334908069189,6.62492236271415,,6.51931365737772,6.52935857352887,6.53294148614021,6.47903296277663,6.50201441664457
579,Oracle Vector,1340,5,Additive0.015,1508840,1366,9,6.60016768513148,6.61334908069189,6.63016768513148,,6.51931365737772,6.52935857352887,6.53294148614021,6.47903296277663,6.50201441664457
579,Value,1340,5,Additive0.015,403360,2134,30,6.59274357821672,6.61334908069189,6.62274357821672,,6.51931365737772,6.52935857352887,6.53294148614021,6.47903296277663,6.50201441664457
579,Vector,1340,5,Additive0.015,1937640,1742,16,6.60174216491924,6.61334908069189,6.63174216491924,,6.51931365737772,6.52935857352887,6.53294148614021,6.47903296277663,6.50201441664457
579,Dist L1,1340,5,Additive0.015,430168,2178,32,6.5937157300765,6.61334908069189,6.6237157300765,,6.51931365737772,6.52935857352887,6.53294148614021,6.47903296277663,6.50201441664457
580,Oracle,1340,5,Additive0.015,53600,40,4,6.59492236271415,6.6131016596492,6.62492236271415,,6.51861846266673,6.52966666919662,6.53292484035647,6.47883480521101,6.50230218142093
580,Oracle Vector,1340,5,Additive0.015,1508840,1366,9,6.60016768513148,6.6131016596492,6.63016768513148,,6.51861846266673,6.52966666919662,6.53292484035647,6.47883480521101,6.50230218142093
580,Value,1340,5,Additive0.015,403364,2139,30,6.59274357821672,6.6131016596492,6.62274357821672,,6.51861846266673,6.52966666919662,6.53292484035647,6.47883480521101,6.50230218142093
580,Vector,1340,5,Additive0.015,1948360,1752,16,6.60174216491924,6.6131016596492,6.63174216491924,,6.51861846266673,6.52966666919662,6.53292484035647,6.47883480521101,6.50230218142093
580,Dist L1,1340,5,Additive0.015,430168,2178,32,6.5937157300765,6.6131016596492,6.6237157300765,,6.51861846266673,6.52966666919662,6.53292484035647,6.47883480521101,6.50230218142093
581,Oracle,1340,5,Additive0.015,53600,40,4,6.59492236271415,6.61356628363579,6.62492236271415,,6.52019890568675,6.5298746658651,6.53225365535038,6.47942025239507,6.50314770712073
581,Oracle Vector,1340,5,Additive0.015,1514200,1371,9,6.60016768513148,6.61356628363579,6.63016768513148,,6.52019890568675,6.5298746658651,6.53225365535038,6.47942025239507,6.50314770712073
581,Value,1340,5,Additive0.015,403364,2139,30,6.59274357821672,6.61356628363579,6.62274357821672,,6.52019890568675,6.5298746658651,6.53225365535038,6.47942025239507,6.50314770712073
581,Vector,1340,5,Additive0.015,1948360,1752,16,6.60174216491924,6.61356628363579,6.63174216491924,,6.52019890568675,6.5298746658651,6.53225365535038,6.47942025239507,6.50314770712073
581,Dist L1,1340,5,Additive0.015,430172,2183,32,6.5937157300765,6.61356628363579,6.6237157300765,,6.52019890568675,6.5298746658651,6.53225365535038,6.47942025239507,6.50314770712073
582,Oracle,1340,5,Additive0.015,53600,40,4,6.59492236271415,6.61424282250653,6.62492236271415,,6.52107427194995,6.52998618139159,6.53258551173294,6.47954032411077,6.50324018284577
582,Oracle Vector,1340,5,Additive0.015,1514200,1371,9,6.60016768513148,6.61424282250653,6.63016768513148,,6.52107427194994,6.52998618139159,6.53258551173294,6.47954032411077,6.50324018284577
582,Value,1340,5,Additive0.015,403368,2144,30,6.59274357821672,6.61424282250653,6.62274357821672,,6.52107427194994,6.52998618139159,6.53258551173294,6.47954032411077,6.50324018284577
582,Vector,1340,5,Additive0.015,1948360,1752,16,6.60174216491924,6.61424282250653,6.63174216491924,,6.52107427194994,6.52998618139159,6.53258551173294,6.47954032411077,6.50324018284577
582,Dist L1,1340,5,Additive0.015,430172,2183,32,6.5937157300765,6.61424282250653,6.6237157300765,,6.52107427194995,6.52998618139159,6.53258551173294,6.47954032411077,6.50324018284577
583,Oracle,1340,5,Additive0.015,53600,40,4,6.59492236271415,6.61472118174971,6.62492236271415,,6.52102337726056,6.53014599213162,6.53237705509302,6.47937559747711,6.50357947460579
583,Oracle Vector,1340,5,Additive0.015,1514200,1371,9,6.60016768513148,6.61472118174971,6.63016768513148,,6.52102337726056,6.53014599213162,6.53237705509302,6.47937559747711,6.50357947460578
583,Value,1340,5,Additive0.015,403368,2144,30,6.59274357821672,6.61472118174971,6.62274357821672,,6.52102337726056,6.53014599213162,6.53237705509302,6.47937559747711,6.50357947460578
583,Vector,1340,5,Additive0.015,1953720,1757,16,6.60174216491924,6.61472118174971,6.63174216491924,,6.52102337726056,6.53014599213162,6.53237705509302,6.47937559747711,6.50357947460578
583,Dist L1,1340,5,Additive0.015,430182,2195,32,6.5937157300765,6.61472118174971,6.6237157300765,,6.52102337726056,6.53014599213162,6.53237705509302,6.47937559747711,6.50357947460578
584,Oracle,1340,5,Additive0.015,53600,40,4,6.59492236271415,6.61503046828061,6.62492236271415,,6.52197553387033,6.52999719630678,6.53249717429784,6.47974227878047,6.50373776011412
584,Oracle Vector,1340,5,Additive0.015,1514200,1371,9,6.60016768513148,6.61503046828061,6.63016768513148,,6.52197553387033,6.52999719630678,6.53249717429784,6.47974227878047,6.50373776011412
584,Value,1340,5,Additive0.015,403376,2154,30,6.59274357821672,6.61503046828061,6.62274357821672,,6.52197553387033,6.52999719630678,6.53249717429784,6.47974227878046,6.50373776011412
584,Vector,1340,5,Additive0.015,1953720,1757,16,6.60174216491924,6.61503046828061,6.63174216491924,,6.52197553387033,6.52999719630678,6.53249717429784,6.47974227878046,6.50373776011412
584,Dist L1,1340,5,Additive0.015,430182,2195,32,6.5937157300765,6.61503046828061,6.6237157300765,,6.52197553387033,6.52999719630678,6.53249717429784,6.47974227878046,6.50373776011412
585,Oracle,1340,5,Additive0.015,53600,40,4,6.59492236271415,6.61477692040832,6.62492236271415,,6.52211787596891,6.53004611384582,6.53167653336908,6.4806655009043,6.50300810318418
585,Oracle Vector,1340,5,Additive0.015,1519560,1376,9,6.60016768513148,6.61477692040831,6.63016768513148,,6.5221178759689,6.53004611384582,6.53167653336908,6.4806655009043,6.50300810318418
585,Vector,1340,5,Additive0.015,1959080,1762,16,6.60174216491924,6.61477692040831,6.63174216491924,,6.5221178759689,6.53004611384582,6.53167653336908,6.4806655009043,6.50300810318418
585,Value,1340,5,Additive0.015,403382,2162,30,6.59274357821672,6.61477692040831,6.62274357821672,,6.5221178759689,6.53004611384582,6.53167653336908,6.4806655009043,6.50300810318418
585,Dist L1,1340,5,Additive0.015,430182,2195,32,6.5937157300765,6.61477692040831,6.6237157300765,,6.5221178759689,6.53004611384582,6.53167653336908,6.4806655009043,6.50300810318418
586,Oracle,1340,5,Additive0.015,53600,40,4,6.59492236271415,6.61550268761557,6.62492236271415,,6.52419031241567,6.5299877986951,6.53175147796086,6.48215655507808,6.5044209024093
586,Oracle Vector,1340,5,Additive0.015,1524920,1381,9,6.60016768513148,6.61550268761558,6.63016768513148,,6.52419031241567,6.5299877986951,6.53175147796086,6.48215655507808,6.5044209024093
586,Vector,1340,5,Additive0.015,1964440,1767,16,6.60174216491924,6.61550268761558,6.63174216491924,,6.52419031241566,6.5299877986951,6.53175147796086,6.48215655507808,6.5044209024093
586,Value,1340,5,Additive0.015,403392,2174,30,6.59274357821672,6.61550268761557,6.62274357821672,,6.52419031241566,6.5299877986951,6.53175147796086,6.48215655507808,6.5044209024093
586,Dist L1,1340,5,Additive0.015,430190,2205,32,6.5937157300765,6.61550268761558,6.6237157300765,,6.52419031241567,6.5299877986951,6.53175147796086,6.48215655507808,6.5044209024093
587,Oracle,1340,5,Additive0.015,53600,40,4,6.59492236271415,6.61691495373281,6.62492236271415,,6.52615089251965,6.53053154613827,6.53285136203996,6.48435003990382,6.50587637915732
587,Oracle Vector,1340,5,Additive0.015,1524920,1381,9,6.60016768513148,6.61691495373281,6.63016768513148,,6.52615089251965,6.53053154613827,6.53285136203996,6.48435003990382,6.50587637915732
587,Vector,1340,5,Additive0.015,1964440,1767,16,6.60174216491924,6.61691495373281,6.63174216491924,,6.52615089251965,6.53053154613827,6.53285136203996,6.48435003990382,6.50587637915732
587,Value,1340,5,Additive0.015,416801,2199,31,6.60191495373281,6.61691495373281,6.63191495373281,,6.52615089251965,6.53053154613827,6.53285136203996,6.48435003990382,6.50587637915732
587,Dist L1,1340,5,Additive0.015,430196,2212,32,6.5937157300765,6.61691495373281,6.6237157300765,,6.52615089251965,6.53053154613827,6.53285136203996,6.48435003990382,6.50587637915732
588,Oracle,1340,5,Additive0.015,53600,40,4,6.59492236271415,6.61846845677568,6.62492236271415,,6.5273647773917,6.53236011562261,6.53417495525527,6.48589314420955,6.50669699057054
588,Oracle Vector,1340,5,Additive0.015,1532960,1389,9,6.60016768513148,6.61846845677568,6.63016768513148,,6.5273647773917,6.53236011562261,6.53417495525527,6.48589314420955,6.50669699057054
588,Value,1340,5,Additive0.015,416801,2199,31,6.60191495373281,6.61846845677568,6.63191495373281,,6.5273647773917,6.53236011562261,6.53417495525527,6.48589314420955,6.50669699057054
588,Vector,1340,5,Additive0.015,1975160,1777,16,6.60174216491924,6.61846845677568,6.63174216491924,,6.5273647773917,6.53236011562261,6.53417495525527,6.48589314420955,6.50669699057054
588,Dist L1,1340,5,Additive0.015,443601,2232,33,6.60346845677568,6.61846845677568,6.63346845677568,,6.5273647773917,6.53236011562261,6.53417495525527,6.48589314420955,6.50669699057054
589,Oracle,1340,5,Additive0.015,53600,40,4,6.59492236271415,6.6200476501989,6.62492236271415,,6.52833442560995,6.5333364966618,6.53564857659886,6.48797272402534,6.50765887848243
589,Value,1340,5,Additive0.015,416801,2199,31,6.60191495373281,6.6200476501989,6.63191495373281,,6.52833442560995,6.5333364966618,6.53564857659885,6.48797272402534,6.50765887848243
589,Vector,1340,5,Additive0.015,1985880,1787,16,6.60174216491924,6.6200476501989,6.63174216491924,,6.52833442560995,6.5333364966618,6.53564857659885,6.48797272402534,6.50765887848243
589,Oracle Vector,1340,5,Additive0.015,1546360,1401,10,6.6050476501989,6.6200476501989,6.6350476501989,,6.52833442560995,6.5333364966618,6.53564857659886,6.48797272402534,6.50765887848243
589,Dist L1,1340,5,Additive0.015,443601,2232,33,6.60346845677568,6.6200476501989,6.63346845677568,,6.52833442560995,6.5333364966618,6.53564857659885,6.48797272402534,6.50765887848243
590,Oracle,1340,5,Additive0.015,53600,40,4,6.59492236271415,6.62088674787426,6.62492236271415,,6.52870961969018,6.53397052852044,6.53612975076214,6.48934696055063,6.50837183104176
590,Oracle Vector,1340,5,Additive0.015,1546360,1401,10,6.6050476501989,6.62088674787426,6.6350476501989,,6.52870961969019,6.53397052852044,6.53612975076214,6.48934696055063,6.50837183104176
590,Value,1340,5,Additive0.015,416801,2199,31,6.60191495373281,6.62088674787426,6.63191495373281,,6.52870961969019,6.53397052852044,6.53612975076214,6.48934696055063,6.50837183104176
590,Vector,1340,5,Additive0.015,1999280,1798,16,6.60174216491924,6.62088674787426,6.63174216491924,,6.52870961969019,6.53397052852044,6.53612975076214,6.48934696055063,6.50837183104176
590,Dist L1,1340,5,Additive0.015,443601,2232,33,6.60346845677568,6.62088674787426,6.63346845677568,,6.52870961969019,6.53397052852044,6.53612975076214,6.48934696055063,6.50837183104176
591,Oracle,1340,5,Additive0.015,53600,40,4,6.59492236271415,6.62199619865184,6.62492236271415,,6.53044026013418,6.53497472834913,6.53659260092722,6.49022218211058,6.50918611092648
591,Oracle Vector,1340,5,Additive0.015,1546360,1401,10,6.6050476501989,6.62199619865184,6.6350476501989,,6.53044026013418,6.53497472834913,6.53659260092722,6.49022218211058,6.50918611092648
591,Value,1340,5,Additive0.015,416801,2199,31,6.60191495373281,6.62199619865185,6.63191495373281,,6.53044026013418,6.53497472834913,6.53659260092722,6.49022218211058,6.50918611092648
591,Vector,1340,5,Additive0.015,2012680,1810,17,6.60699619865185,6.62199619865185,6.63699619865185,,6.53044026013418,6.53497472834913,6.53659260092722,6.49022218211058,6.50918611092648
591,Dist L1,1340,5,Additive0.015,443601,2232,33,6.60346845677568,6.62199619865185,6.63346845677568,,6.53044026013418,6.53497472834913,6.53659260092722,6.49022218211058,6.50918611092648
592,Oracle,1340,5,Additive0.015,53600,40,4,6.59492236271415,6.62389229318637,6.62492236271415,,6.53191038277639,6.53696021315916,6.53789697620368,6.49132410670143,6.51083054299191
592,Oracle Vector,1340,5,Additive0.015,1546360,1401,10,6.6050476501989,6.62389229318637,6.6350476501989,,6.53191038277639,6.53696021315916,6.53789697620368,6.49132410670143,6.51083054299191
592,Value,1340,5,Additive0.015,416801,2199,31,6.60191495373281,6.62389229318637,6.63191495373281,,6.53191038277639,6.53696021315916,6.53789697620368,6.49132410670143,6.51083054299191
592,Vector,1340,5,Additive0.015,2012680,1810,17,6.60699619865185,6.62389229318637,6.63699619865185,,6.5319103827764,6.53696021315917,6.53789697620368,6.49132410670143,6.51083054299191
592,Dist L1,1340,5,Additive0.015,443601,2232,33,6.60346845677568,6.62389229318637,6.63346845677568,,6.53191038277639,6.53696021315917,6.53789697620368,6.49132410670143,6.51083054299191
593,Oracle,1340,5,Additive0.015,67000,50,5,6.61020813462228,6.62520813462228,6.64020813462228,,6.53442841988477,6.5380391638285,6.53764558149585,6.49262016591771,6.5117720265931
593,Oracle Vector,1340,5,Additive0.015,1546360,1401,10,6.6050476501989,6.62520813462228,6.6350476501989,,6.53442841988477,6.5380391638285,6.53764558149585,6.49262016591771,6.5117720265931
593,Value,1340,5,Additive0.015,416801,2199,31,6.60191495373281,6.62520813462228,6.63191495373281,,6.53442841988477,6.5380391638285,6.53764558149585,6.49262016591771,6.5117720265931
593,Vector,1340,5,Additive0.015,2012680,1810,17,6.60699619865185,6.62520813462228,6.63699619865185,,6.53442841988477,6.5380391638285,6.53764558149585,6.49262016591771,6.5117720265931
593,Dist L1,1340,5,Additive0.015,443601,2232,33,6.60346845677568,6.62520813462228,6.63346845677568,,6.53442841988477,6.5380391638285,6.53764558149585,6.49262016591771,6.5117720265931
594,Oracle,1340,5,Additive0.015,67000,50,5,6.61020813462228,6.6261802782779,6.64020813462228,,6.5362592596344,6.54025340216447,6.53782232952298,6.49331456128006,6.51188197788849
594,Oracle Vector,1340,5,Additive0.015,1546360,1401,10,6.6050476501989,6.6261802782779,6.6350476501989,,6.5362592596344,6.54025340216447,6.53782232952298,6.49331456128006,6.5118819778885
594,Value,1340,5,Additive0.015,416801,2199,31,6.60191495373281,6.6261802782779,6.63191495373281,,6.5362592596344,6.54025340216447,6.53782232952298,6.49331456128006,6.5118819778885
594,Vector,1340,5,Additive0.015,2012680,1810,17,6.60699619865185,6.6261802782779,6.63699619865185,,6.5362592596344,6.54025340216447,6.53782232952298,6.49331456128006,6.51188197788849
594,Dist L1,1340,5,Additive0.015,443601,2232,33,6.60346845677568,6.6261802782779,6.63346845677568,,6.5362592596344,6.54025340216447,6.53782232952298,6.49331456128006,6.51188197788849
595,Oracle,1340,5,Additive0.015,67000,50,5,6.61020813462228,6.6268762458124,6.64020813462228,,6.53782762986194,6.54180111523835,6.53718939126047,6.49413601777663,6.51136972497123
595,Oracle Vector,1340,5,Additive0.015,1546360,1401,10,6.6050476501989,6.6268762458124,6.6350476501989,,6.53782762986194,6.54180111523835,6.53718939126047,6.49413601777663,6.51136972497123
595,Value,1340,5,Additive0.015,416805,2204,31,6.60191495373281,6.6268762458124,6.63191495373281,,6.53782762986194,6.54180111523835,6.53718939126047,6.49413601777663,6.51136972497123
595,Vector,1340,5,Additive0.015,2012680,1810,17,6.60699619865185,6.6268762458124,6.63699619865185,,6.53782762986194,6.54180111523835,6.53718939126047,6.49413601777663,6.51136972497123
595,Dist L1,1340,5,Additive0.015,443601,2232,33,6.60346845677568,6.6268762458124,6.63346845677568,,6.53782762986194,6.54180111523835,6.53718939126047,6.49413601777663,6.51136972497123
596,Oracle,1340,5,Additive0.015,67000,50,5,6.61020813462228,6.62798875211217,6.64020813462228,,6.53931654449883,6.54270122003008,6.53755111259885,6.49566289443375,6.51260404645586
596,Oracle Vector,1340,5,Additive0.015,1546360,1401,10,6.6050476501989,6.62798875211217,6.6350476501989,,6.53931654449883,6.54270122003009,6.53755111259885,6.49566289443376,6.51260404645586
596,Vector,1340,5,Additive0.015,2012680,1810,17,6.60699619865185,6.62798875211217,6.63699619865185,,6.53931654449883,6.54270122003009,6.53755111259885,6.49566289443376,6.51260404645586
596,Value,1340,5,Additive0.015,416811,2211,31,6.60191495373281,6.62798875211217,6.63191495373281,,6.53931654449883,6.54270122003009,6.53755111259885,6.49566289443376,6.51260404645586
596,Dist L1,1340,5,Additive0.015,443605,2237,33,6.60346845677568,6.62798875211217,6.63346845677568,,6.53931654449883,6.54270122003009,6.53755111259885,6.49566289443376,6.51260404645586
597,Oracle,1340,5,Additive0.015,67000,50,5,6.61020813462228,6.62918323657611,6.64020813462228,,6.54139910899759,6.54374424878992,6.53779966251291,6.4967498291943,6.51362656221946
597,Value,1340,5,Additive0.015,416821,2223,31,6.60191495373281,6.62918323657612,6.63191495373281,,6.54139910899759,6.54374424878992,6.53779966251291,6.4967498291943,6.51362656221946
597,Oracle Vector,1340,5,Additive0.015,1551720,1406,10,6.6050476501989,6.62918323657611,6.6350476501989,,6.54139910899759,6.54374424878992,6.53779966251291,6.4967498291943,6.51362656221946
597,Vector,1340,5,Additive0.015,2012680,1810,17,6.60699619865185,6.62918323657612,6.63699619865185,,6.54139910899759,6.54374424878992,6.53779966251291,6.4967498291943,6.51362656221946
597,Dist L1,1340,5,Additive0.015,443611,2244,33,6.60346845677568,6.62918323657612,6.63346845677568,,6.54139910899759,6.54374424878992,6.53779966251291,6.4967498291943,6.51362656221946
598,Oracle,1340,5,Additive0.015,67000,50,5,6.61020813462228,6.63057515982675,6.64020813462228,,6.54397423583236,6.54538416906152,6.53846731416866,6.49765598484822,6.5146685157956
598,Oracle Vector,1340,5,Additive0.015,1559760,1413,10,6.6050476501989,6.63057515982675,6.6350476501989,,6.54397423583236,6.54538416906152,6.53846731416866,6.49765598484822,6.5146685157956
598,Vector,1340,5,Additive0.015,2018040,1815,17,6.60699619865185,6.63057515982675,6.63699619865185,,6.54397423583236,6.54538416906152,6.53846731416866,6.49765598484822,6.5146685157956
598,Value,1340,5,Additive0.015,430226,2243,32,6.61557515982675,6.63057515982675,6.64557515982675,,6.54397423583236,6.54538416906152,6.53846731416866,6.49765598484822,6.5146685157956
598,Dist L1,1340,5,Additive0.015,443621,2256,33,6.60346845677568,6.63057515982675,6.63346845677568,,6.54397423583236,6.54538416906152,6.53846731416866,6.49765598484822,6.5146685157956
599,Oracle,1340,5,Additive0.015,67000,50,5,6.61020813462228,6.63126030774097,6.64020813462228,,6.54577325452647,6.54673692343205,6.53920468855201,6.4982504292159,6.51412515635413
599,Vector,1340,5,Additive0.015,2023400,1820,17,6.60699619865185,6.63126030774097,6.63699619865185,,6.54577325452647,6.54673692343206,6.53920468855201,6.4982504292159,6.51412515635413
599,Value,1340,5,Additive0.015,430226,2243,32,6.61557515982675,6.63126030774097,6.64557515982675,,6.54577325452647,6.54673692343206,6.53920468855201,6.4982504292159,6.51412515635413
599,Oracle Vector,1340,5,Additive0.015,1570480,1423,10,6.6050476501989,6.63126030774097,6.6350476501989,,6.54577325452647,6.54673692343205,6.53920468855201,6.4982504292159,6.51412515635413
599,Dist L1,1340,5,Additive0.015,457026,2278,34,6.61626030774097,6.63126030774097,6.64626030774097,,6.54577325452647,6.54673692343206,6.53920468855201,6.4982504292159,6.51412515635413
600,Oracle,1340,5,Additive0.015,67000,50,5,6.61020813462228,6.63188091942551,6.64020813462228,,6.54694663274474,6.54843115439797,6.53960608721977,6.49738099624323,6.51384470354233
600,Oracle Vector,1340,5,Additive0.015,1570480,1423,10,6.6050476501989,6.63188091942551,6.6350476501989,,6.54694663274474,6.54843115439797,6.53960608721977,6.49738099624323,6.51384470354233
600,Value,1340,5,Additive0.015,430226,2243,32,6.61557515982675,6.63188091942551,6.64557515982675,,6.54694663274474,6.54843115439797,6.53960608721977,6.49738099624323,6.51384470354233
600,Vector,1340,5,Additive0.015,2028760,1825,17,6.60699619865185,6.63188091942551,6.63699619865185,,6.54694663274474,6.54843115439797,6.53960608721977,6.49738099624323,6.51384470354233
600,Dist L1,1340,5,Additive0.015,457026,2278,34,6.61626030774097,6.63188091942551,6.64626030774097,,6.54694663274474,6.54843115439797,6.53960608721977,6.49738099624323,6.51384470354233
601,Oracle,1340,5,Additive0.015,67000,50,5,6.61020813462228,6.63303441838784,6.64020813462228,,6.54904323080302,6.55056654822624,6.54028288735477,6.49701856568158,6.51466627420738
601,Value,1340,5,Additive0.015,430226,2243,32,6.61557515982675,6.63303441838784,6.64557515982675,,6.54904323080302,6.55056654822624,6.54028288735477,6.49701856568158,6.51466627420738
601,Vector,1340,5,Additive0.015,2034120,1830,17,6.60699619865185,6.63303441838784,6.63699619865185,,6.54904323080302,6.55056654822624,6.54028288735477,6.49701856568158,6.51466627420738
601,Oracle Vector,1340,5,Additive0.015,1583880,1434,11,6.61803441838784,6.63303441838784,6.64803441838784,,6.54904323080302,6.55056654822624,6.54028288735477,6.49701856568158,6.51466627420738
601,Dist L1,1340,5,Additive0.015,457026,2278,34,6.61626030774097,6.63303441838784,6.64626030774097,,6.54904323080302,6.55056654822624,6.54028288735477,6.49701856568158,6.51466627420738
602,Oracle,1340,5,Additive0.015,67000,50,5,6.61020813462228,6.63431048473817,6.64020813462228,,6.55143414418246,6.55271148044067,6.54081538723117,6.49755550618846,6.5152444751988
602,Oracle Vector,1340,5,Additive0.015,1583880,1434,11,6.61803441838784,6.63431048473817,6.64803441838784,,6.55143414418247,6.55271148044067,6.54081538723117,6.49755550618846,6.5152444751988
602,Value,1340,5,Additive0.015,430226,2243,32,6.61557515982675,6.63431048473817,6.64557515982675,,6.55143414418247,6.55271148044067,6.54081538723117,6.49755550618846,6.5152444751988
602,Vector,1340,5,Additive0.015,2047520,1841,17,6.60699619865185,6.63431048473817,6.63699619865185,,6.55143414418247,6.55271148044067,6.54081538723117,6.49755550618846,6.5152444751988
602,Dist L1,1340,5,Additive0.015,457026,2278,34,6.61626030774097,6.63431048473817,6.64626030774097,,6.55143414418247,6.55271148044067,6.54081538723117,6.49755550618846,6.5152444751988
603,Oracle,1340,5,Additive0.015,67000,50,5,6.61020813462228,6.6349407038266,6.64020813462228,,6.5530163882377,6.55469389238307,6.5409480201,6.49754875340931,6.5151427214744
603,Oracle Vector,1340,5,Additive0.015,1583880,1434,11,6.61803441838784,6.6349407038266,6.64803441838784,,6.55301638823769,6.55469389238307,6.5409480201,6.49754875340931,6.5151427214744
603,Value,1340,5,Additive0.015,430226,2243,32,6.61557515982675,6.6349407038266,6.64557515982675,,6.55301638823769,6.55469389238307,6.5409480201,6.49754875340931,6.5151427214744
603,Vector,1340,5,Additive0.015,2060920,1852,18,6.6199407038266,6.6349407038266,6.6499407038266,,6.55301638823769,6.55469389238307,6.5409480201,6.49754875340931,6.5151427214744
603,Dist L1,1340,5,Additive0.015,457026,2278,34,6.61626030774097,6.6349407038266,6.64626030774097,,6.55301638823769,6.55469389238307,6.5409480201,6.49754875340931,6.5151427214744
604,Oracle,1340,5,Additive0.015,67000,50,5,6.61020813462228,6.63528482421933,6.64020813462228,,6.55438247890699,6.5557542432052,6.54175574815314,6.49655446829809,6.51437219565845
604,Value,1340,5,Additive0.015,430226,2243,32,6.61557515982675,6.63528482421933,6.64557515982675,,6.554382478907,6.5557542432052,6.54175574815314,6.49655446829809,6.51437219565845
604,Vector,1340,5,Additive0.015,2060920,1852,18,6.6199407038266,6.63528482421933,6.6499407038266,,6.554382478907,6.5557542432052,6.54175574815314,6.49655446829809,6.51437219565845
604,Oracle Vector,1340,5,Additive0.015,1583880,1434,11,6.61803441838784,6.63528482421933,6.64803441838784,,6.554382478907,6.5557542432052,6.54175574815314,6.49655446829809,6.51437219565845
604,Dist L1,1340,5,Additive0.015,457026,2278,34,6.61626030774097,6.63528482421933,6.64626030774097,,6.554382478907,6.5557542432052,6.54175574815314,6.49655446829809,6.51437219565845
605,Oracle,1340,5,Additive0.015,67000,50,5,6.61020813462228,6.635814692516,6.64020813462228,,6.55452007163068,6.55772681725412,6.54222376510671,6.49591391933337,6.51486233637466
605,Oracle Vector,1340,5,Additive0.015,1583880,1434,11,6.61803441838784,6.635814692516,6.64803441838784,,6.55452007163068,6.55772681725412,6.54222376510671,6.49591391933337,6.51486233637466
605,Vector,1340,5,Additive0.015,2060920,1852,18,6.6199407038266,6.635814692516,6.6499407038266,,6.55452007163068,6.55772681725412,6.54222376510671,6.49591391933337,6.51486233637466
605,Value,1340,5,Additive0.015,430226,2243,32,6.61557515982675,6.635814692516,6.64557515982675,,6.55452007163068,6.55772681725412,6.54222376510671,6.49591391933337,6.51486233637466
605,Dist L1,1340,5,Additive0.015,457026,2278,34,6.61626030774097,6.635814692516,6.64626030774097,,6.55452007163068,6.55772681725412,6.54222376510671,6.49591391933337,6.51486233637466
606,Oracle,1340,5,Additive0.015,67000,50,5,6.61020813462228,6.63636447055138,6.64020813462228,,6.55446000507601,6.55869818189484,6.5425336425046,6.49565398374031,6.51560444377803
606,Oracle Vector,1340,5,Additive0.015,1583880,1434,11,6.61803441838784,6.63636447055138,6.64803441838784,,6.55446000507601,6.55869818189484,6.5425336425046,6.49565398374031,6.51560444377803
606,Vector,1340,5,Additive0.015,2060920,1852,18,6.6199407038266,6.63636447055138,6.6499407038266,,6.55446000507601,6.55869818189484,6.5425336425046,6.49565398374031,6.51560444377803
606,Value,1340,5,Additive0.015,430226,2243,32,6.61557515982675,6.63636447055138,6.64557515982675,,6.55446000507601,6.55869818189484,6.5425336425046,6.49565398374031,6.51560444377803
606,Dist L1,1340,5,Additive0.015,457026,2278,34,6.61626030774097,6.63636447055138,6.64626030774097,,6.55446000507601,6.55869818189484,6.5425336425046,6.49565398374031,6.51560444377803
607,Oracle,1340,5,Additive0.015,67000,50,5,6.61020813462228,6.63659703220071,6.64020813462228,,6.55562245836129,6.5599541369665,6.54171979418796,6.49586770548439,6.5149409848346
607,Oracle Vector,1340,5,Additive0.015,1583880,1434,11,6.61803441838784,6.63659703220071,6.64803441838784,,6.55562245836129,6.5599541369665,6.54171979418796,6.49586770548439,6.5149409848346
607,Value,1340,5,Additive0.015,430226,2243,32,6.61557515982675,6.63659703220071,6.64557515982675,,6.55562245836129,6.5599541369665,6.54171979418796,6.49586770548439,6.5149409848346
607,Vector,1340,5,Additive0.015,2060920,1852,18,6.6199407038266,6.63659703220071,6.6499407038266,,6.55562245836129,6.5599541369665,6.54171979418796,6.49586770548439,6.5149409848346
607,Dist L1,1340,5,Additive0.015,457026,2278,34,6.61626030774097,6.63659703220071,6.64626030774097,,6.55562245836129,6.5599541369665,6.54171979418796,6.49586770548439,6.5149409848346
608,Oracle,1340,5,Additive0.015,67000,50,5,6.61020813462228,6.63659308714097,6.64020813462228,,6.55620413372774,6.56084029302461,6.54192004843732,6.49511439461981,6.51453943378755
608,Value,1340,5,Additive0.015,430226,2243,32,6.61557515982675,6.63659308714098,6.64557515982675,,6.55620413372774,6.56084029302461,6.54192004843732,6.49511439461981,6.51453943378755
608,Oracle Vector,1340,5,Additive0.015,1583880,1434,11,6.61803441838784,6.63659308714098,6.64803441838784,,6.55620413372774,6.56084029302461,6.54192004843732,6.49511439461981,6.51453943378755
608,Vector,1340,5,Additive0.015,2060920,1852,18,6.6199407038266,6.63659308714097,6.6499407038266,,6.55620413372774,6.56084029302461,6.54192004843732,6.49511439461981,6.51453943378755
608,Dist L1,1340,5,Additive0.015,457026,2278,34,6.61626030774097,6.63659308714098,6.64626030774097,,6.55620413372774,6.56084029302461,6.54192004843732,6.49511439461981,6.51453943378755
609,Oracle,1340,5,Additive0.015,67000,50,5,6.61020813462228,6.63613165459134,6.64020813462228,,6.55610393324889,6.56128918146761,6.54169641368404,6.49398276321532,6.51418411909655
609,Oracle Vector,1340,5,Additive0.015,1583880,1434,11,6.61803441838784,6.63613165459134,6.64803441838784,,6.55610393324888,6.56128918146761,6.54169641368404,6.49398276321533,6.51418411909656
609,Value,1340,5,Additive0.015,430226,2243,32,6.61557515982675,6.63613165459134,6.64557515982675,,6.55610393324889,6.56128918146761,6.54169641368404,6.49398276321533,6.51418411909655
609,Vector,1340,5,Additive0.015,2060920,1852,18,6.6199407038266,6.63613165459134,6.6499407038266,,6.55610393324889,6.56128918146761,6.54169641368404,6.49398276321533,6.51418411909656
609,Dist L1,1340,5,Additive0.015,457026,2278,34,6.61626030774097,6.63613165459134,6.64626030774097,,6.55610393324889,6.56128918146761,6.54169641368404,6.49398276321533,6.51418411909655
610,Oracle,1340,5,Additive0.015,67000,50,5,6.61020813462228,6.6360702486372,6.64020813462228,,6.55605191640651,6.56191673683807,6.54200126489036,6.49410778913054,6.5137397714477
610,Oracle Vector,1340,5,Additive0.015,1583880,1434,11,6.61803441838784,6.6360702486372,6.64803441838784,,6.55605191640651,6.56191673683807,6.54200126489036,6.49410778913053,6.5137397714477
610,Vector,1340,5,Additive0.015,2060920,1852,18,6.6199407038266,6.6360702486372,6.6499407038266,,6.55605191640651,6.56191673683807,6.54200126489036,6.49410778913053,6.5137397714477
610,Value,1340,5,Additive0.015,430226,2243,32,6.61557515982675,6.6360702486372,6.64557515982675,,6.55605191640651,6.56191673683807,6.54200126489036,6.49410778913053,6.5137397714477
610,Dist L1,1340,5,Additive0.015,457026,2278,34,6.61626030774097,6.6360702486372,6.64626030774097,,6.55605191640651,6.56191673683807,6.54200126489036,6.49410778913053,6.5137397714477
611,Oracle,1340,5,Additive0.015,67000,50,5,6.61020813462228,6.63614819511959,6.64020813462228,,6.55585603749347,6.56267237469865,6.54208580934278,6.49438401274086,6.51351037348559
611,Oracle Vector,1340,5,Additive0.015,1583880,1434,11,6.61803441838784,6.63614819511959,6.64803441838784,,6.55585603749347,6.56267237469865,6.54208580934278,6.49438401274086,6.51351037348559
611,Vector,1340,5,Additive0.015,2060920,1852,18,6.6199407038266,6.63614819511959,6.6499407038266,,6.55585603749347,6.56267237469865,6.54208580934278,6.49438401274087,6.51351037348559
611,Value,1340,5,Additive0.015,430226,2243,32,6.61557515982675,6.63614819511959,6.64557515982675,,6.55585603749347,6.56267237469865,6.54208580934278,6.49438401274086,6.51351037348559
611,Dist L1,1340,5,Additive0.015,457026,2278,34,6.61626030774097,6.63614819511959,6.64626030774097,,6.55585603749347,6.56267237469865,6.54208580934278,6.49438401274086,6.51351037348559
612,Oracle,1340,5,Additive0.015,67000,50,5,6.61020813462228,6.63619711391925,6.64020813462228,,6.55604662532756,6.56329256773436,6.54213781160322,6.49381760228611,6.51396766758695
612,Oracle Vector,1340,5,Additive0.015,1583880,1434,11,6.61803441838784,6.63619711391925,6.64803441838784,,6.55604662532756,6.56329256773436,6.54213781160322,6.49381760228611,6.51396766758695
612,Vector,1340,5,Additive0.015,2060920,1852,18,6.6199407038266,6.63619711391925,6.6499407038266,,6.55604662532756,6.56329256773436,6.54213781160322,6.49381760228611,6.51396766758695
612,Value,1340,5,Additive0.015,430230,2248,32,6.61557515982675,6.63619711391925,6.64557515982675,,6.55604662532756,6.56329256773436,6.54213781160322,6.49381760228611,6.51396766758695
612,Dist L1,1340,5,Additive0.015,457026,2278,34,6.61626030774097,6.63619711391925,6.64626030774097,,6.55604662532756,6.56329256773436,6.54213781160322,6.49381760228611,6.51396766758695
613,Oracle,1340,5,Additive0.015,67000,50,5,6.61020813462228,6.63597211803461,6.64020813462228,,6.55619612443815,6.56414290538774,6.5414442675154,6.49261764506303,6.51468099464293
613,Oracle Vector,1340,5,Additive0.015,1583880,1434,11,6.61803441838784,6.63597211803461,6.64803441838784,,6.55619612443815,6.56414290538774,6.5414442675154,6.49261764506303,6.51468099464293
613,Vector,1340,5,Additive0.015,2060920,1852,18,6.6199407038266,6.63597211803461,6.6499407038266,,6.55619612443816,6.56414290538774,6.5414442675154,6.49261764506303,6.51468099464293
613,Value,1340,5,Additive0.015,430230,2248,32,6.61557515982675,6.63597211803461,6.64557515982675,,6.55619612443816,6.56414290538774,6.5414442675154,6.49261764506303,6.51468099464293
613,Dist L1,1340,5,Additive0.015,457026,2278,34,6.61626030774097,6.63597211803461,6.64626030774097,,6.55619612443816,6.56414290538774,6.5414442675154,6.49261764506303,6.51468099464293
614,Oracle,1340,5,Additive0.015,67000,50,5,6.61020813462228,6.63532193331534,6.64020813462228,,6.55587206784545,6.56369202223698,6.54156344773582,6.49066584996555,6.51525457315468
614,Oracle Vector,1340,5,Additive0.015,1583880,1434,11,6.61803441838784,6.63532193331533,6.64803441838784,,6.55587206784545,6.56369202223698,6.54156344773582,6.49066584996556,6.51525457315468
614,Value,1340,5,Additive0.015,430234,2253,32,6.61557515982675,6.63532193331533,6.64557515982675,,6.55587206784545,6.56369202223698,6.54156344773582,6.49066584996555,6.51525457315468
614,Vector,1340,5,Additive0.015,2066280,1857,18,6.6199407038266,6.63532193331533,6.6499407038266,,6.55587206784545,6.56369202223698,6.54156344773582,6.49066584996555,6.51525457315468
614,Dist L1,1340,5,Additive0.015,457030,2283,34,6.61626030774097,6.63532193331533,6.64626030774097,,6.55587206784545,6.56369202223698,6.54156344773582,6.49066584996555,6.51525457315468
615,Oracle,1340,5,Additive0.015,67000,50,5,6.61020813462228,6.63521962037061,6.64020813462228,,6.5562637679009,6.56394402876402,6.54055572910537,6.48962700366785,6.51600033883074
615,Oracle Vector,1340,5,Additive0.015,1583880,1434,11,6.61803441838784,6.63521962037061,6.64803441838784,,6.5562637679009,6.56394402876402,6.54055572910537,6.48962700366785,6.51600033883075
615,Vector,1340,5,Additive0.015,2066280,1857,18,6.6199407038266,6.63521962037061,6.6499407038266,,6.5562637679009,6.56394402876402,6.54055572910537,6.48962700366785,6.51600033883075
615,Value,1340,5,Additive0.015,430238,2258,32,6.61557515982675,6.63521962037061,6.64557515982675,,6.5562637679009,6.56394402876402,6.54055572910537,6.48962700366785,6.51600033883075
615,Dist L1,1340,5,Additive0.015,457030,2283,34,6.61626030774097,6.63521962037061,6.64626030774097,,6.5562637679009,6.56394402876402,6.54055572910537,6.48962700366785,6.51600033883074
616,Oracle,1340,5,Additive0.015,67000,50,5,6.61020813462228,6.63509143123935,6.64020813462228,,6.55609034499101,6.56515445185436,6.54030614226765,6.49008689939436,6.51574911655221
616,Oracle Vector,1340,5,Additive0.015,1583880,1434,11,6.61803441838784,6.63509143123935,6.64803441838784,,6.55609034499101,6.56515445185436,6.54030614226765,6.49008689939436,6.51574911655221
616,Vector,1340,5,Additive0.015,2066280,1857,18,6.6199407038266,6.63509143123935,6.6499407038266,,6.55609034499102,6.56515445185436,6.54030614226765,6.49008689939436,6.51574911655221
616,Value,1340,5,Additive0.015,430238,2258,32,6.61557515982675,6.63509143123935,6.64557515982675,,6.55609034499101,6.56515445185436,6.54030614226765,6.49008689939436,6.51574911655221
616,Dist L1,1340,5,Additive0.015,457034,2288,34,6.61626030774097,6.63509143123935,6.64626030774097,,6.55609034499102,6.56515445185436,6.54030614226765,6.49008689939436,6.51574911655221
617,Oracle,1340,5,Additive0.015,67000,50,5,6.61020813462228,6.63458414208256,6.64020813462228,,6.55567970848235,6.56629044203178,6.5402973317223,6.48920276446333,6.51500247394219
617,Oracle Vector,1340,5,Additive0.015,1583880,1434,11,6.61803441838784,6.63458414208256,6.64803441838784,,6.55567970848235,6.56629044203178,6.5402973317223,6.48920276446333,6.51500247394219
617,Vector,1340,5,Additive0.015,2066280,1857,18,6.6199407038266,6.63458414208256,6.6499407038266,,6.55567970848235,6.56629044203178,6.5402973317223,6.48920276446333,6.51500247394219
617,Value,1340,5,Additive0.015,430238,2258,32,6.61557515982675,6.63458414208256,6.64557515982675,,6.55567970848235,6.56629044203178,6.5402973317223,6.48920276446333,6.51500247394219
617,Dist L1,1340,5,Additive0.015,457038,2293,34,6.61626030774097,6.63458414208256,6.64626030774097,,6.55567970848235,6.56629044203178,6.5402973317223,6.48920276446333,6.51500247394219
618,Oracle,1340,5,Additive0.015,67000,50,5,6.61020813462228,6.6340849010573,6.64020813462228,,6.55621648148233,6.56690133353624,6.54000361439958,6.48762554369696,6.51397458190122
618,Oracle Vector,1340,5,Additive0.015,1589240,1439,11,6.61803441838784,6.6340849010573,6.64803441838784,,6.55621648148233,6.56690133353624,6.54000361439958,6.48762554369696,6.51397458190122
618,Value,1340,5,Additive0.015,430242,2263,32,6.61557515982675,6.6340849010573,6.64557515982675,,6.55621648148233,6.56690133353624,6.54000361439958,6.48762554369696,6.51397458190122
618,Vector,1340,5,Additive0.015,2074320,1864,18,6.6199407038266,6.6340849010573,6.6499407038266,,6.55621648148233,6.56690133353624,6.54000361439958,6.48762554369696,6.51397458190122
618,Dist L1,1340,5,Additive0.015,457044,2300,34,6.61626030774097,6.6340849010573,6.64626030774097,,6.55621648148234,6.56690133353624,6.54000361439958,6.48762554369696,6.51397458190122
619,Oracle,1340,5,Additive0.015,67000,50,5,6.61020813462228,6.63347114397318,6.64020813462228,,6.55587536577983,6.56691386805398,6.53930757771486,6.48586412211761,6.51440025334453
619,Oracle Vector,1340,5,Additive0.015,1594600,1444,11,6.61803441838784,6.63347114397318,6.64803441838784,,6.55587536577983,6.56691386805398,6.53930757771486,6.48586412211761,6.51440025334453
619,Vector,1340,5,Additive0.015,2074320,1864,18,6.6199407038266,6.63347114397318,6.6499407038266,,6.55587536577983,6.56691386805398,6.53930757771486,6.48586412211762,6.51440025334453
619,Value,1340,5,Additive0.015,430246,2268,32,6.61557515982675,6.63347114397318,6.64557515982675,,6.55587536577983,6.56691386805398,6.53930757771486,6.48586412211762,6.51440025334453
619,Dist L1,1340,5,Additive0.015,457044,2300,34,6.61626030774097,6.63347114397318,6.64626030774097,,6.55587536577983,6.56691386805398,6.53930757771486,6.48586412211762,6.51440025334453
620,Oracle,1340,5,Additive0.015,67000,50,5,6.61020813462228,6.63353846338971,6.64020813462228,,6.55545808321692,6.56657172251581,6.53944577443218,6.48644655032491,6.51513961701627
620,Oracle Vector,1340,5,Additive0.015,1594600,1444,11,6.61803441838784,6.63353846338971,6.64803441838784,,6.55545808321691,6.56657172251581,6.53944577443218,6.48644655032491,6.51513961701627
620,Vector,1340,5,Additive0.015,2074320,1864,18,6.6199407038266,6.63353846338971,6.6499407038266,,6.55545808321691,6.56657172251581,6.53944577443218,6.48644655032491,6.51513961701627
620,Value,1340,5,Additive0.015,430252,2275,32,6.61557515982675,6.63353846338971,6.64557515982675,,6.55545808321691,6.56657172251581,6.53944577443218,6.48644655032491,6.51513961701627
620,Dist L1,1340,5,Additive0.015,457048,2305,34,6.61626030774097,6.63353846338971,6.64626030774097,,6.55545808321691,6.56657172251581,6.53944577443218,6.48644655032491,6.51513961701627
621,Oracle,1340,5,Additive0.015,67000,50,5,6.61020813462228,6.6339989378145,6.64020813462228,,6.55628435537868,6.56757611792397,6.5397974801976,6.4855577527153,6.51418236693632
621,Oracle Vector,1340,5,Additive0.015,1594600,1444,11,6.61803441838784,6.6339989378145,6.64803441838784,,6.55628435537868,6.56757611792397,6.5397974801976,6.4855577527153,6.51418236693632
621,Value,1340,5,Additive0.015,430252,2275,32,6.61557515982675,6.6339989378145,6.64557515982675,,6.55628435537868,6.56757611792397,6.5397974801976,6.4855577527153,6.51418236693632
621,Vector,1340,5,Additive0.015,2074320,1864,18,6.6199407038266,6.6339989378145,6.6499407038266,,6.55628435537868,6.56757611792397,6.5397974801976,6.4855577527153,6.51418236693632
621,Dist L1,1340,5,Additive0.015,457048,2305,34,6.61626030774097,6.6339989378145,6.64626030774097,,6.55628435537868,6.56757611792397,6.5397974801976,6.4855577527153,6.51418236693632
622,Oracle,1340,5,Additive0.015,67000,50,5,6.61020813462228,6.63441128396007,6.64020813462228,,6.55571201029659,6.56882892901268,6.54098986196886,6.48497127439341,6.51399330346222
622,Oracle Vector,1340,5,Additive0.015,1594600,1444,11,6.61803441838784,6.63441128396007,6.64803441838784,,6.55571201029659,6.56882892901268,6.54098986196886,6.48497127439342,6.51399330346222
622,Value,1340,5,Additive0.015,430262,2288,32,6.61557515982675,6.63441128396007,6.64557515982675,,6.55571201029659,6.56882892901268,6.54098986196886,6.48497127439342,6.51399330346222
622,Vector,1340,5,Additive0.015,2079680,1869,18,6.6199407038266,6.63441128396007,6.6499407038266,,6.55571201029659,6.56882892901268,6.54098986196886,6.48497127439342,6.51399330346222
622,Dist L1,1340,5,Additive0.015,457052,2310,34,6.61626030774097,6.63441128396007,6.64626030774097,,6.55571201029659,6.56882892901268,6.54098986196886,6.48497127439342,6.51399330346222
623,Oracle,1340,5,Additive0.015,67000,50,5,6.61020813462228,6.63454719194251,6.64020813462228,,6.55524165890447,6.56933786817594,6.54158802759279,6.48391005789331,6.51381862362322
623,Oracle Vector,1340,5,Additive0.015,1594600,1444,11,6.61803441838784,6.63454719194251,6.64803441838784,,6.55524165890447,6.56933786817594,6.54158802759279,6.48391005789331,6.51381862362322
623,Value,1340,5,Additive0.015,430266,2293,32,6.61557515982675,6.63454719194251,6.64557515982675,,6.55524165890447,6.56933786817595,6.54158802759279,6.48391005789331,6.51381862362322
623,Vector,1340,5,Additive0.015,2079680,1869,18,6.6199407038266,6.63454719194251,6.6499407038266,,6.55524165890447,6.56933786817595,6.54158802759279,6.48391005789331,6.51381862362322
623,Dist L1,1340,5,Additive0.015,457062,2322,34,6.61626030774097,6.63454719194251,6.64626030774097,,6.55524165890447,6.56933786817595,6.54158802759279,6.48391005789331,6.51381862362322
624,Oracle,1340,5,Additive0.015,67000,50,5,6.61020813462228,6.63522444902198,6.64020813462228,,6.55523630955774,6.57074059843658,6.54220993996877,6.48297686083401,6.51527016903213
624,Oracle Vector,1340,5,Additive0.015,1594600,1444,11,6.61803441838784,6.63522444902198,6.64803441838784,,6.55523630955774,6.57074059843658,6.54220993996877,6.48297686083401,6.51527016903213
624,Value,1340,5,Additive0.015,430266,2293,32,6.61557515982675,6.63522444902198,6.64557515982675,,6.55523630955774,6.57074059843658,6.54220993996877,6.48297686083401,6.51527016903213
624,Vector,1340,5,Additive0.015,2079680,1869,18,6.6199407038266,6.63522444902198,6.6499407038266,,6.55523630955774,6.57074059843658,6.54220993996877,6.48297686083401,6.51527016903213
624,Dist L1,1340,5,Additive0.015,457066,2327,34,6.61626030774097,6.63522444902198,6.64626030774097,,6.55523630955774,6.57074059843658,6.54220993996877,6.48297686083401,6.51527016903213
625,Oracle,1340,5,Additive0.015,67000,50,5,6.61020813462228,6.63538482065134,6.64020813462228,,6.55034580654121,6.56897429190471,6.54253025948465,6.48438424506674,6.51747764000494
625,Oracle Vector,1340,5,Additive0.015,1594600,1444,11,6.61803441838784,6.63538482065134,6.64803441838784,,6.55034580654121,6.56897429190471,6.54253025948465,6.48438424506674,6.51747764000494
625,Value,1340,5,Additive0.015,430266,2293,32,6.61557515982675,6.63538482065133,6.64557515982675,,6.55034580654121,6.56897429190471,6.54253025948465,6.48438424506674,6.51747764000494
625,Vector,1340,5,Additive0.015,2079680,1869,18,6.6199407038266,6.63538482065134,6.6499407038266,,6.55034580654121,6.56897429190471,6.54253025948465,6.48438424506674,6.51747764000494
625,Dist L1,1340,5,Additive0.015,457066,2327,34,6.61626030774097,6.63538482065134,6.64626030774097,,6.55034580654121,6.56897429190471,6.54253025948465,6.48438424506674,6.51747764000494
626,Oracle,1340,5,Additive0.015,67000,50,5,6.61020813462228,6.63618976305903,6.64020813462228,,6.5504420972709,6.56993065614178,6.54396075020146,6.48466579453022,6.51821607211198
626,Oracle Vector,1340,5,Additive0.015,1594600,1444,11,6.61803441838784,6.63618976305903,6.64803441838784,,6.5504420972709,6.56993065614178,6.54396075020146,6.48466579453022,6.51821607211198
626,Value,1340,5,Additive0.015,430272,2300,32,6.61557515982675,6.63618976305903,6.64557515982675,,6.5504420972709,6.56993065614178,6.54396075020146,6.48466579453022,6.51821607211198
626,Vector,1340,5,Additive0.015,2085040,1874,18,6.6199407038266,6.63618976305903,6.6499407038266,,6.5504420972709,6.56993065614178,6.54396075020146,6.48466579453022,6.51821607211198
626,Dist L1,1340,5,Additive0.015,457066,2327,34,6.61626030774097,6.63618976305903,6.64626030774097,,6.5504420972709,6.56993065614178,6.54396075020146,6.48466579453022,6.51821607211198
627,Oracle,1340,5,Additive0.015,67000,50,5,6.61020813462228,6.63613829364586,6.64020813462228,,6.54935623732802,6.57076239883007,6.54393431295311,6.48373133254568,6.5187185592156
627,Oracle Vector,1340,5,Additive0.015,1599960,1449,11,6.61803441838784,6.63613829364586,6.64803441838784,,6.54935623732802,6.57076239883007,6.54393431295311,6.48373133254568,6.5187185592156
627,Vector,1340,5,Additive0.015,2085040,1874,18,6.6199407038266,6.63613829364586,6.6499407038266,,6.54935623732801,6.57076239883007,6.54393431295311,6.48373133254568,6.5187185592156
627,Value,1340,5,Additive0.015,430276,2305,32,6.61557515982675,6.63613829364586,6.64557515982675,,6.54935623732801,6.57076239883007,6.54393431295311,6.48373133254568,6.5187185592156
627,Dist L1,1340,5,Additive0.015,457076,2340,34,6.61626030774097,6.63613829364586,6.64626030774097,,6.54935623732801,6.57076239883007,6.54393431295311,6.48373133254568,6.5187185592156
628,Oracle,1340,5,Additive0.015,67000,50,5,6.61020813462228,6.63664098693112,6.64020813462228,,6.54917201502832,6.5715770153073,6.54547213312832,6.4842096908174,6.51838352225868
628,Oracle Vector,1340,5,Additive0.015,1608000,1456,11,6.61803441838784,6.63664098693112,6.64803441838784,,6.54917201502832,6.5715770153073,6.54547213312832,6.4842096908174,6.51838352225868
628,Vector,1340,5,Additive0.015,2085040,1874,18,6.6199407038266,6.63664098693112,6.6499407038266,,6.54917201502832,6.5715770153073,6.54547213312832,6.4842096908174,6.51838352225868
628,Value,1340,5,Additive0.015,430286,2317,32,6.61557515982675,6.63664098693112,6.64557515982675,,6.54917201502832,6.5715770153073,6.54547213312832,6.4842096908174,6.51838352225868
628,Dist L1,1340,5,Additive0.015,457090,2357,34,6.61626030774097,6.63664098693112,6.64626030774097,,6.54917201502832,6.5715770153073,6.54547213312832,6.4842096908174,6.51838352225868
629,Oracle,1340,5,Additive0.015,67000,50,5,6.61020813462228,6.63752766913899,6.64020813462228,,6.54992630731905,6.57307570418436,6.54654132261278,6.48420862346949,6.51990727300049
629,Oracle Vector,1340,5,Additive0.015,1608000,1456,11,6.61803441838784,6.63752766913899,6.64803441838784,,6.54992630731905,6.57307570418436,6.54654132261278,6.48420862346949,6.51990727300049
629,Value,1340,5,Additive0.015,430290,2322,32,6.61557515982675,6.63752766913899,6.64557515982675,,6.54992630731905,6.57307570418436,6.54654132261278,6.48420862346949,6.51990727300049
629,Vector,1340,5,Additive0.015,2085040,1874,18,6.6199407038266,6.63752766913899,6.6499407038266,,6.54992630731905,6.57307570418436,6.54654132261278,6.48420862346949,6.51990727300049
629,Dist L1,1340,5,Additive0.015,457104,2375,34,6.61626030774097,6.63752766913899,6.64626030774097,,6.54992630731905,6.57307570418436,6.54654132261278,6.48420862346949,6.51990727300049
630,Oracle,1340,5,Additive0.015,67000,50,5,6.61020813462228,6.63833573888821,6.64020813462228,,6.55067940054819,6.57416229067827,6.54839912600753,6.48481693679911,6.52029470849875
630,Oracle Vector,1340,5,Additive0.015,1608000,1456,11,6.61803441838784,6.63833573888821,6.64803441838784,,6.55067940054819,6.57416229067827,6.54839912600753,6.48481693679911,6.52029470849875
630,Value,1340,5,Additive0.015,430298,2331,32,6.61557515982675,6.63833573888821,6.64557515982675,,6.55067940054819,6.57416229067827,6.54839912600753,6.48481693679911,6.52029470849875
630,Vector,1340,5,Additive0.015,2085040,1874,18,6.6199407038266,6.63833573888821,6.6499407038266,,6.5506794005482,6.57416229067827,6.54839912600753,6.48481693679911,6.52029470849875
630,Dist L1,1340,5,Additive0.015,457108,2380,34,6.61626030774097,6.63833573888821,6.64626030774097,,6.5506794005482,6.57416229067827,6.54839912600753,6.48481693679911,6.52029470849875
631,Oracle,1340,5,Additive0.015,67000,50,5,6.61020813462228,6.63915496920184,6.64020813462228,,6.55214123882589,6.57588467446515,6.55048064892378,6.48557094385551,6.52102546216461
631,Oracle Vector,1340,5,Additive0.015,1613360,1461,11,6.61803441838784,6.63915496920185,6.64803441838784,,6.55214123882589,6.57588467446515,6.55048064892378,6.48557094385552,6.52102546216461
631,Value,1340,5,Additive0.015,430308,2344,32,6.61557515982675,6.63915496920185,6.64557515982675,,6.55214123882589,6.57588467446515,6.55048064892378,6.48557094385552,6.52102546216461
631,Vector,1340,5,Additive0.015,2085040,1874,18,6.6199407038266,6.63915496920184,6.6499407038266,,6.55214123882589,6.57588467446515,6.55048064892378,6.48557094385552,6.52102546216461
631,Dist L1,1340,5,Additive0.015,457114,2387,34,6.61626030774097,6.63915496920185,6.64626030774097,,6.55214123882589,6.57588467446515,6.55048064892378,6.48557094385552,6.52102546216461
632,Oracle,1340,5,Additive0.015,67000,50,5,6.61020813462228,6.64020408968664,6.64020813462228,,6.55391012905072,6.57765845059056,6.55305939471476,6.48608540698989,6.52365464415436
632,Oracle Vector,1340,5,Additive0.015,1621400,1468,11,6.61803441838784,6.64020408968664,6.64803441838784,,6.55391012905072,6.57765845059056,6.55305939471476,6.48608540698989,6.52365464415437
632,Vector,1340,5,Additive0.015,2090400,1879,18,6.6199407038266,6.64020408968664,6.6499407038266,,6.55391012905072,6.57765845059056,6.55305939471476,6.48608540698989,6.52365464415437
632,Value,1340,5,Additive0.015,443717,2371,33,6.62520408968664,6.64020408968664,6.65520408968664,,6.55391012905072,6.57765845059056,6.55305939471476,6.48608540698989,6.52365464415437
632,Dist L1,1340,5,Additive0.015,470523,2414,35,6.62520408968664,6.64020408968664,6.65520408968664,,6.55391012905072,6.57765845059056,6.55305939471476,6.48608540698989,6.52365464415437
633,Oracle,1340,5,Additive0.015,80400,60,6,6.62604231022558,6.64104231022558,6.65604231022558,,6.55644711401429,6.58017364892407,6.55504934350386,6.48536719954399,6.52447495721662
633,Oracle Vector,1340,5,Additive0.015,1626760,1473,11,6.61803441838784,6.64104231022558,6.64803441838784,,6.55644711401428,6.58017364892407,6.55504934350386,6.48536719954399,6.52447495721662
633,Value,1340,5,Additive0.015,443717,2371,33,6.62520408968664,6.64104231022558,6.65520408968664,,6.55644711401429,6.58017364892407,6.55504934350386,6.48536719954399,6.52447495721662
633,Vector,1340,5,Additive0.015,2103800,1891,18,6.6199407038266,6.64104231022558,6.6499407038266,,6.55644711401429,6.58017364892407,6.55504934350386,6.48536719954399,6.52447495721662
633,Dist L1,1340,5,Additive0.015,470523,2414,35,6.62520408968664,6.64104231022558,6.65520408968664,,6.55644711401429,6.58017364892407,6.55504934350386,6.48536719954399,6.52447495721662
634,Oracle,1340,5,Additive0.015,80400,60,6,6.62604231022558,6.64050608853992,6.65604231022558,,6.55496041062513,6.57991368244962,6.55540759977916,6.4837317732199,6.52527844190956
634,Oracle Vector,1340,5,Additive0.015,1626760,1473,11,6.61803441838784,6.64050608853992,6.64803441838784,,6.55496041062513,6.57991368244962,6.55540759977916,6.4837317732199,6.52527844190956
634,Vector,1340,5,Additive0.015,2103800,1891,18,6.6199407038266,6.64050608853992,6.6499407038266,,6.55496041062513,6.57991368244962,6.55540759977916,6.4837317732199,6.52527844190956
634,Value,1340,5,Additive0.015,443717,2371,33,6.62520408968664,6.64050608853992,6.65520408968664,,6.55496041062513,6.57991368244962,6.55540759977916,6.4837317732199,6.52527844190956
634,Dist L1,1340,5,Additive0.015,470523,2414,35,6.62520408968664,6.64050608853992,6.65520408968664,,6.55496041062513,6.57991368244962,6.55540759977916,6.4837317732199,6.52527844190956
635,Oracle,1340,5,Additive0.015,80400,60,6,6.62604231022558,6.64023215187426,6.65604231022558,,6.55526175162883,6.57877722365719,6.55591291238869,6.48154461279565,6.52669629983683
635,Value,1340,5,Additive0.015,443717,2371,33,6.62520408968664,6.64023215187426,6.65520408968664,,6.55526175162883,6.57877722365719,6.55591291238869,6.48154461279565,6.52669629983683
635,Oracle Vector,1340,5,Additive0.015,1634800,1480,11,6.61803441838784,6.64023215187426,6.64803441838784,,6.55526175162883,6.57877722365719,6.55591291238869,6.48154461279565,6.52669629983683
635,Vector,1340,5,Additive0.015,2109160,1896,18,6.6199407038266,6.64023215187426,6.6499407038266,,6.55526175162883,6.57877722365719,6.55591291238869,6.48154461279565,6.52669629983683
635,Dist L1,1340,5,Additive0.015,470523,2414,35,6.62520408968664,6.64023215187426,6.65520408968664,,6.55526175162883,6.57877722365719,6.55591291238869,6.48154461279565,6.52669629983683
636,Oracle,1340,5,Additive0.015,80400,60,6,6.62604231022558,6.63932102785056,6.65604231022558,,6.55338377264402,6.57801426042635,6.55596386422083,6.47915933956501,6.52661548810535
636,Oracle Vector,1340,5,Additive0.015,1640160,1485,11,6.61803441838784,6.63932102785056,6.64803441838784,,6.55338377264402,6.57801426042635,6.55596386422083,6.47915933956501,6.52661548810535
636,Value,1340,5,Additive0.015,443717,2371,33,6.62520408968664,6.63932102785056,6.65520408968664,,6.55338377264402,6.57801426042635,6.55596386422083,6.47915933956501,6.52661548810535
636,Vector,1340,5,Additive0.015,2114520,1901,18,6.6199407038266,6.63932102785056,6.6499407038266,,6.55338377264402,6.57801426042635,6.55596386422083,6.47915933956502,6.52661548810535
636,Dist L1,1340,5,Additive0.015,470523,2414,35,6.62520408968664,6.63932102785056,6.65520408968664,,6.55338377264402,6.57801426042635,6.55596386422083,6.47915933956501,6.52661548810535
637,Oracle,1340,5,Additive0.015,80400,60,6,6.62604231022558,6.63823049950602,6.65604231022558,,6.55150719155683,6.57650380494639,6.55576403210492,6.47740058133719,6.52698314138598
637,Oracle Vector,1340,5,Additive0.015,1645520,1490,11,6.61803441838784,6.63823049950602,6.64803441838784,,6.55150719155683,6.57650380494639,6.55576403210492,6.47740058133719,6.52698314138598
637,Value,1340,5,Additive0.015,443717,2371,33,6.62520408968664,6.63823049950602,6.65520408968664,,6.55150719155683,6.57650380494639,6.55576403210492,6.47740058133719,6.52698314138598
637,Vector,1340,5,Additive0.015,2114520,1901,18,6.6199407038266,6.63823049950602,6.6499407038266,,6.55150719155683,6.57650380494639,6.55576403210492,6.47740058133719,6.52698314138598
637,Dist L1,1340,5,Additive0.015,470523,2414,35,6.62520408968664,6.63823049950602,6.65520408968664,,6.55150719155683,6.57650380494639,6.55576403210492,6.47740058133719,6.52698314138598
638,Oracle,1340,5,Additive0.015,80400,60,6,6.62604231022558,6.63680406753216,6.65604231022558,,6.55058101915297,6.57486743738864,6.55517421053024,6.4758558582205,6.52570349653743
638,Oracle Vector,1340,5,Additive0.015,1645520,1490,11,6.61803441838784,6.63680406753216,6.64803441838784,,6.55058101915297,6.57486743738864,6.55517421053024,6.47585585822051,6.52570349653743
638,Value,1340,5,Additive0.015,443721,2376,33,6.62520408968664,6.63680406753216,6.65520408968664,,6.55058101915297,6.57486743738864,6.55517421053024,6.4758558582205,6.52570349653743
638,Vector,1340,5,Additive0.015,2119880,1906,18,6.6199407038266,6.63680406753216,6.6499407038266,,6.55058101915297,6.57486743738864,6.55517421053024,6.4758558582205,6.52570349653743
638,Dist L1,1340,5,Additive0.015,470527,2419,35,6.62520408968664,6.63680406753216,6.65520408968664,,6.55058101915297,6.57486743738864,6.55517421053024,6.4758558582205,6.52570349653743
639,Oracle,1340,5,Additive0.015,80400,60,6,6.62604231022558,6.63664452716383,6.65604231022558,,6.55037835177089,6.57417251886824,6.55653774953823,6.47602613096636,6.52704120895919
639,Vector,1340,5,Additive0.015,2119880,1906,18,6.6199407038266,6.63664452716383,6.6499407038266,,6.55037835177089,6.57417251886824,6.55653774953823,6.47602613096636,6.52704120895919
639,Oracle Vector,1340,5,Additive0.015,1650880,1495,11,6.61803441838784,6.63664452716383,6.64803441838784,,6.55037835177089,6.57417251886824,6.55653774953823,6.47602613096636,6.52704120895919
639,Value,1340,5,Additive0.015,443721,2376,33,6.62520408968664,6.63664452716383,6.65520408968664,,6.55037835177089,6.57417251886824,6.55653774953823,6.47602613096636,6.52704120895919
639,Dist L1,1340,5,Additive0.015,470527,2419,35,6.62520408968664,6.63664452716383,6.65520408968664,,6.55037835177089,6.57417251886824,6.55653774953823,6.47602613096636,6.52704120895919
640,Oracle,1340,5,Additive0.015,80400,60,6,6.62604231022558,6.63630195481558,6.65604231022558,,6.55031323688622,6.57400848900675,6.5573261561698,6.47535795277773,6.5273821126848
640,Oracle Vector,1340,5,Additive0.015,1650880,1495,11,6.61803441838784,6.63630195481558,6.64803441838784,,6.55031323688622,6.57400848900676,6.5573261561698,6.47535795277773,6.5273821126848
640,Value,1340,5,Additive0.015,443721,2376,33,6.62520408968664,6.63630195481558,6.65520408968664,,6.55031323688622,6.57400848900675,6.5573261561698,6.47535795277773,6.5273821126848
640,Vector,1340,5,Additive0.015,2125240,1911,18,6.6199407038266,6.63630195481558,6.6499407038266,,6.55031323688622,6.57400848900675,6.5573261561698,6.47535795277773,6.5273821126848
640,Dist L1,1340,5,Additive0.015,470527,2419,35,6.62520408968664,6.63630195481558,6.65520408968664,,6.55031323688622,6.57400848900675,6.5573261561698,6.47535795277773,6.5273821126848
641,Oracle,1340,5,Additive0.015,80400,60,6,6.62604231022558,6.63587798884386,6.65604231022558,,6.54933969262379,6.57229554150368,6.55920109183325,6.47517134978854,6.52769432407837
641,Vector,1340,5,Additive0.015,2125240,1911,18,6.6199407038266,6.63587798884386,6.6499407038266,,6.54933969262379,6.57229554150368,6.55920109183325,6.47517134978854,6.52769432407836
641,Oracle Vector,1340,5,Additive0.015,1656240,1500,11,6.61803441838784,6.63587798884386,6.64803441838784,,6.54933969262378,6.57229554150368,6.55920109183325,6.47517134978854,6.52769432407836
641,Value,1340,5,Additive0.015,443727,2383,33,6.62520408968664,6.63587798884386,6.65520408968664,,6.54933969262378,6.57229554150368,6.55920109183325,6.47517134978854,6.52769432407836
641,Dist L1,1340,5,Additive0.015,470533,2426,35,6.62520408968664,6.63587798884386,6.65520408968664,,6.54933969262379,6.57229554150368,6.55920109183325,6.47517134978854,6.52769432407836
642,Oracle,1340,5,Additive0.015,80400,60,6,6.62604231022558,6.63559303316454,6.65604231022558,,6.54892477126241,6.57057623328712,6.55981727790149,6.47568927478728,6.52965547099487
642,Oracle Vector,1340,5,Additive0.015,1656240,1500,11,6.61803441838784,6.63559303316454,6.64803441838784,,6.54892477126241,6.57057623328712,6.55981727790149,6.47568927478728,6.52965547099487
642,Value,1340,5,Additive0.015,443735,2392,33,6.62520408968664,6.63559303316454,6.65520408968664,,6.54892477126241,6.57057623328712,6.55981727790149,6.47568927478728,6.52965547099487
642,Vector,1340,5,Additive0.015,2130600,1916,18,6.6199407038266,6.63559303316454,6.6499407038266,,6.54892477126241,6.57057623328712,6.55981727790149,6.47568927478728,6.52965547099487
642,Dist L1,1340,5,Additive0.015,470543,2438,35,6.62520408968664,6.63559303316454,6.65520408968664,,6.54892477126241,6.57057623328712,6.55981727790149,6.47568927478728,6.52965547099487
643,Oracle,1340,5,Additive0.015,80400,60,6,6.62604231022558,6.63557369407414,6.65604231022558,,6.54787017522851,6.57020823670938,6.5620945327543,6.47588191268214,6.53049581993715
643,Oracle Vector,1340,5,Additive0.015,1661600,1505,11,6.61803441838784,6.63557369407414,6.64803441838784,,6.54787017522851,6.57020823670938,6.5620945327543,6.47588191268214,6.53049581993715
643,Vector,1340,5,Additive0.015,2135960,1921,18,6.6199407038266,6.63557369407414,6.6499407038266,,6.54787017522851,6.57020823670938,6.5620945327543,6.47588191268214,6.53049581993715
643,Value,1340,5,Additive0.015,443739,2397,33,6.62520408968664,6.63557369407414,6.65520408968664,,6.54787017522851,6.57020823670938,6.5620945327543,6.47588191268214,6.53049581993715
643,Dist L1,1340,5,Additive0.015,470547,2443,35,6.62520408968664,6.63557369407414,6.65520408968664,,6.54787017522851,6.57020823670938,6.5620945327543,6.47588191268214,6.53049581993715
644,Oracle,1340,5,Additive0.015,80400,60,6,6.62604231022558,6.63574254904875,6.65604231022558,,6.54781638437323,6.5699799195275,6.56457347534327,6.4773166296057,6.53319197213896
644,Vector,1340,5,Additive0.015,2135960,1921,18,6.6199407038266,6.63574254904875,6.6499407038266,,6.54781638437323,6.5699799195275,6.56457347534327,6.4773166296057,6.53319197213896
644,Oracle Vector,1340,5,Additive0.015,1672320,1515,11,6.61803441838784,6.63574254904875,6.64803441838784,,6.54781638437323,6.5699799195275,6.56457347534327,6.4773166296057,6.53319197213896
644,Value,1340,5,Additive0.015,443749,2410,33,6.62520408968664,6.63574254904875,6.65520408968664,,6.54781638437323,6.5699799195275,6.56457347534327,6.4773166296057,6.53319197213896
644,Dist L1,1340,5,Additive0.015,470557,2456,35,6.62520408968664,6.63574254904875,6.65520408968664,,6.54781638437323,6.5699799195275,6.56457347534327,6.4773166296057,6.53319197213896
645,Oracle,1340,5,Additive0.015,80400,60,6,6.62604231022558,6.63607762461183,6.65604231022558,,6.54783517603811,6.56881974451855,6.56685452358615,6.47843061764308,6.53557239583789
645,Value,1340,5,Additive0.015,443759,2423,33,6.62520408968664,6.63607762461183,6.65520408968664,,6.54783517603811,6.56881974451855,6.56685452358615,6.47843061764308,6.53557239583789
645,Oracle Vector,1340,5,Additive0.015,1683040,1524,11,6.61803441838784,6.63607762461183,6.64803441838784,,6.54783517603811,6.56881974451855,6.56685452358615,6.47843061764309,6.53557239583789
645,Vector,1340,5,Additive0.015,2149360,1933,18,6.6199407038266,6.63607762461183,6.6499407038266,,6.54783517603811,6.56881974451855,6.56685452358615,6.47843061764308,6.53557239583789
645,Dist L1,1340,5,Additive0.015,470567,2469,35,6.62520408968664,6.63607762461183,6.65520408968664,,6.54783517603811,6.56881974451855,6.56685452358615,6.47843061764308,6.53557239583789
646,Oracle,1340,5,Additive0.015,80400,60,6,6.62604231022558,6.63653711585217,6.65604231022558,,6.54827424968129,6.56865130263642,6.57026863488453,6.4794765002396,6.5366155268841
646,Oracle Vector,1340,5,Additive0.015,1701800,1540,11,6.61803441838784,6.63653711585217,6.64803441838784,,6.54827424968129,6.56865130263642,6.57026863488453,6.4794765002396,6.5366155268841
646,Vector,1340,5,Additive0.015,2157400,1940,18,6.6199407038266,6.63653711585217,6.6499407038266,,6.54827424968129,6.56865130263642,6.57026863488453,6.4794765002396,6.5366155268841
646,Value,1340,5,Additive0.015,457164,2446,34,6.62153711585217,6.63653711585217,6.65153711585217,,6.54827424968129,6.56865130263642,6.57026863488453,6.4794765002396,6.5366155268841
646,Dist L1,1340,5,Additive0.015,483972,2492,36,6.62153711585217,6.63653711585217,6.65153711585217,,6.54827424968129,6.56865130263642,6.57026863488453,6.4794765002396,6.5366155268841
647,Oracle,1340,5,Additive0.015,80400,60,6,6.62604231022558,6.63689611488079,6.65604231022558,,6.5486164451563,6.56805681569916,6.57318789933145,6.48067871488273,6.53746782336422
647,Oracle Vector,1340,5,Additive0.015,1707160,1545,11,6.61803441838784,6.63689611488079,6.64803441838784,,6.5486164451563,6.56805681569916,6.57318789933145,6.48067871488273,6.53746782336422
647,Value,1340,5,Additive0.015,457164,2446,34,6.62153711585217,6.63689611488079,6.65153711585217,,6.5486164451563,6.56805681569916,6.57318789933145,6.48067871488273,6.53746782336422
647,Vector,1340,5,Additive0.015,2176160,1956,18,6.6199407038266,6.63689611488079,6.6499407038266,,6.5486164451563,6.56805681569916,6.57318789933145,6.48067871488273,6.53746782336422
647,Dist L1,1340,5,Additive0.015,483972,2492,36,6.62153711585217,6.63689611488079,6.65153711585217,,6.5486164451563,6.56805681569916,6.57318789933145,6.48067871488273,6.53746782336422
648,Oracle,1340,5,Additive0.015,80400,60,6,6.62604231022558,6.63747801401766,6.65604231022558,,6.54935653835104,6.56790769454284,6.57608699292209,6.48298002572138,6.54059541131265
648,Value,1340,5,Additive0.015,457164,2446,34,6.62153711585217,6.63747801401765,6.65153711585217,,6.54935653835104,6.56790769454284,6.57608699292209,6.48298002572138,6.54059541131265
648,Oracle Vector,1340,5,Additive0.015,1720560,1557,11,6.61803441838784,6.63747801401765,6.64803441838784,,6.54935653835104,6.56790769454284,6.57608699292209,6.48298002572138,6.54059541131265
648,Vector,1340,5,Additive0.015,2197600,1975,18,6.6199407038266,6.63747801401765,6.6499407038266,,6.54935653835104,6.56790769454284,6.57608699292209,6.48298002572137,6.54059541131265
648,Dist L1,1340,5,Additive0.015,483972,2492,36,6.62153711585217,6.63747801401765,6.65153711585217,,6.54935653835104,6.56790769454284,6.57608699292209,6.48298002572138,6.54059541131265
649,Oracle,1340,5,Additive0.015,80400,60,6,6.62604231022558,6.6371663329008,6.65604231022558,,6.54914001716074,6.56595947931425,6.57727040539682,6.48353767897879,6.54209906546997
649,Value,1340,5,Additive0.015,457164,2446,34,6.62153711585217,6.6371663329008,6.65153711585217,,6.54914001716074,6.56595947931425,6.57727040539682,6.48353767897878,6.54209906546997
649,Vector,1340,5,Additive0.015,2197600,1975,18,6.6199407038266,6.63716633290079,6.6499407038266,,6.54914001716074,6.56595947931425,6.57727040539682,6.48353767897878,6.54209906546997
649,Oracle Vector,1340,5,Additive0.015,1733960,1569,11,6.61803441838784,6.6371663329008,6.64803441838784,,6.54914001716074,6.56595947931425,6.57727040539682,6.48353767897878,6.54209906546997
649,Dist L1,1340,5,Additive0.015,483972,2492,36,6.62153711585217,6.6371663329008,6.65153711585217,,6.54914001716074,6.56595947931425,6.57727040539682,6.48353767897878,6.54209906546997
650,Oracle,1340,5,Additive0.015,80400,60,6,6.62604231022558,6.63782450792569,6.65604231022558,,6.5483694502493,6.56424161698795,6.57941479059806,6.48585814460667,6.54496416183576
650,Value,1340,5,Additive0.015,457170,2453,34,6.62153711585217,6.63782450792569,6.65153711585217,,6.5483694502493,6.56424161698795,6.57941479059806,6.48585814460666,6.54496416183576
650,Oracle Vector,1340,5,Additive0.015,1747360,1581,12,6.62282450792569,6.63782450792569,6.65282450792569,,6.5483694502493,6.56424161698795,6.57941479059806,6.48585814460666,6.54496416183576
650,Vector,1340,5,Additive0.015,2216360,1992,18,6.6199407038266,6.63782450792569,6.6499407038266,,6.5483694502493,6.56424161698794,6.57941479059806,6.48585814460666,6.54496416183576
650,Dist L1,1340,5,Additive0.015,483978,2499,36,6.62153711585217,6.63782450792569,6.65153711585217,,6.5483694502493,6.56424161698794,6.57941479059806,6.48585814460666,6.54496416183576
651,Oracle,1340,5,Additive0.015,80400,60,6,6.62604231022558,6.63786020299426,6.65604231022558,,6.54808327204407,6.56300537786912,6.5805926690137,6.48650287043311,6.5456781595281
651,Oracle Vector,1340,5,Additive0.015,1747360,1581,12,6.62282450792569,6.63786020299425,6.65282450792569,,6.54808327204407,6.56300537786912,6.5805926690137,6.48650287043311,6.54567815952811
651,Value,1340,5,Additive0.015,457170,2453,34,6.62153711585217,6.63786020299425,6.65153711585217,,6.54808327204407,6.56300537786912,6.5805926690137,6.48650287043311,6.54567815952811
651,Vector,1340,5,Additive0.015,2221720,1997,18,6.6199407038266,6.63786020299425,6.6499407038266,,6.54808327204407,6.56300537786912,6.5805926690137,6.48650287043311,6.54567815952811
651,Dist L1,1340,5,Additive0.015,483978,2499,36,6.62153711585217,6.63786020299425,6.65153711585217,,6.54808327204407,6.56300537786912,6.5805926690137,6.48650287043311,6.54567815952811
652,Oracle,1340,5,Additive0.015,80400,60,6,6.62604231022558,6.63879555187643,6.65604231022558,,6.54879684771294,6.56205529545741,6.58312476900153,6.48746098953593,6.54743040489186
652,Oracle Vector,1340,5,Additive0.015,1747360,1581,12,6.62282450792569,6.63879555187643,6.65282450792569,,6.54879684771294,6.56205529545741,6.58312476900153,6.48746098953593,6.54743040489186
652,Value,1340,5,Additive0.015,457176,2460,34,6.62153711585217,6.63879555187643,6.65153711585217,,6.54879684771294,6.56205529545741,6.58312476900153,6.48746098953593,6.54743040489186
652,Vector,1340,5,Additive0.015,2235120,2009,18,6.6199407038266,6.63879555187643,6.6499407038266,,6.54879684771294,6.56205529545741,6.58312476900153,6.48746098953593,6.54743040489186
652,Dist L1,1340,5,Additive0.015,483984,2506,36,6.62153711585217,6.63879555187643,6.65153711585217,,6.54879684771294,6.56205529545741,6.58312476900153,6.48746098953593,6.54743040489186
653,Oracle,1340,5,Additive0.015,80400,60,6,6.62604231022558,6.63889573733651,6.65604231022558,,6.54842963705783,6.56056667009673,6.58470354727735,6.48713466066708,6.54878555630938
653,Oracle Vector,1340,5,Additive0.015,1747360,1581,12,6.62282450792569,6.63889573733651,6.65282450792569,,6.54842963705783,6.56056667009673,6.58470354727735,6.48713466066708,6.54878555630938
653,Value,1340,5,Additive0.015,457186,2472,34,6.62153711585217,6.63889573733651,6.65153711585217,,6.54842963705783,6.56056667009674,6.58470354727735,6.48713466066708,6.54878555630938
653,Dist L1,1340,5,Additive0.015,483998,2523,36,6.62153711585217,6.63889573733651,6.65153711585217,,6.54842963705783,6.56056667009673,6.58470354727735,6.48713466066708,6.54878555630938
653,Vector,1340,5,Additive0.015,2256560,2028,19,6.62389573733651,6.63889573733651,6.65389573733651,,6.54842963705783,6.56056667009674,6.58470354727735,6.48713466066708,6.54878555630938
654,Oracle,1340,5,Additive0.015,80400,60,6,6.62604231022558,6.63894593522068,6.65604231022558,,6.54764547803705,6.55873465200379,6.58632302417802,6.48836832717623,6.55075474831612
654,Oracle Vector,1340,5,Additive0.015,1747360,1581,12,6.62282450792569,6.63894593522068,6.65282450792569,,6.54764547803706,6.55873465200379,6.58632302417802,6.48836832717624,6.55075474831612
654,Vector,1340,5,Additive0.015,2256560,2028,19,6.62389573733651,6.63894593522068,6.65389573733651,,6.54764547803706,6.55873465200379,6.58632302417802,6.48836832717623,6.55075474831612
654,Value,1340,5,Additive0.015,457190,2477,34,6.62153711585217,6.63894593522068,6.65153711585217,,6.54764547803705,6.55873465200379,6.58632302417802,6.48836832717624,6.55075474831612
654,Dist L1,1340,5,Additive0.015,484004,2531,36,6.62153711585217,6.63894593522068,6.65153711585217,,6.54764547803705,6.55873465200379,6.58632302417802,6.48836832717624,6.55075474831612
655,Oracle,1340,5,Additive0.015,80400,60,6,6.62604231022558,6.63918035797884,6.65604231022558,,6.5473013092117,6.55625940681559,6.58769233491276,6.49047443806571,6.55213141649924
655,Oracle Vector,1340,5,Additive0.015,1747360,1581,12,6.62282450792569,6.63918035797884,6.65282450792569,,6.5473013092117,6.55625940681559,6.58769233491276,6.4904744380657,6.55213141649923
655,Vector,1340,5,Additive0.015,2256560,2028,19,6.62389573733651,6.63918035797884,6.65389573733651,,6.5473013092117,6.55625940681559,6.58769233491276,6.4904744380657,6.55213141649923
655,Value,1340,5,Additive0.015,457194,2482,34,6.62153711585217,6.63918035797884,6.65153711585217,,6.5473013092117,6.55625940681559,6.58769233491276,6.4904744380657,6.55213141649923
655,Dist L1,1340,5,Additive0.015,484004,2531,36,6.62153711585217,6.63918035797884,6.65153711585217,,6.5473013092117,6.55625940681559,6.58769233491276,6.4904744380657,6.55213141649923
656,Oracle,1340,5,Additive0.015,80400,60,6,6.62604231022558,6.64009576795671,6.65604231022558,,6.54829735113455,6.55528975478364,6.58948872834415,6.49278181969853,6.55407146030347
656,Value,1340,5,Additive0.015,457194,2482,34,6.62153711585217,6.64009576795671,6.65153711585217,,6.54829735113455,6.55528975478364,6.58948872834415,6.49278181969854,6.55407146030348
656,Oracle Vector,1340,5,Additive0.015,1747360,1581,12,6.62282450792569,6.64009576795671,6.65282450792569,,6.54829735113455,6.55528975478364,6.58948872834415,6.49278181969854,6.55407146030347
656,Vector,1340,5,Additive0.015,2256560,2028,19,6.62389573733651,6.64009576795671,6.65389573733651,,6.54829735113455,6.55528975478364,6.58948872834415,6.49278181969853,6.55407146030347
656,Dist L1,1340,5,Additive0.015,484004,2531,36,6.62153711585217,6.64009576795671,6.65153711585217,,6.54829735113455,6.55528975478364,6.58948872834415,6.49278181969854,6.55407146030348
657,Oracle,1340,5,Additive0.015,80400,60,6,6.62604231022558,6.64150024170121,6.65604231022558,,6.54934453712248,6.55496492281381,6.59317281847654,6.49460048597947,6.55618921804056
657,Vector,1340,5,Additive0.015,2256560,2028,19,6.62389573733651,6.64150024170121,6.65389573733651,,6.54934453712248,6.55496492281381,6.59317281847654,6.49460048597947,6.55618921804056
657,Value,1340,5,Additive0.015,457202,2492,34,6.62153711585217,6.64150024170121,6.65153711585217,,6.54934453712248,6.55496492281381,6.59317281847654,6.49460048597947,6.55618921804056
657,Oracle Vector,1340,5,Additive0.015,1758080,1591,12,6.62282450792569,6.64150024170121,6.65282450792569,,6.54934453712248,6.55496492281381,6.59317281847654,6.49460048597947,6.55618921804056
657,Dist L1,1340,5,Additive0.015,484018,2548,36,6.62153711585217,6.64150024170121,6.65153711585217,,6.54934453712248,6.55496492281381,6.59317281847654,6.49460048597947,6.55618921804056
658,Oracle,1340,5,Additive0.015,80400,60,6,6.62604231022558,6.64262371314391,6.65604231022558,,6.5504021655582,6.55514370367829,6.5964516216697,6.49658841448042,6.55780412979185
658,Vector,1340,5,Additive0.015,2256560,2028,19,6.62389573733651,6.64262371314391,6.65389573733651,,6.5504021655582,6.55514370367829,6.5964516216697,6.49658841448042,6.55780412979185
658,Oracle Vector,1340,5,Additive0.015,1763440,1596,12,6.62282450792569,6.64262371314391,6.65282450792569,,6.5504021655582,6.55514370367829,6.5964516216697,6.49658841448042,6.55780412979185
658,Value,1340,5,Additive0.015,457214,2506,34,6.62153711585217,6.64262371314391,6.65153711585217,,6.5504021655582,6.55514370367829,6.5964516216697,6.49658841448042,6.55780412979185
658,Dist L1,1340,5,Additive0.015,484018,2548,36,6.62153711585217,6.64262371314391,6.65153711585217,,6.5504021655582,6.55514370367829,6.5964516216697,6.49658841448042,6.55780412979185
659,Oracle,1340,5,Additive0.015,80400,60,6,6.62604231022558,6.64362437610543,6.65604231022558,,6.55092202784617,6.55472971684684,6.5996050287934,6.49950698422388,6.55875252228661
659,Oracle Vector,1340,5,Additive0.015,1768800,1601,12,6.62282450792569,6.64362437610543,6.65282450792569,,6.55092202784617,6.55472971684684,6.59960502879339,6.49950698422388,6.55875252228661
659,Vector,1340,5,Additive0.015,2261920,2033,19,6.62389573733651,6.64362437610543,6.65389573733651,,6.55092202784617,6.55472971684684,6.59960502879339,6.49950698422388,6.55875252228661
659,Value,1340,5,Additive0.015,457220,2514,34,6.62153711585217,6.64362437610543,6.65153711585217,,6.55092202784617,6.55472971684684,6.59960502879339,6.49950698422388,6.55875252228661
659,Dist L1,1340,5,Additive0.015,484022,2553,36,6.62153711585217,6.64362437610543,6.65153711585217,,6.55092202784617,6.55472971684684,6.59960502879339,6.49950698422388,6.55875252228661
660,Oracle,1340,5,Additive0.015,80400,60,6,6.62604231022558,6.64427128276195,6.65604231022558,,6.55206699978661,6.55471512684817,6.60196935143452,6.50077157818818,6.55973776111336
660,Value,1340,5,Additive0.015,457224,2519,34,6.62153711585217,6.64427128276196,6.65153711585217,,6.55206699978661,6.55471512684817,6.60196935143451,6.50077157818818,6.55973776111335
660,Oracle Vector,1340,5,Additive0.015,1774160,1606,12,6.62282450792569,6.64427128276196,6.65282450792569,,6.55206699978661,6.55471512684818,6.60196935143451,6.50077157818817,6.55973776111335
660,Vector,1340,5,Additive0.015,2269960,2040,19,6.62389573733651,6.64427128276196,6.65389573733651,,6.55206699978661,6.55471512684817,6.60196935143451,6.50077157818818,6.55973776111335
660,Dist L1,1340,5,Additive0.015,484034,2567,36,6.62153711585217,6.64427128276196,6.65153711585217,,6.55206699978661,6.55471512684817,6.60196935143451,6.50077157818818,6.55973776111335
661,Oracle,1340,5,Additive0.015,80400,60,6,6.62604231022558,6.64505194672132,6.65604231022558,,6.55332344462925,6.5549249342956,6.60452128942187,6.50137705129092,6.56083053410416
661,Value,1340,5,Additive0.015,457230,2526,34,6.62153711585217,6.64505194672132,6.65153711585217,,6.55332344462926,6.5549249342956,6.60452128942187,6.50137705129092,6.56083053410416
661,Vector,1340,5,Additive0.015,2280680,2050,19,6.62389573733651,6.64505194672132,6.65389573733651,,6.55332344462926,6.5549249342956,6.60452128942187,6.50137705129092,6.56083053410416
661,Oracle Vector,1340,5,Additive0.015,1787560,1618,12,6.62282450792569,6.64505194672132,6.65282450792569,,6.55332344462926,6.5549249342956,6.60452128942187,6.50137705129092,6.56083053410416
661,Dist L1,1340,5,Additive0.015,484046,2581,36,6.62153711585217,6.64505194672132,6.65153711585217,,6.55332344462926,6.5549249342956,6.60452128942187,6.50137705129092,6.56083053410416
662,Oracle,1340,5,Additive0.015,80400,60,6,6.62604231022558,6.64590761051067,6.65604231022558,,6.55410772066018,6.55452838333025,6.60664779211787,6.50273421117679,6.56216256781902
662,Oracle Vector,1340,5,Additive0.015,1787560,1618,12,6.62282450792569,6.64590761051067,6.65282450792569,,6.55410772066018,6.55452838333025,6.60664779211787,6.50273421117679,6.56216256781902
662,Value,1340,5,Additive0.015,457242,2540,34,6.62153711585217,6.64590761051067,6.65153711585217,,6.55410772066018,6.55452838333025,6.60664779211787,6.50273421117679,6.56216256781902
662,Vector,1340,5,Additive0.015,2288720,2057,19,6.62389573733651,6.64590761051067,6.65389573733651,,6.55410772066018,6.55452838333025,6.60664779211787,6.50273421117679,6.56216256781902
662,Dist L1,1340,5,Additive0.015,484054,2590,36,6.62153711585217,6.64590761051067,6.65153711585217,,6.55410772066018,6.55452838333025,6.60664779211787,6.50273421117679,6.56216256781902
663,Oracle,1340,5,Additive0.015,80400,60,6,6.62604231022558,6.64662715568794,6.65604231022558,,6.5550129769815,6.55430912186862,6.60865609054207,6.50357490758169,6.56215518817373
663,Oracle Vector,1340,5,Additive0.015,1795600,1625,12,6.62282450792569,6.64662715568794,6.65282450792569,,6.5550129769815,6.55430912186862,6.60865609054207,6.5035749075817,6.56215518817373
663,Value,1340,5,Additive0.015,457256,2557,34,6.62153711585217,6.64662715568794,6.65153711585217,,6.5550129769815,6.55430912186862,6.60865609054207,6.5035749075817,6.56215518817373
663,Vector,1340,5,Additive0.015,2294080,2062,19,6.62389573733651,6.64662715568794,6.65389573733651,,6.5550129769815,6.55430912186862,6.60865609054207,6.5035749075817,6.56215518817373
663,Dist L1,1340,5,Additive0.015,484064,2602,36,6.62153711585217,6.64662715568794,6.65153711585217,,6.5550129769815,6.55430912186862,6.60865609054207,6.5035749075817,6.56215518817373
664,Oracle,1340,5,Additive0.015,80400,60,6,6.62604231022558,6.64659034860593,6.65604231022558,,6.55585728814035,6.55339263425707,6.60953737337672,6.50442209613607,6.56227840996161
664,Oracle Vector,1340,5,Additive0.015,1795600,1625,12,6.62282450792569,6.64659034860593,6.65282450792569,,6.55585728814035,6.55339263425707,6.60953737337672,6.50442209613607,6.56227840996161
664,Vector,1340,5,Additive0.015,2294080,2062,19,6.62389573733651,6.64659034860593,6.65389573733651,,6.55585728814035,6.55339263425707,6.60953737337672,6.50442209613607,6.56227840996161
664,Value,1340,5,Additive0.015,470661,2579,35,6.63159034860593,6.64659034860593,6.66159034860592,,6.55585728814035,6.55339263425707,6.60953737337672,6.50442209613607,6.56227840996161
664,Dist L1,1340,5,Additive0.015,497469,2624,37,6.63159034860593,6.64659034860593,6.66159034860592,,6.55585728814035,6.55339263425707,6.60953737337672,6.50442209613607,6.56227840996161
665,Oracle,1340,5,Additive0.015,80400,60,6,6.62604231022558,6.64708992999585,6.65604231022558,,6.55616491581256,6.55314421011439,6.61127945703774,6.505197134905,6.56239536892385
665,Value,1340,5,Additive0.015,470661,2579,35,6.63159034860593,6.64708992999586,6.66159034860592,,6.55616491581256,6.55314421011439,6.61127945703774,6.505197134905,6.56239536892385
665,Vector,1340,5,Additive0.015,2299440,2067,19,6.62389573733651,6.64708992999586,6.65389573733651,,6.55616491581256,6.55314421011439,6.61127945703774,6.505197134905,6.56239536892385
665,Oracle Vector,1340,5,Additive0.015,1811680,1639,12,6.62282450792569,6.64708992999586,6.65282450792569,,6.55616491581256,6.55314421011439,6.61127945703774,6.505197134905,6.56239536892385
665,Dist L1,1340,5,Additive0.015,497469,2624,37,6.63159034860593,6.64708992999586,6.66159034860592,,6.55616491581256,6.55314421011439,6.61127945703774,6.505197134905,6.56239536892385
666,Oracle,1340,5,Additive0.015,80400,60,6,6.62604231022558,6.64751201039636,6.65604231022558,,6.55682961562558,6.55261972743322,6.61264945886125,6.50485164952643,6.56353210420574
666,Value,1340,5,Additive0.015,470661,2579,35,6.63159034860593,6.64751201039636,6.66159034860592,,6.55682961562558,6.55261972743322,6.61264945886125,6.50485164952643,6.56353210420574
666,Oracle Vector,1340,5,Additive0.015,1822400,1648,12,6.62282450792569,6.64751201039636,6.65282450792569,,6.55682961562558,6.55261972743322,6.61264945886125,6.50485164952643,6.56353210420574
666,Vector,1340,5,Additive0.015,2312840,2080,19,6.62389573733651,6.64751201039636,6.65389573733651,,6.55682961562558,6.55261972743322,6.61264945886125,6.50485164952643,6.56353210420574
666,Dist L1,1340,5,Additive0.015,497469,2624,37,6.63159034860593,6.64751201039636,6.66159034860592,,6.55682961562558,6.55261972743322,6.61264945886125,6.50485164952643,6.56353210420574
667,Oracle,1340,5,Additive0.015,80400,60,6,6.62604231022558,6.64889464408113,6.65604231022558,,6.55829081281618,6.55248080756665,6.61457223296974,6.50753548022678,6.565451037623
667,Value,1340,5,Additive0.015,470661,2579,35,6.63159034860593,6.64889464408113,6.66159034860592,,6.55829081281618,6.55248080756665,6.61457223296974,6.50753548022678,6.565451037623
667,Oracle Vector,1340,5,Additive0.015,1835800,1660,13,6.63389464408113,6.64889464408112,6.66389464408112,,6.55829081281618,6.55248080756665,6.61457223296974,6.50753548022678,6.565451037623
667,Vector,1340,5,Additive0.015,2323560,2089,19,6.62389573733651,6.64889464408113,6.65389573733651,,6.55829081281618,6.55248080756665,6.61457223296974,6.50753548022678,6.565451037623
667,Dist L1,1340,5,Additive0.015,497469,2624,37,6.63159034860593,6.64889464408113,6.66159034860592,,6.55829081281618,6.55248080756665,6.61457223296974,6.50753548022678,6.565451037623
668,Oracle,1340,5,Additive0.015,80400,60,6,6.62604231022558,6.64953341465083,6.65604231022558,,6.55823403230951,6.55137090930714,6.61656530225448,6.50929991422593,6.56687071248949
668,Oracle Vector,1340,5,Additive0.015,1835800,1660,13,6.63389464408113,6.64953341465083,6.66389464408112,,6.55823403230951,6.55137090930714,6.61656530225448,6.50929991422593,6.56687071248949
668,Value,1340,5,Additive0.015,470661,2579,35,6.63159034860593,6.64953341465083,6.66159034860592,,6.55823403230952,6.55137090930714,6.61656530225448,6.50929991422593,6.56687071248949
668,Vector,1340,5,Additive0.015,2334280,2098,19,6.62389573733651,6.64953341465083,6.65389573733651,,6.55823403230951,6.55137090930714,6.61656530225448,6.50929991422593,6.56687071248949
668,Dist L1,1340,5,Additive0.015,497469,2624,37,6.63159034860593,6.64953341465083,6.66159034860592,,6.55823403230951,6.55137090930714,6.61656530225448,6.50929991422593,6.56687071248949
669,Oracle,1340,5,Additive0.015,80400,60,6,6.62604231022558,6.64952358129766,6.65604231022558,,6.55876582228598,6.55047327333812,6.61768407193645,6.51022190733679,6.56616474931711
669,Oracle Vector,1340,5,Additive0.015,1835800,1660,13,6.63389464408113,6.64952358129766,6.66389464408112,,6.55876582228598,6.55047327333813,6.61768407193645,6.51022190733679,6.56616474931711
669,Value,1340,5,Additive0.015,470661,2579,35,6.63159034860593,6.64952358129766,6.66159034860592,,6.55876582228598,6.55047327333812,6.61768407193645,6.51022190733679,6.56616474931711
669,Vector,1340,5,Additive0.015,2345000,2107,19,6.62389573733651,6.64952358129766,6.65389573733651,,6.55876582228598,6.55047327333813,6.61768407193645,6.51022190733679,6.56616474931711
669,Dist L1,1340,5,Additive0.015,497469,2624,37,6.63159034860593,6.64952358129766,6.66159034860592,,6.55876582228598,6.55047327333812,6.61768407193645,6.51022190733679,6.56616474931711
670,Oracle,1340,5,Additive0.015,80400,60,6,6.62604231022558,6.64939002335297,6.65604231022558,,6.55951443635103,6.54893669892015,6.61843887630465,6.51158336259554,6.56671745923958
670,Oracle Vector,1340,5,Additive0.015,1835800,1660,13,6.63389464408113,6.64939002335297,6.66389464408112,,6.55951443635103,6.54893669892015,6.61843887630465,6.51158336259554,6.56671745923958
670,Value,1340,5,Additive0.015,470665,2584,35,6.63159034860593,6.64939002335297,6.66159034860592,,6.55951443635102,6.54893669892015,6.61843887630465,6.51158336259554,6.56671745923958
670,Vector,1340,5,Additive0.015,2363760,2124,19,6.62389573733651,6.64939002335297,6.65389573733651,,6.55951443635102,6.54893669892015,6.61843887630465,6.51158336259554,6.56671745923958
670,Dist L1,1340,5,Additive0.015,497473,2629,37,6.63159034860593,6.64939002335297,6.66159034860592,,6.55951443635102,6.54893669892015,6.61843887630465,6.51158336259554,6.56671745923958
671,Oracle,1340,5,Additive0.015,80400,60,6,6.62604231022558,6.64956500486541,6.65604231022558,,6.55982447247088,6.54742541013195,6.61954518712352,6.51404109976103,6.5680578107114
671,Oracle Vector,1340,5,Additive0.015,1835800,1660,13,6.63389464408113,6.64956500486541,6.66389464408112,,6.55982447247088,6.54742541013196,6.61954518712352,6.51404109976103,6.5680578107114
671,Value,1340,5,Additive0.015,470665,2584,35,6.63159034860593,6.64956500486541,6.66159034860592,,6.55982447247088,6.54742541013196,6.61954518712352,6.51404109976103,6.5680578107114
671,Dist L1,1340,5,Additive0.015,497479,2636,37,6.63159034860593,6.64956500486541,6.66159034860592,,6.55982447247088,6.54742541013196,6.61954518712352,6.51404109976103,6.5680578107114
671,Vector,1340,5,Additive0.015,2377160,2136,20,6.63456500486541,6.64956500486541,6.66456500486541,,6.55982447247088,6.54742541013196,6.61954518712352,6.51404109976103,6.5680578107114
672,Oracle,1340,5,Additive0.015,80400,60,6,6.62604231022558,6.65025836003684,6.65604231022558,,6.56117566865931,6.54661703676381,6.62103457462561,6.51656869312864,6.5702920374916
672,Oracle Vector,1340,5,Additive0.015,1835800,1660,13,6.63389464408113,6.65025836003684,6.66389464408112,,6.56117566865931,6.54661703676381,6.62103457462561,6.51656869312864,6.5702920374916
672,Vector,1340,5,Additive0.015,2377160,2136,20,6.63456500486541,6.65025836003684,6.66456500486541,,6.56117566865931,6.54661703676381,6.62103457462561,6.51656869312864,6.5702920374916
672,Value,1340,5,Additive0.015,470675,2596,35,6.63159034860593,6.65025836003684,6.66159034860592,,6.56117566865931,6.54661703676381,6.62103457462561,6.51656869312864,6.5702920374916
672,Dist L1,1340,5,Additive0.015,497485,2643,37,6.63159034860593,6.65025836003684,6.66159034860592,,6.56117566865931,6.54661703676381,6.62103457462561,6.51656869312864,6.5702920374916
673,Oracle,1340,5,Additive0.015,80400,60,6,6.62604231022558,6.65057473770278,6.65604231022558,,6.56137135516378,6.54653344944309,6.62225533029867,6.51828980287796,6.57036008579223
673,Oracle Vector,1340,5,Additive0.015,1835800,1660,13,6.63389464408113,6.65057473770278,6.66389464408112,,6.56137135516378,6.54653344944309,6.62225533029867,6.51828980287796,6.57036008579222
673,Value,1340,5,Additive0.015,470675,2596,35,6.63159034860593,6.65057473770278,6.66159034860592,,6.56137135516378,6.54653344944309,6.62225533029867,6.51828980287796,6.57036008579223
673,Vector,1340,5,Additive0.015,2377160,2136,20,6.63456500486541,6.65057473770278,6.66456500486541,,6.56137135516378,6.54653344944309,6.62225533029867,6.51828980287796,6.57036008579222
673,Dist L1,1340,5,Additive0.015,497489,2648,37,6.63159034860593,6.65057473770278,6.66159034860592,,6.56137135516378,6.54653344944309,6.62225533029867,6.51828980287796,6.57036008579223
674,Oracle,1340,5,Additive0.015,80400,60,6,6.62604231022558,6.64997428776247,6.65604231022558,,6.56071248692715,6.54431413772143,6.62373307881061,6.51994089030074,6.57005768717675
674,Oracle Vector,1340,5,Additive0.015,1841160,1665,13,6.63389464408113,6.64997428776246,6.66389464408112,,6.56071248692715,6.54431413772143,6.62373307881061,6.51994089030074,6.57005768717675
674,Value,1340,5,Additive0.015,470679,2601,35,6.63159034860593,6.64997428776247,6.66159034860592,,6.56071248692715,6.54431413772143,6.62373307881061,6.51994089030074,6.57005768717675
674,Vector,1340,5,Additive0.015,2377160,2136,20,6.63456500486541,6.64997428776246,6.66456500486541,,6.56071248692715,6.54431413772143,6.62373307881061,6.51994089030074,6.57005768717675
674,Dist L1,1340,5,Additive0.015,497495,2655,37,6.63159034860593,6.64997428776247,6.66159034860592,,6.56071248692715,6.54431413772143,6.62373307881061,6.51994089030074,6.57005768717675
675,Oracle,1340,5,Additive0.015,80400,60,6,6.62604231022558,6.64963167930917,6.65604231022558,,6.56092544770516,6.54230899751129,6.62465348995107,6.52223171201684,6.56986235776624
675,Oracle Vector,1340,5,Additive0.015,1851880,1675,13,6.63389464408113,6.64963167930917,6.66389464408112,,6.56092544770516,6.54230899751129,6.62465348995107,6.52223171201684,6.56986235776624
675,Vector,1340,5,Additive0.015,2377160,2136,20,6.63456500486541,6.64963167930917,6.66456500486541,,6.56092544770516,6.54230899751129,6.62465348995107,6.52223171201684,6.56986235776624
675,Value,1340,5,Additive0.015,470683,2606,35,6.63159034860593,6.64963167930917,6.66159034860592,,6.56092544770516,6.54230899751129,6.62465348995107,6.52223171201684,6.56986235776624
675,Dist L1,1340,5,Additive0.015,497503,2664,37,6.63159034860593,6.64963167930917,6.66159034860592,,6.56092544770516,6.54230899751129,6.62465348995107,6.52223171201684,6.56986235776624
676,Oracle,1340,5,Additive0.015,80400,60,6,6.62604231022558,6.64965036606458,6.65604231022558,,6.56049240949853,6.54112645668992,6.62538423588646,6.5247004344859,6.57050337748017
676,Oracle Vector,1340,5,Additive0.015,1851880,1675,13,6.63389464408113,6.64965036606459,6.66389464408112,,6.56049240949853,6.54112645668992,6.62538423588646,6.5247004344859,6.57050337748017
676,Value,1340,5,Additive0.015,470691,2616,35,6.63159034860593,6.64965036606458,6.66159034860592,,6.56049240949853,6.54112645668992,6.62538423588646,6.5247004344859,6.57050337748017
676,Vector,1340,5,Additive0.015,2382520,2141,20,6.63456500486541,6.64965036606459,6.66456500486541,,6.56049240949853,6.54112645668992,6.62538423588646,6.5247004344859,6.57050337748017
676,Dist L1,1340,5,Additive0.015,497509,2671,37,6.63159034860593,6.64965036606458,6.66159034860592,,6.56049240949853,6.54112645668992,6.62538423588646,6.5247004344859,6.57050337748017
677,Oracle,1340,5,Additive0.015,80400,60,6,6.62604231022558,6.65007015150189,6.65604231022558,,6.56056369625195,6.54010648553812,6.6274463324997,6.52740038355153,6.57226683106934
677,Value,1340,5,Additive0.015,470701,2629,35,6.63159034860593,6.65007015150189,6.66159034860592,,6.56056369625195,6.54010648553812,6.6274463324997,6.52740038355153,6.57226683106934
677,Oracle Vector,1340,5,Additive0.015,1857240,1680,13,6.63389464408113,6.65007015150189,6.66389464408112,,6.56056369625195,6.54010648553812,6.6274463324997,6.52740038355153,6.57226683106934
677,Vector,1340,5,Additive0.015,2387880,2146,20,6.63456500486541,6.65007015150189,6.66456500486541,,6.56056369625195,6.54010648553812,6.6274463324997,6.52740038355153,6.57226683106934
677,Dist L1,1340,5,Additive0.015,497513,2676,37,6.63159034860593,6.65007015150189,6.66159034860592,,6.56056369625195,6.54010648553812,6.6274463324997,6.52740038355153,6.57226683106934
678,Oracle,1340,5,Additive0.015,80400,60,6,6.62604231022558,6.64990630079558,6.65604231022558,,6.56015926646756,6.53957063923105,6.62856930372348,6.52876852516807,6.57350584486284
678,Oracle Vector,1340,5,Additive0.015,1865280,1687,13,6.63389464408113,6.64990630079558,6.66389464408112,,6.56015926646756,6.53957063923105,6.62856930372348,6.52876852516807,6.57350584486285
678,Value,1340,5,Additive0.015,470705,2634,35,6.63159034860593,6.64990630079558,6.66159034860592,,6.56015926646756,6.53957063923105,6.62856930372348,6.52876852516807,6.57350584486285
678,Vector,1340,5,Additive0.015,2401280,2158,20,6.63456500486541,6.64990630079558,6.66456500486541,,6.56015926646756,6.53957063923105,6.62856930372348,6.52876852516807,6.57350584486285
678,Dist L1,1340,5,Additive0.015,497521,2686,37,6.63159034860593,6.64990630079558,6.66159034860592,,6.56015926646756,6.53957063923105,6.62856930372348,6.52876852516807,6.57350584486285
679,Oracle,1340,5,Additive0.015,80400,60,6,6.62604231022558,6.64947170522584,6.65604231022558,,6.56096851102292,6.53747234853389,6.62914507099674,6.53026038406912,6.57313304511573
679,Oracle Vector,1340,5,Additive0.015,1865280,1687,13,6.63389464408113,6.64947170522584,6.66389464408112,,6.56096851102292,6.53747234853389,6.62914507099674,6.53026038406912,6.57313304511573
679,Value,1340,5,Additive0.015,470711,2641,35,6.63159034860593,6.64947170522585,6.66159034860592,,6.56096851102292,6.53747234853389,6.62914507099674,6.53026038406912,6.57313304511573
679,Vector,1340,5,Additive0.015,2401280,2158,20,6.63456500486541,6.64947170522584,6.66456500486541,,6.56096851102292,6.53747234853389,6.62914507099674,6.53026038406912,6.57313304511573
679,Dist L1,1340,5,Additive0.015,497529,2696,37,6.63159034860593,6.64947170522584,6.66159034860592,,6.56096851102292,6.53747234853389,6.62914507099674,6.53026038406912,6.57313304511573
680,Oracle,1340,5,Additive0.015,80400,60,6,6.62604231022558,6.64974407154291,6.65604231022558,,6.56137353256436,6.53668101525172,6.6288923493471,6.53161261671751,6.57492097801526
680,Oracle Vector,1340,5,Additive0.015,1865280,1687,13,6.63389464408113,6.64974407154291,6.66389464408112,,6.56137353256436,6.53668101525172,6.6288923493471,6.53161261671751,6.57492097801526
680,Vector,1340,5,Additive0.015,2406640,2163,20,6.63456500486541,6.64974407154291,6.66456500486541,,6.56137353256436,6.53668101525172,6.6288923493471,6.53161261671751,6.57492097801526
680,Value,1340,5,Additive0.015,470715,2646,35,6.63159034860593,6.64974407154291,6.66159034860592,,6.56137353256436,6.53668101525172,6.6288923493471,6.53161261671751,6.57492097801526
680,Dist L1,1340,5,Additive0.015,497537,2706,37,6.63159034860593,6.64974407154291,6.66159034860592,,6.56137353256436,6.53668101525172,6.6288923493471,6.53161261671751,6.57492097801526
681,Oracle,1340,5,Additive0.015,80400,60,6,6.62604231022558,6.64887120877576,6.65604231022558,,6.55995821837794,6.53514588601023,6.6289526408391,6.53186676120613,6.57417192560482
681,Value,1340,5,Additive0.015,470719,2651,35,6.63159034860593,6.64887120877575,6.66159034860592,,6.55995821837795,6.53514588601023,6.6289526408391,6.53186676120613,6.57417192560482
681,Oracle Vector,1340,5,Additive0.015,1865280,1687,13,6.63389464408113,6.64887120877575,6.66389464408112,,6.55995821837794,6.53514588601023,6.6289526408391,6.53186676120613,6.57417192560482
681,Vector,1340,5,Additive0.015,2406640,2163,20,6.63456500486541,6.64887120877575,6.66456500486541,,6.55995821837795,6.53514588601023,6.6289526408391,6.53186676120613,6.57417192560482
681,Dist L1,1340,5,Additive0.015,497541,2711,37,6.63159034860593,6.64887120877575,6.66159034860592,,6.55995821837794,6.53514588601023,6.6289526408391,6.53186676120613,6.57417192560482
682,Oracle,1340,5,Additive0.015,80400,60,6,6.62604231022558,6.64845814936625,6.65604231022558,,6.5587468277042,6.53477170971956,6.62935548918541,6.53336998692374,6.5746308043671
682,Oracle Vector,1340,5,Additive0.015,1865280,1687,13,6.63389464408113,6.64845814936625,6.66389464408112,,6.5587468277042,6.53477170971956,6.62935548918541,6.53336998692374,6.5746308043671
682,Value,1340,5,Additive0.015,470725,2659,35,6.63159034860593,6.64845814936625,6.66159034860592,,6.55874682770419,6.53477170971956,6.62935548918541,6.53336998692374,6.5746308043671
682,Vector,1340,5,Additive0.015,2412000,2168,20,6.63456500486541,6.64845814936625,6.66456500486541,,6.5587468277042,6.53477170971956,6.62935548918541,6.53336998692374,6.5746308043671
682,Dist L1,1340,5,Additive0.015,497551,2723,37,6.63159034860593,6.64845814936625,6.66159034860592,,6.5587468277042,6.53477170971956,6.62935548918541,6.53336998692374,6.5746308043671
683,Oracle,1340,5,Additive0.015,80400,60,6,6.62604231022558,6.64790820664493,6.65604231022558,,6.55809905040238,6.53264890330366,6.62912275567785,6.53468317258569,6.57393256429902
683,Oracle Vector,1340,5,Additive0.015,1865280,1687,13,6.63389464408113,6.64790820664493,6.66389464408112,,6.55809905040238,6.53264890330366,6.62912275567785,6.53468317258569,6.57393256429902
683,Value,1340,5,Additive0.015,470733,2668,35,6.63159034860593,6.64790820664493,6.66159034860592,,6.55809905040238,6.53264890330366,6.62912275567785,6.53468317258569,6.57393256429902
683,Vector,1340,5,Additive0.015,2412000,2168,20,6.63456500486541,6.64790820664493,6.66456500486541,,6.55809905040238,6.53264890330366,6.62912275567785,6.53468317258569,6.57393256429902
683,Dist L1,1340,5,Additive0.015,510956,2744,38,6.63290820664493,6.64790820664493,6.66290820664493,,6.55809905040238,6.53264890330366,6.62912275567785,6.53468317258569,6.57393256429902
684,Oracle,1340,5,Additive0.015,80400,60,6,6.62604231022558,6.64842956026638,6.65604231022558,,6.55885047136875,6.53244158148033,6.63020466055445,6.53666921284161,6.57360167231571
684,Oracle Vector,1340,5,Additive0.015,1865280,1687,13,6.63389464408113,6.64842956026638,6.66389464408112,,6.55885047136875,6.53244158148033,6.63020466055445,6.53666921284161,6.57360167231571
684,Value,1340,5,Additive0.015,470747,2686,35,6.63159034860593,6.64842956026638,6.66159034860592,,6.55885047136875,6.53244158148033,6.63020466055445,6.53666921284161,6.57360167231571
684,Vector,1340,5,Additive0.015,2417360,2173,20,6.63456500486541,6.64842956026638,6.66456500486541,,6.55885047136875,6.53244158148033,6.63020466055445,6.53666921284161,6.57360167231571
684,Dist L1,1340,5,Additive0.015,510956,2744,38,6.63290820664493,6.64842956026638,6.66290820664493,,6.55885047136875,6.53244158148033,6.63020466055445,6.53666921284161,6.57360167231571
685,Oracle,1340,5,Additive0.015,80400,60,6,6.62604231022558,6.64934250486213,6.65604231022558,,6.55863515004655,6.5337824889674,6.63182507426421,6.5384806790399,6.57368103493483
685,Oracle Vector,1340,5,Additive0.015,1870640,1692,13,6.63389464408113,6.64934250486213,6.66389464408112,,6.55863515004655,6.5337824889674,6.63182507426421,6.5384806790399,6.57368103493483
685,Value,1340,5,Additive0.015,470755,2696,35,6.63159034860593,6.64934250486213,6.66159034860592,,6.55863515004655,6.5337824889674,6.63182507426421,6.5384806790399,6.57368103493483
685,Vector,1340,5,Additive0.015,2422720,2178,20,6.63456500486541,6.64934250486213,6.66456500486541,,6.55863515004655,6.5337824889674,6.63182507426421,6.5384806790399,6.57368103493483
685,Dist L1,1340,5,Additive0.015,510956,2744,38,6.63290820664493,6.64934250486213,6.66290820664493,,6.55863515004655,6.5337824889674,6.63182507426421,6.5384806790399,6.57368103493483
686,Oracle,1340,5,Additive0.015,80400,60,6,6.62604231022558,6.64998389678954,6.65604231022558,,6.55893055755541,6.53375994124295,6.63279681474255,6.54048301005285,6.57346706458164
686,Oracle Vector,1340,5,Additive0.015,1881360,1702,13,6.63389464408113,6.64998389678954,6.66389464408112,,6.55893055755541,6.53375994124295,6.63279681474255,6.54048301005285,6.57346706458164
686,Vector,1340,5,Additive0.015,2422720,2178,20,6.63456500486541,6.64998389678954,6.66456500486541,,6.55893055755541,6.53375994124295,6.63279681474255,6.54048301005285,6.57346706458164
686,Value,1340,5,Additive0.015,470763,2706,35,6.63159034860593,6.64998389678954,6.66159034860592,,6.55893055755541,6.53375994124295,6.63279681474255,6.54048301005285,6.57346706458164
686,Dist L1,1340,5,Additive0.015,510956,2744,38,6.63290820664493,6.64998389678954,6.66290820664493,,6.55893055755541,6.53375994124295,6.63279681474255,6.54048301005285,6.57346706458164
687,Oracle,1340,5,Additive0.015,80400,60,6,6.62604231022558,6.65097514172123,6.65604231022558,,6.56104255188192,6.53424986214412,6.63433573573077,6.54198067207057,6.57362066879142
687,Oracle Vector,1340,5,Additive0.015,1881360,1702,13,6.63389464408113,6.65097514172123,6.66389464408112,,6.56104255188192,6.53424986214412,6.63433573573077,6.54198067207057,6.57362066879142
687,Vector,1340,5,Additive0.015,2422720,2178,20,6.63456500486541,6.65097514172123,6.66456500486541,,6.56104255188192,6.53424986214412,6.63433573573076,6.54198067207057,6.57362066879142
687,Value,1340,5,Additive0.015,470769,2714,35,6.63159034860593,6.65097514172123,6.66159034860592,,6.56104255188192,6.53424986214412,6.63433573573076,6.54198067207057,6.57362066879142
687,Dist L1,1340,5,Additive0.015,510956,2744,38,6.63290820664493,6.65097514172123,6.66290820664493,,6.56104255188192,6.53424986214412,6.63433573573076,6.54198067207057,6.57362066879142
688,Oracle Vector,1340,5,Additive0.015,1886720,1707,13,6.63389464408113,6.65158365277436,6.66389464408112,,6.56115824059423,6.5339806880764,6.63553943319055,6.54291007539748,6.5737315414991
688,Oracle,1340,5,Additive0.015,80400,60,6,6.62604231022558,6.65158365277436,6.65604231022558,,6.56115824059423,6.53398068807641,6.63553943319055,6.54291007539748,6.5737315414991
688,Vector,1340,5,Additive0.015,2430760,2185,20,6.63456500486541,6.65158365277436,6.66456500486541,,6.56115824059423,6.5339806880764,6.63553943319055,6.54291007539748,6.5737315414991
688,Value,1340,5,Additive0.015,470779,2726,35,6.63159034860593,6.65158365277436,6.66159034860592,,6.56115824059423,6.5339806880764,6.63553943319055,6.54291007539748,6.5737315414991
688,Dist L1,1340,5,Additive0.015,510956,2744,38,6.63290820664493,6.65158365277436,6.66290820664493,,6.56115824059423,6.5339806880764,6.63553943319055,6.54291007539748,6.5737315414991
689,Oracle,1340,5,Additive0.015,80400,60,6,6.62604231022558,6.65138832944878,6.65604231022558,,6.56137869136749,6.53360430505526,6.63602632555714,6.54269785047425,6.5727570430261
689,Oracle Vector,1340,5,Additive0.015,1892080,1712,13,6.63389464408113,6.65138832944878,6.66389464408112,,6.56137869136749,6.53360430505526,6.63602632555714,6.54269785047425,6.5727570430261
689,Vector,1340,5,Additive0.015,2436120,2190,20,6.63456500486541,6.65138832944878,6.66456500486541,,6.5613786913675,6.53360430505526,6.63602632555714,6.54269785047425,6.5727570430261
689,Value,1340,5,Additive0.015,484184,2747,36,6.63638832944878,6.65138832944878,6.66638832944878,,6.5613786913675,6.53360430505526,6.63602632555714,6.54269785047425,6.5727570430261
689,Dist L1,1340,5,Additive0.015,510956,2744,38,6.63290820664493,6.65138832944878,6.66290820664493,,6.5613786913675,6.53360430505526,6.63602632555714,6.54269785047425,6.5727570430261
690,Oracle,1340,5,Additive0.015,80400,60,6,6.62604231022558,6.65173281599551,6.65604231022558,,6.56225600574244,6.53271951529106,6.63671419756021,6.54371780488314,6.57364520643751
690,Oracle Vector,1340,5,Additive0.015,1900120,1719,13,6.63389464408113,6.65173281599551,6.66389464408112,,6.56225600574244,6.53271951529106,6.63671419756021,6.54371780488314,6.5736452064375
690,Vector,1340,5,Additive0.015,2436120,2190,20,6.63456500486541,6.65173281599551,6.66456500486541,,6.56225600574244,6.53271951529106,6.63671419756021,6.54371780488314,6.5736452064375
690,Value,1340,5,Additive0.015,484184,2747,36,6.63638832944878,6.65173281599551,6.66638832944878,,6.56225600574244,6.53271951529106,6.63671419756021,6.54371780488314,6.5736452064375
690,Dist L1,1340,5,Additive0.015,510956,2744,38,6.63290820664493,6.65173281599551,6.66290820664493,,6.56225600574244,6.53271951529106,6.63671419756021,6.54371780488314,6.5736452064375
691,Oracle,1340,5,Additive0.015,80400,60,6,6.62604231022558,6.65136037992324,6.65604231022558,,6.56184961663956,6.53166473390271,6.63663610198261,6.54432475577199,6.57221685751619
691,Oracle Vector,1340,5,Additive0.015,1900120,1719,13,6.63389464408113,6.65136037992324,6.66389464408112,,6.56184961663956,6.53166473390271,6.63663610198261,6.54432475577198,6.57221685751619
691,Value,1340,5,Additive0.015,484184,2747,36,6.63638832944878,6.65136037992324,6.66638832944878,,6.56184961663956,6.53166473390271,6.63663610198261,6.54432475577198,6.57221685751619
691,Vector,1340,5,Additive0.015,2441480,2195,20,6.63456500486541,6.65136037992324,6.66456500486541,,6.56184961663956,6.53166473390272,6.63663610198261,6.54432475577198,6.57221685751619
691,Dist L1,1340,5,Additive0.015,510960,2749,38,6.63290820664493,6.65136037992324,6.66290820664493,,6.56184961663956,6.53166473390272,6.63663610198261,6.54432475577198,6.57221685751619
692,Oracle,1340,5,Additive0.015,80400,60,6,6.62604231022558,6.65105142369594,6.65604231022558,,6.56304719964684,6.53104497679271,6.63693714594826,6.54409436270186,6.57087012531343
692,Oracle Vector,1340,5,Additive0.015,1900120,1719,13,6.63389464408113,6.65105142369594,6.66389464408112,,6.56304719964684,6.5310449767927,6.63693714594826,6.54409436270186,6.57087012531343
692,Value,1340,5,Additive0.015,484184,2747,36,6.63638832944878,6.65105142369594,6.66638832944878,,6.56304719964684,6.5310449767927,6.63693714594826,6.54409436270186,6.57087012531343
692,Vector,1340,5,Additive0.015,2446840,2200,20,6.63456500486541,6.65105142369594,6.66456500486541,,6.56304719964684,6.53104497679271,6.63693714594826,6.54409436270186,6.57087012531343
692,Dist L1,1340,5,Additive0.015,510960,2749,38,6.63290820664493,6.65105142369594,6.66290820664493,,6.56304719964684,6.53104497679271,6.63693714594826,6.54409436270186,6.57087012531343
693,Oracle,1340,5,Additive0.015,80400,60,6,6.62604231022558,6.65040531220346,6.65604231022558,,6.56221842548761,6.52987288174576,6.63629187439657,6.54425263151417,6.57039385614635
693,Oracle Vector,1340,5,Additive0.015,1900120,1719,13,6.63389464408113,6.65040531220346,6.66389464408112,,6.56221842548761,6.52987288174576,6.63629187439657,6.54425263151417,6.57039385614635
693,Value,1340,5,Additive0.015,484184,2747,36,6.63638832944878,6.65040531220346,6.66638832944878,,6.56221842548761,6.52987288174576,6.63629187439657,6.54425263151417,6.57039385614635
693,Vector,1340,5,Additive0.015,2452200,2205,20,6.63456500486541,6.65040531220346,6.66456500486541,,6.56221842548761,6.52987288174576,6.63629187439657,6.54425263151417,6.57039385614635
693,Dist L1,1340,5,Additive0.015,510964,2754,38,6.63290820664493,6.65040531220346,6.66290820664493,,6.56221842548761,6.52987288174576,6.63629187439657,6.54425263151417,6.57039385614635
694,Oracle,1340,5,Additive0.015,80400,60,6,6.62604231022558,6.65018773877706,6.65604231022558,,6.56251074402877,6.52994923375787,6.63458793436745,6.54409404619737,6.56882819073345
694,Oracle Vector,1340,5,Additive0.015,1900120,1719,13,6.63389464408113,6.65018773877707,6.66389464408112,,6.56251074402877,6.52994923375787,6.63458793436745,6.54409404619738,6.56882819073345
694,Value,1340,5,Additive0.015,484184,2747,36,6.63638832944878,6.65018773877706,6.66638832944878,,6.56251074402877,6.52994923375787,6.63458793436745,6.54409404619738,6.56882819073346
694,Vector,1340,5,Additive0.015,2452200,2205,20,6.63456500486541,6.65018773877707,6.66456500486541,,6.56251074402877,6.52994923375787,6.63458793436745,6.54409404619737,6.56882819073346
694,Dist L1,1340,5,Additive0.015,510964,2754,38,6.63290820664493,6.65018773877706,6.66290820664493,,6.56251074402877,6.52994923375788,6.63458793436745,6.54409404619737,6.56882819073346
695,Oracle,1340,5,Additive0.015,80400,60,6,6.62604231022558,6.64974046798506,6.65604231022558,,6.56316040514405,6.5298235060152,6.63364880775224,6.54416045385374,6.56657216840376
695,Vector,1340,5,Additive0.015,2452200,2205,20,6.63456500486541,6.64974046798506,6.66456500486541,,6.56316040514405,6.5298235060152,6.63364880775224,6.54416045385374,6.56657216840376
695,Oracle Vector,1340,5,Additive0.015,1905480,1724,13,6.63389464408113,6.64974046798506,6.66389464408112,,6.56316040514405,6.5298235060152,6.63364880775224,6.54416045385374,6.56657216840376
695,Value,1340,5,Additive0.015,484184,2747,36,6.63638832944878,6.64974046798506,6.66638832944878,,6.56316040514405,6.5298235060152,6.63364880775224,6.54416045385374,6.56657216840376
695,Dist L1,1340,5,Additive0.015,510964,2754,38,6.63290820664493,6.64974046798506,6.66290820664493,,6.56316040514405,6.5298235060152,6.63364880775224,6.54416045385374,6.56657216840376
696,Oracle,1340,5,Additive0.015,80400,60,6,6.62604231022558,6.6489455206859,6.65604231022558,,6.56228962516263,6.52902683657087,6.63114740898466,6.54447167029113,6.56551715535416
696,Oracle Vector,1340,5,Additive0.015,1905480,1724,13,6.63389464408113,6.6489455206859,6.66389464408112,,6.56228962516263,6.52902683657087,6.63114740898466,6.54447167029113,6.56551715535416
696,Value,1340,5,Additive0.015,484184,2747,36,6.63638832944878,6.6489455206859,6.66638832944878,,6.56228962516263,6.52902683657087,6.63114740898466,6.54447167029113,6.56551715535416
696,Vector,1340,5,Additive0.015,2457560,2210,20,6.63456500486541,6.6489455206859,6.66456500486541,,6.56228962516263,6.52902683657087,6.63114740898466,6.54447167029113,6.56551715535416
696,Dist L1,1340,5,Additive0.015,510964,2754,38,6.63290820664493,6.6489455206859,6.66290820664493,,6.56228962516263,6.52902683657087,6.63114740898466,6.54447167029113,6.56551715535416
697,Oracle,1340,5,Additive0.015,80400,60,6,6.62604231022558,6.64871771961546,6.65604231022558,,6.56418563549864,6.52934185443905,6.6302373157782,6.54397402633025,6.56430799637536
697,Oracle Vector,1340,5,Additive0.015,1905480,1724,13,6.63389464408113,6.64871771961546,6.66389464408112,,6.56418563549864,6.52934185443905,6.6302373157782,6.54397402633025,6.56430799637536
697,Value,1340,5,Additive0.015,484188,2752,36,6.63638832944878,6.64871771961546,6.66638832944878,,6.56418563549864,6.52934185443905,6.6302373157782,6.54397402633025,6.56430799637536
697,Vector,1340,5,Additive0.015,2457560,2210,20,6.63456500486541,6.64871771961546,6.66456500486541,,6.56418563549864,6.52934185443905,6.6302373157782,6.54397402633025,6.56430799637536
697,Dist L1,1340,5,Additive0.015,510970,2761,38,6.63290820664493,6.64871771961546,6.66290820664493,,6.56418563549864,6.52934185443905,6.6302373157782,6.54397402633025,6.56430799637536
698,Oracle,1340,5,Additive0.015,80400,60,6,6.62604231022558,6.64705285861682,6.65604231022558,,6.56350275006167,6.52798804698901,6.62734113877472,6.5417487139234,6.561666883565
698,Oracle Vector,1340,5,Additive0.015,1910840,1729,13,6.63389464408113,6.64705285861682,6.66389464408112,,6.56350275006168,6.52798804698901,6.62734113877472,6.54174871392341,6.561666883565
698,Vector,1340,5,Additive0.015,2457560,2210,20,6.63456500486541,6.64705285861682,6.66456500486541,,6.56350275006168,6.52798804698901,6.62734113877472,6.54174871392341,6.561666883565
698,Value,1340,5,Additive0.015,484198,2764,36,6.63638832944878,6.64705285861682,6.66638832944878,,6.56350275006168,6.52798804698901,6.62734113877472,6.54174871392341,6.561666883565
698,Dist L1,1340,5,Additive0.015,510974,2766,38,6.63290820664493,6.64705285861682,6.66290820664493,,6.56350275006168,6.52798804698901,6.62734113877472,6.54174871392341,6.561666883565
699,Oracle,1340,5,Additive0.015,80400,60,6,6.62604231022558,6.64635274795138,6.65604231022558,,6.56302051292257,6.52794605918243,6.62593629905869,6.541103889496,6.56141717609297
699,Oracle Vector,1340,5,Additive0.015,1910840,1729,13,6.63389464408113,6.64635274795138,6.66389464408112,,6.56302051292257,6.52794605918244,6.62593629905869,6.541103889496,6.56141717609298
699,Value,1340,5,Additive0.015,484202,2769,36,6.63638832944878,6.64635274795138,6.66638832944878,,6.56302051292257,6.52794605918244,6.62593629905869,6.541103889496,6.56141717609298
699,Vector,1340,5,Additive0.015,2468280,2220,20,6.63456500486541,6.64635274795138,6.66456500486541,,6.56302051292257,6.52794605918244,6.62593629905869,6.541103889496,6.56141717609298
699,Dist L1,1340,5,Additive0.015,510980,2774,38,6.63290820664493,6.64635274795138,6.66290820664493,,6.56302051292257,6.52794605918244,6.62593629905869,6.541103889496,6.56141717609298
700,Oracle,1340,5,Additive0.015,80400,60,6,6.62604231022558,6.64519323022548,6.65604231022558,,6.56240243755983,6.52763366315075,6.62535383581686,6.54152027170143,6.56184915807901
700,Oracle Vector,1340,5,Additive0.015,1918880,1736,13,6.63389464408113,6.64519323022548,6.66389464408112,,6.56240243755984,6.52763366315075,6.62535383581686,6.54152027170143,6.56184915807901
700,Vector,1340,5,Additive0.015,2476320,2227,20,6.63456500486541,6.64519323022548,6.66456500486541,,6.56240243755984,6.52763366315075,6.62535383581686,6.54152027170143,6.56184915807901
700,Value,1340,5,Additive0.015,497607,2791,37,6.63019323022548,6.64519323022548,6.66019323022548,,6.56240243755984,6.52763366315075,6.62535383581686,6.54152027170143,6.56184915807901
700,Dist L1,1340,5,Additive0.015,524385,2796,39,6.63019323022548,6.64519323022548,6.66019323022548,,6.56240243755984,6.52763366315075,6.62535383581686,6.54152027170143,6.56184915807901
701,Oracle,1340,5,Additive0.015,80400,60,6,6.62604231022558,6.64371850818308,6.65604231022558,,6.56100442117921,6.52609744068895,6.62423255277662,6.54263420668977,6.56233051646921
701,Oracle Vector,1340,5,Additive0.015,1918880,1736,13,6.63389464408113,6.64371850818308,6.66389464408112,,6.56100442117922,6.52609744068895,6.62423255277662,6.54263420668977,6.56233051646921
701,Value,1340,5,Additive0.015,497607,2791,37,6.63019323022548,6.64371850818308,6.66019323022548,,6.56100442117921,6.52609744068895,6.62423255277662,6.54263420668977,6.56233051646921
701,Vector,1340,5,Additive0.015,2481680,2232,20,6.63456500486541,6.64371850818308,6.66456500486541,,6.56100442117922,6.52609744068895,6.62423255277662,6.54263420668977,6.56233051646921
701,Dist L1,1340,5,Additive0.015,524385,2796,39,6.63019323022548,6.64371850818308,6.66019323022548,,6.56100442117922,6.52609744068895,6.62423255277662,6.54263420668977,6.56233051646921
702,Oracle,1340,5,Additive0.015,80400,60,6,6.62604231022558,6.64099355104884,6.65604231022558,,6.55871552316001,6.5234534258238,6.62124566599449,6.5416386294179,6.56067884047922
702,Oracle Vector,1340,5,Additive0.015,1918880,1736,13,6.63389464408113,6.64099355104884,6.66389464408112,,6.55871552316001,6.52345342582379,6.62124566599449,6.5416386294179,6.56067884047923
702,Value,1340,5,Additive0.015,497607,2791,37,6.63019323022548,6.64099355104884,6.66019323022548,,6.55871552316001,6.52345342582379,6.62124566599449,6.5416386294179,6.56067884047923
702,Vector,1340,5,Additive0.015,2487040,2237,20,6.63456500486541,6.64099355104884,6.66456500486541,,6.55871552316001,6.5234534258238,6.62124566599449,6.5416386294179,6.56067884047923
702,Dist L1,1340,5,Additive0.015,524385,2796,39,6.63019323022548,6.64099355104884,6.66019323022548,,6.55871552316001,6.5234534258238,6.62124566599449,6.5416386294179,6.56067884047923
703,Oracle,1340,5,Additive0.015,80400,60,6,6.62604231022558,6.63890402009628,6.65604231022558,,6.55682590183458,6.52171039791342,6.61849698834991,6.54112498896858,6.55929870157556
703,Oracle Vector,1340,5,Additive0.015,1924240,1741,13,6.63389464408113,6.63890402009628,6.66389464408112,,6.55682590183458,6.52171039791343,6.61849698834991,6.54112498896858,6.55929870157556
703,Value,1340,5,Additive0.015,497607,2791,37,6.63019323022548,6.63890402009628,6.66019323022548,,6.55682590183458,6.52171039791343,6.61849698834991,6.54112498896858,6.55929870157556
703,Vector,1340,5,Additive0.015,2500440,2248,20,6.63456500486541,6.63890402009628,6.66456500486541,,6.55682590183458,6.52171039791343,6.61849698834991,6.54112498896858,6.55929870157556
703,Dist L1,1340,5,Additive0.015,524385,2796,39,6.63019323022548,6.63890402009628,6.66019323022548,,6.55682590183458,6.52171039791343,6.61849698834991,6.54112498896858,6.55929870157556
704,Oracle,1340,5,Additive0.015,80400,60,6,6.62604231022558,6.63740833839767,6.65604231022558,,6.55614826974788,6.52065012606866,6.61696844108105,6.53959783791355,6.55881872673983
704,Oracle Vector,1340,5,Additive0.015,1929600,1746,13,6.63389464408113,6.63740833839768,6.66389464408112,,6.55614826974788,6.52065012606866,6.61696844108105,6.53959783791354,6.55881872673983
704,Value,1340,5,Additive0.015,497613,2799,37,6.63019323022548,6.63740833839768,6.66019323022548,,6.55614826974788,6.52065012606866,6.61696844108105,6.53959783791354,6.55881872673982
704,Vector,1340,5,Additive0.015,2513840,2258,21,6.62240833839768,6.63740833839768,6.65240833839768,,6.55614826974788,6.52065012606866,6.61696844108105,6.53959783791354,6.55881872673983
704,Dist L1,1340,5,Additive0.015,524389,2801,39,6.63019323022548,6.63740833839768,6.66019323022548,,6.55614826974788,6.52065012606866,6.61696844108105,6.53959783791354,6.55881872673982
705,Oracle,1340,5,Additive0.015,80400,60,6,6.62604231022558,6.63652760807913,6.65604231022558,,6.55685767362334,6.52005879028937,6.61568975429791,6.53872277494683,6.55809828125979
705,Oracle Vector,1340,5,Additive0.015,1940320,1755,13,6.63389464408113,6.63652760807913,6.66389464408112,,6.55685767362334,6.52005879028937,6.61568975429791,6.53872277494683,6.55809828125979
705,Vector,1340,5,Additive0.015,2513840,2258,21,6.62240833839768,6.63652760807913,6.65240833839768,,6.55685767362334,6.52005879028937,6.61568975429791,6.53872277494683,6.55809828125979
705,Value,1340,5,Additive0.015,497623,2811,37,6.63019323022548,6.63652760807913,6.66019323022548,,6.55685767362334,6.52005879028937,6.61568975429791,6.53872277494683,6.55809828125979
705,Dist L1,1340,5,Additive0.015,524399,2813,39,6.63019323022548,6.63652760807913,6.66019323022548,,6.55685767362333,6.52005879028937,6.61568975429791,6.53872277494683,6.55809828125979
706,Oracle,1340,5,Additive0.015,80400,60,6,6.62604231022558,6.63550891319322,6.65604231022558,,6.55679128002287,6.51920210241471,6.61480503899817,6.5380686380046,6.5571668521557
706,Oracle Vector,1340,5,Additive0.015,1945680,1760,13,6.63389464408113,6.63550891319322,6.66389464408112,,6.55679128002287,6.5192021024147,6.61480503899817,6.5380686380046,6.55716685215569
706,Vector,1340,5,Additive0.015,2513840,2258,21,6.62240833839768,6.63550891319322,6.65240833839768,,6.55679128002287,6.5192021024147,6.61480503899817,6.5380686380046,6.55716685215569
706,Value,1340,5,Additive0.015,511028,2831,38,6.62050891319322,6.63550891319322,6.65050891319322,,6.55679128002287,6.5192021024147,6.61480503899817,6.5380686380046,6.55716685215569
706,Dist L1,1340,5,Additive0.015,537804,2833,40,6.62050891319322,6.63550891319322,6.65050891319322,,6.55679128002287,6.5192021024147,6.61480503899817,6.5380686380046,6.55716685215569
707,Oracle,1340,5,Additive0.015,80400,60,6,6.62604231022558,6.63417592504252,6.65604231022558,,6.55657299402308,6.51844478414017,6.61291347791384,6.53709148161196,6.55524271439017
707,Vector,1340,5,Additive0.015,2513840,2258,21,6.62240833839768,6.63417592504252,6.65240833839768,,6.55657299402308,6.51844478414017,6.61291347791384,6.53709148161196,6.55524271439017
707,Oracle Vector,1340,5,Additive0.015,1959080,1771,13,6.63389464408113,6.63417592504252,6.66389464408112,,6.55657299402308,6.51844478414017,6.61291347791384,6.53709148161196,6.55524271439017
707,Value,1340,5,Additive0.015,511028,2831,38,6.62050891319322,6.63417592504252,6.65050891319322,,6.55657299402308,6.51844478414017,6.61291347791384,6.53709148161196,6.55524271439017
707,Dist L1,1340,5,Additive0.015,537804,2833,40,6.62050891319322,6.63417592504252,6.65050891319322,,6.55657299402308,6.51844478414017,6.61291347791384,6.53709148161196,6.55524271439017
708,Oracle,1340,5,Additive0.015,80400,60,6,6.62604231022558,6.63345257778525,6.65604231022558,,6.55706770348647,6.51681051167892,6.61148189307938,6.53705436856726,6.55415550713521
708,Value,1340,5,Additive0.015,511028,2831,38,6.62050891319322,6.63345257778525,6.65050891319322,,6.55706770348647,6.51681051167892,6.61148189307938,6.53705436856726,6.55415550713521
708,Vector,1340,5,Additive0.015,2513840,2258,21,6.62240833839768,6.63345257778525,6.65240833839768,,6.55706770348647,6.51681051167892,6.61148189307938,6.53705436856726,6.55415550713521
708,Oracle Vector,1340,5,Additive0.015,1972480,1782,14,6.61845257778525,6.63345257778525,6.64845257778525,,6.55706770348647,6.51681051167892,6.61148189307938,6.53705436856726,6.55415550713521
708,Dist L1,1340,5,Additive0.015,537804,2833,40,6.62050891319322,6.63345257778525,6.65050891319322,,6.55706770348647,6.51681051167892,6.61148189307938,6.53705436856726,6.55415550713521
709,Oracle,1340,5,Additive0.015,80400,60,6,6.62604231022558,6.633240778507,6.65604231022558,,6.55812318831276,6.51545335314386,6.61091910340476,6.53644975552461,6.55410457164912
709,Oracle Vector,1340,5,Additive0.015,1972480,1782,14,6.61845257778525,6.633240778507,6.64845257778525,,6.55812318831276,6.51545335314386,6.61091910340476,6.53644975552461,6.55410457164912
709,Value,1340,5,Additive0.015,511028,2831,38,6.62050891319322,6.633240778507,6.65050891319322,,6.55812318831276,6.51545335314386,6.61091910340476,6.53644975552461,6.55410457164912
709,Vector,1340,5,Additive0.015,2519200,2263,21,6.62240833839768,6.633240778507,6.65240833839768,,6.55812318831276,6.51545335314386,6.61091910340476,6.53644975552461,6.55410457164912
709,Dist L1,1340,5,Additive0.015,537804,2833,40,6.62050891319322,6.633240778507,6.65050891319322,,6.55812318831276,6.51545335314386,6.61091910340476,6.53644975552461,6.55410457164912
710,Oracle,1340,5,Additive0.015,80400,60,6,6.62604231022558,6.63243541951064,6.65604231022558,,6.55758943892699,6.51428510494351,6.61013286371124,6.53553238512256,6.55207726064996
710,Oracle Vector,1340,5,Additive0.015,1972480,1782,14,6.61845257778525,6.63243541951064,6.64845257778525,,6.55758943892699,6.51428510494351,6.61013286371124,6.53553238512256,6.55207726064996
710,Vector,1340,5,Additive0.015,2519200,2263,21,6.62240833839768,6.63243541951064,6.65240833839768,,6.55758943892699,6.51428510494351,6.61013286371124,6.53553238512256,6.55207726064996
710,Value,1340,5,Additive0.015,511028,2831,38,6.62050891319322,6.63243541951064,6.65050891319322,,6.55758943892699,6.51428510494351,6.61013286371124,6.53553238512256,6.55207726064996
710,Dist L1,1340,5,Additive0.015,537804,2833,40,6.62050891319322,6.63243541951064,6.65050891319322,,6.55758943892699,6.51428510494351,6.61013286371124,6.53553238512256,6.55207726064996
711,Oracle,1340,5,Additive0.015,80400,60,6,6.62604231022558,6.63163934580443,6.65604231022558,,6.55759193747869,6.51294185736665,6.60878772051802,6.53438928883388,6.55111019271652
711,Oracle Vector,1340,5,Additive0.015,1972480,1782,14,6.61845257778525,6.63163934580443,6.64845257778525,,6.55759193747869,6.51294185736665,6.60878772051802,6.53438928883388,6.55111019271652
711,Value,1340,5,Additive0.015,511032,2836,38,6.62050891319322,6.63163934580444,6.65050891319322,,6.55759193747869,6.51294185736665,6.60878772051801,6.53438928883388,6.55111019271652
711,Vector,1340,5,Additive0.015,2527240,2270,21,6.62240833839768,6.63163934580443,6.65240833839768,,6.55759193747869,6.51294185736665,6.60878772051801,6.53438928883388,6.55111019271652
711,Dist L1,1340,5,Additive0.015,537808,2838,40,6.62050891319322,6.63163934580443,6.65050891319322,,6.55759193747869,6.51294185736665,6.60878772051801,6.53438928883388,6.55111019271652
712,Oracle,1340,5,Additive0.015,80400,60,6,6.62604231022558,6.63162157796942,6.65604231022558,,6.55845589646482,6.51182917661099,6.6086551827493,6.53482999846401,6.55066910655674
712,Oracle Vector,1340,5,Additive0.015,1972480,1782,14,6.61845257778525,6.63162157796942,6.64845257778525,,6.55845589646482,6.51182917661099,6.6086551827493,6.53482999846401,6.55066910655674
712,Value,1340,5,Additive0.015,511032,2836,38,6.62050891319322,6.63162157796942,6.65050891319322,,6.55845589646482,6.51182917661099,6.6086551827493,6.53482999846401,6.55066910655674
712,Vector,1340,5,Additive0.015,2532600,2275,21,6.62240833839768,6.63162157796942,6.65240833839768,,6.55845589646482,6.51182917661099,6.6086551827493,6.53482999846401,6.55066910655674
712,Dist L1,1340,5,Additive0.015,537814,2845,40,6.62050891319322,6.63162157796942,6.65050891319322,,6.55845589646482,6.51182917661099,6.6086551827493,6.53482999846401,6.55066910655674
713,Oracle,1340,5,Additive0.015,80400,60,6,6.62604231022558,6.63162839727263,6.65604231022558,,6.55801921864413,6.51136381314871,6.60830373827177,6.53513249717729,6.55136430651316
713,Oracle Vector,1340,5,Additive0.015,1972480,1782,14,6.61845257778525,6.63162839727263,6.64845257778525,,6.55801921864413,6.51136381314871,6.60830373827177,6.53513249717729,6.55136430651316
713,Value,1340,5,Additive0.015,511036,2841,38,6.62050891319322,6.63162839727263,6.65050891319322,,6.55801921864413,6.51136381314871,6.60830373827177,6.53513249717729,6.55136430651316
713,Vector,1340,5,Additive0.015,2540640,2282,21,6.62240833839768,6.63162839727263,6.65240833839768,,6.55801921864413,6.51136381314871,6.60830373827177,6.53513249717729,6.55136430651316
713,Dist L1,1340,5,Additive0.015,537814,2845,40,6.62050891319322,6.63162839727263,6.65050891319322,,6.55801921864413,6.51136381314871,6.60830373827177,6.53513249717729,6.55136430651316
714,Oracle,1340,5,Additive0.015,80400,60,6,6.62604231022558,6.63298837139672,6.65604231022558,,6.55952639383418,6.51204862301272,6.60900042612868,6.53619835688561,6.55271287194985
714,Oracle Vector,1340,5,Additive0.015,1972480,1782,14,6.61845257778525,6.63298837139672,6.64845257778525,,6.55952639383418,6.51204862301272,6.60900042612868,6.53619835688561,6.55271287194985
714,Vector,1340,5,Additive0.015,2540640,2282,21,6.62240833839768,6.63298837139672,6.65240833839768,,6.55952639383418,6.51204862301272,6.60900042612868,6.53619835688561,6.55271287194985
714,Value,1340,5,Additive0.015,511036,2841,38,6.62050891319322,6.63298837139672,6.65050891319322,,6.55952639383418,6.51204862301272,6.60900042612868,6.53619835688561,6.55271287194985
714,Dist L1,1340,5,Additive0.015,537814,2845,40,6.62050891319322,6.63298837139672,6.65050891319322,,6.55952639383418,6.51204862301272,6.60900042612868,6.53619835688561,6.55271287194985
715,Oracle,1340,5,Additive0.015,80400,60,6,6.62604231022558,6.63350804383053,6.65604231022558,,6.55944099645212,6.51196280864847,6.6096545962964,6.53702512125307,6.55231089216164
715,Oracle Vector,1340,5,Additive0.015,1972480,1782,14,6.61845257778525,6.63350804383053,6.64845257778525,,6.55944099645212,6.51196280864847,6.6096545962964,6.53702512125306,6.55231089216164
715,Value,1340,5,Additive0.015,511036,2841,38,6.62050891319322,6.63350804383053,6.65050891319322,,6.55944099645212,6.51196280864847,6.6096545962964,6.53702512125306,6.55231089216164
715,Vector,1340,5,Additive0.015,2546000,2287,21,6.62240833839768,6.63350804383053,6.65240833839768,,6.55944099645212,6.51196280864847,6.6096545962964,6.53702512125306,6.55231089216164
715,Dist L1,1340,5,Additive0.015,537814,2845,40,6.62050891319322,6.63350804383053,6.65050891319322,,6.55944099645212,6.51196280864847,6.6096545962964,6.53702512125306,6.55231089216164
716,Oracle,1340,5,Additive0.015,80400,60,6,6.62604231022558,6.63417316300472,6.65604231022558,,6.56012210458032,6.51208733090836,6.61054569822981,6.53874510256841,6.55246968446666
716,Oracle Vector,1340,5,Additive0.015,1972480,1782,14,6.61845257778525,6.63417316300472,6.64845257778525,,6.56012210458032,6.51208733090836,6.61054569822981,6.53874510256841,6.55246968446666
716,Value,1340,5,Additive0.015,511040,2846,38,6.62050891319322,6.63417316300472,6.65050891319322,,6.56012210458032,6.51208733090836,6.61054569822981,6.53874510256841,6.55246968446666
716,Vector,1340,5,Additive0.015,2551360,2292,21,6.62240833839768,6.63417316300472,6.65240833839768,,6.56012210458032,6.51208733090836,6.61054569822981,6.53874510256841,6.55246968446666
716,Dist L1,1340,5,Additive0.015,537814,2845,40,6.62050891319322,6.63417316300472,6.65050891319322,,6.56012210458032,6.51208733090836,6.61054569822981,6.53874510256841,6.55246968446666
717,Oracle,1340,5,Additive0.015,80400,60,6,6.62604231022558,6.63472282778511,6.65604231022558,,6.56101671564387,6.51236788800684,6.61180489543881,6.53920769312002,6.55298440107237
717,Oracle Vector,1340,5,Additive0.015,1972480,1782,14,6.61845257778525,6.63472282778511,6.64845257778525,,6.56101671564387,6.51236788800684,6.61180489543881,6.53920769312002,6.55298440107237
717,Value,1340,5,Additive0.015,511044,2851,38,6.62050891319322,6.63472282778511,6.65050891319322,,6.56101671564387,6.51236788800684,6.61180489543881,6.53920769312002,6.55298440107237
717,Vector,1340,5,Additive0.015,2556720,2297,21,6.62240833839768,6.63472282778511,6.65240833839768,,6.56101671564387,6.51236788800684,6.61180489543881,6.53920769312002,6.55298440107237
717,Dist L1,1340,5,Additive0.015,537818,2850,40,6.62050891319322,6.63472282778511,6.65050891319322,,6.56101671564387,6.51236788800684,6.61180489543881,6.53920769312002,6.55298440107237
718,Oracle,1340,5,Additive0.015,80400,60,6,6.62604231022558,6.63610860437758,6.65604231022558,,6.56263137661423,6.51349189750646,6.61296330761929,6.54051266263275,6.55338116888172
718,Value,1340,5,Additive0.015,511044,2851,38,6.62050891319322,6.63610860437758,6.65050891319322,,6.56263137661423,6.51349189750646,6.61296330761929,6.54051266263275,6.55338116888172
718,Vector,1340,5,Additive0.015,2556720,2297,21,6.62240833839768,6.63610860437758,6.65240833839768,,6.56263137661423,6.51349189750646,6.61296330761929,6.54051266263275,6.55338116888172
718,Oracle Vector,1340,5,Additive0.015,1977840,1787,14,6.61845257778525,6.63610860437758,6.64845257778525,,6.56263137661423,6.51349189750646,6.61296330761929,6.54051266263275,6.55338116888172
718,Dist L1,1340,5,Additive0.015,537818,2850,40,6.62050891319322,6.63610860437758,6.65050891319322,,6.56263137661423,6.51349189750646,6.61296330761929,6.54051266263275,6.55338116888172
719,Oracle,1340,5,Additive0.015,80400,60,6,6.62604231022558,6.63711409191281,6.65604231022558,,6.56315248674486,6.51372660016249,6.61344229196387,6.54210059311016,6.55466635320659
719,Oracle Vector,1340,5,Additive0.015,1977840,1787,14,6.61845257778525,6.63711409191281,6.64845257778525,,6.56315248674486,6.51372660016249,6.61344229196387,6.54210059311016,6.55466635320659
719,Value,1340,5,Additive0.015,511044,2851,38,6.62050891319322,6.63711409191281,6.65050891319322,,6.56315248674486,6.51372660016249,6.61344229196387,6.54210059311016,6.55466635320659
719,Vector,1340,5,Additive0.015,2556720,2297,21,6.62240833839768,6.63711409191281,6.65240833839768,,6.56315248674486,6.51372660016249,6.61344229196387,6.54210059311016,6.55466635320659
719,Dist L1,1340,5,Additive0.015,537818,2850,40,6.62050891319322,6.63711409191281,6.65050891319322,,6.56315248674486,6.51372660016249,6.61344229196387,6.54210059311016,6.55466635320659
720,Oracle,1340,5,Additive0.015,80400,60,6,6.62604231022558,6.63775430851656,6.65604231022558,,6.56347876866244,6.51362816685178,6.61417966129044,6.54311587764283,6.55555535242941
720,Oracle Vector,1340,5,Additive0.015,1977840,1787,14,6.61845257778525,6.63775430851656,6.64845257778525,,6.56347876866243,6.51362816685178,6.61417966129044,6.54311587764283,6.55555535242941
720,Vector,1340,5,Additive0.015,2556720,2297,21,6.62240833839768,6.63775430851656,6.65240833839768,,6.56347876866243,6.51362816685178,6.61417966129044,6.54311587764283,6.55555535242941
720,Value,1340,5,Additive0.015,511044,2851,38,6.62050891319322,6.63775430851656,6.65050891319322,,6.56347876866243,6.51362816685178,6.61417966129044,6.54311587764283,6.5555553524294
720,Dist L1,1340,5,Additive0.015,537818,2850,40,6.62050891319322,6.63775430851656,6.65050891319322,,6.56347876866243,6.51362816685178,6.61417966129044,6.54311587764283,6.5555553524294
721,Oracle,1340,5,Additive0.015,80400,60,6,6.62604231022558,6.63798920784065,6.65604231022558,,6.56359633586091,6.51339029673845,6.61481983198724,6.5431232725492,6.55602585363601
721,Oracle Vector,1340,5,Additive0.015,1977840,1787,14,6.61845257778525,6.63798920784065,6.64845257778525,,6.56359633586091,6.51339029673845,6.61481983198724,6.54312327254919,6.55602585363601
721,Value,1340,5,Additive0.015,511044,2851,38,6.62050891319322,6.63798920784065,6.65050891319322,,6.56359633586091,6.51339029673845,6.61481983198724,6.5431232725492,6.55602585363601
721,Vector,1340,5,Additive0.015,2556720,2297,21,6.62240833839768,6.63798920784065,6.65240833839768,,6.56359633586091,6.51339029673845,6.61481983198724,6.54312327254919,6.55602585363601
721,Dist L1,1340,5,Additive0.015,537818,2850,40,6.62050891319322,6.63798920784065,6.65050891319322,,6.56359633586091,6.51339029673845,6.61481983198724,6.5431232725492,6.55602585363601
722,Oracle,1340,5,Additive0.015,80400,60,6,6.62604231022558,6.63789176640815,6.65604231022558,,6.56354942718286,6.51220903169469,6.61503517236008,6.54335950471847,6.55490518853869
722,Oracle Vector,1340,5,Additive0.015,1977840,1787,14,6.61845257778525,6.63789176640815,6.64845257778525,,6.56354942718286,6.51220903169469,6.61503517236008,6.54335950471847,6.55490518853869
722,Vector,1340,5,Additive0.015,2556720,2297,21,6.62240833839768,6.63789176640815,6.65240833839768,,6.56354942718286,6.51220903169469,6.61503517236008,6.54335950471847,6.55490518853869
722,Value,1340,5,Additive0.015,511048,2856,38,6.62050891319322,6.63789176640815,6.65050891319322,,6.56354942718286,6.51220903169469,6.61503517236008,6.54335950471847,6.55490518853869
722,Dist L1,1340,5,Additive0.015,537818,2850,40,6.62050891319322,6.63789176640815,6.65050891319322,,6.56354942718286,6.51220903169469,6.61503517236008,6.54335950471847,6.55490518853869
723,Oracle,1340,5,Additive0.015,80400,60,6,6.62604231022558,6.6380014877844,6.65604231022558,,6.56430204022498,6.51106421693694,6.61578905867905,6.54334562296433,6.55574965541121
723,Value,1340,5,Additive0.015,511048,2856,38,6.62050891319322,6.6380014877844,6.65050891319322,,6.56430204022497,6.51106421693694,6.61578905867905,6.54334562296433,6.55574965541121
723,Oracle Vector,1340,5,Additive0.015,1983200,1792,14,6.61845257778525,6.6380014877844,6.64845257778525,,6.56430204022497,6.51106421693694,6.61578905867905,6.54334562296433,6.55574965541121
723,Vector,1340,5,Additive0.015,2556720,2297,21,6.62240833839768,6.6380014877844,6.65240833839768,,6.56430204022497,6.51106421693694,6.61578905867905,6.54334562296433,6.55574965541121
723,Dist L1,1340,5,Additive0.015,537826,2860,40,6.62050891319322,6.6380014877844,6.65050891319322,,6.56430204022497,6.51106421693694,6.61578905867905,6.54334562296433,6.55574965541121
724,Oracle,1340,5,Additive0.015,80400,60,6,6.62604231022558,6.63876119096637,6.65604231022558,,6.56625133637106,6.51192052413553,6.61608084269762,6.54298763703688,6.55612704716393
724,Value,1340,5,Additive0.015,511052,2861,38,6.62050891319322,6.63876119096637,6.65050891319322,,6.56625133637106,6.51192052413553,6.61608084269762,6.54298763703688,6.55612704716393
724,Oracle Vector,1340,5,Additive0.015,1983200,1792,14,6.61845257778525,6.63876119096637,6.64845257778525,,6.56625133637106,6.51192052413553,6.61608084269762,6.54298763703688,6.55612704716393
724,Vector,1340,5,Additive0.015,2567440,2307,21,6.62240833839768,6.63876119096637,6.65240833839768,,6.56625133637106,6.51192052413553,6.61608084269762,6.54298763703688,6.55612704716393
724,Dist L1,1340,5,Additive0.015,537826,2860,40,6.62050891319322,6.63876119096637,6.65050891319322,,6.56625133637106,6.51192052413553,6.61608084269762,6.54298763703688,6.55612704716393
725,Oracle,1340,5,Additive0.015,80400,60,6,6.62604231022558,6.63880115400059,6.65604231022558,,6.56742532646409,6.51187996875576,6.6166119976931,6.54115479331421,6.55544602457258
725,Oracle Vector,1340,5,Additive0.015,1983200,1792,14,6.61845257778525,6.63880115400059,6.64845257778525,,6.56742532646409,6.51187996875576,6.6166119976931,6.54115479331421,6.55544602457258
725,Value,1340,5,Additive0.015,511056,2866,38,6.62050891319322,6.63880115400059,6.65050891319322,,6.56742532646409,6.51187996875576,6.6166119976931,6.54115479331421,6.55544602457258
725,Vector,1340,5,Additive0.015,2567440,2307,21,6.62240833839768,6.63880115400059,6.65240833839768,,6.56742532646409,6.51187996875576,6.6166119976931,6.54115479331421,6.55544602457258
725,Dist L1,1340,5,Additive0.015,537826,2860,40,6.62050891319322,6.63880115400059,6.65050891319322,,6.56742532646409,6.51187996875576,6.6166119976931,6.54115479331421,6.55544602457258
726,Oracle,1340,5,Additive0.015,80400,60,6,6.62604231022558,6.6387659449595,6.65604231022558,,6.56806173387841,6.51249416094386,6.61698617420615,6.53926608621436,6.55466919550746
726,Oracle Vector,1340,5,Additive0.015,1983200,1792,14,6.61845257778525,6.6387659449595,6.64845257778525,,6.56806173387841,6.51249416094386,6.61698617420616,6.53926608621436,6.55466919550746
726,Vector,1340,5,Additive0.015,2567440,2307,21,6.62240833839768,6.6387659449595,6.65240833839768,,6.56806173387841,6.51249416094386,6.61698617420616,6.53926608621436,6.55466919550746
726,Value,1340,5,Additive0.015,511066,2878,38,6.62050891319322,6.6387659449595,6.65050891319322,,6.56806173387841,6.51249416094386,6.61698617420616,6.53926608621436,6.55466919550746
726,Dist L1,1340,5,Additive0.015,537834,2870,40,6.62050891319322,6.6387659449595,6.65050891319322,,6.56806173387841,6.51249416094386,6.61698617420616,6.53926608621436,6.55466919550746
727,Oracle,1340,5,Additive0.015,80400,60,6,6.62604231022558,6.638780196749,6.65604231022558,,6.56838698950962,6.51282503233155,6.61703764666102,6.53756269636092,6.55366201503643
727,Oracle Vector,1340,5,Additive0.015,1991240,1800,14,6.61845257778525,6.638780196749,6.64845257778525,,6.56838698950962,6.51282503233155,6.61703764666102,6.53756269636092,6.55366201503643
727,Value,1340,5,Additive0.015,511076,2890,38,6.62050891319322,6.638780196749,6.65050891319322,,6.56838698950962,6.51282503233155,6.61703764666102,6.53756269636092,6.55366201503643
727,Vector,1340,5,Additive0.015,2578160,2317,21,6.62240833839768,6.638780196749,6.65240833839768,,6.56838698950962,6.51282503233155,6.61703764666102,6.53756269636092,6.55366201503643
727,Dist L1,1340,5,Additive0.015,537850,2890,40,6.62050891319322,6.638780196749,6.65050891319322,,6.56838698950962,6.51282503233155,6.61703764666102,6.53756269636092,6.55366201503643
728,Oracle,1340,5,Additive0.015,80400,60,6,6.62604231022558,6.63910978289133,6.65604231022558,,6.56923349185091,6.51214842866042,6.61775601650001,6.53717043610408,6.55228503912821
728,Value,1340,5,Additive0.015,511080,2895,38,6.62050891319322,6.63910978289133,6.65050891319322,,6.56923349185091,6.51214842866043,6.61775601650001,6.53717043610408,6.55228503912821
728,Oracle Vector,1340,5,Additive0.015,1996600,1805,14,6.61845257778525,6.63910978289133,6.64845257778525,,6.56923349185091,6.51214842866042,6.61775601650001,6.53717043610408,6.55228503912821
728,Vector,1340,5,Additive0.015,2583520,2322,21,6.62240833839768,6.63910978289133,6.65240833839768,,6.56923349185091,6.51214842866042,6.61775601650001,6.53717043610408,6.55228503912821
728,Dist L1,1340,5,Additive0.015,537856,2898,40,6.62050891319322,6.63910978289133,6.65050891319322,,6.56923349185091,6.51214842866042,6.61775601650001,6.53717043610408,6.55228503912821
729,Oracle,1340,5,Additive0.015,80400,60,6,6.62604231022558,6.63945479529127,6.65604231022558,,6.56959635278537,6.51314336317288,6.61754460067,6.53648318515627,6.55195355901653
729,Oracle Vector,1340,5,Additive0.015,2001960,1810,14,6.61845257778525,6.63945479529126,6.64845257778525,,6.56959635278537,6.51314336317288,6.61754460067,6.53648318515627,6.55195355901653
729,Value,1340,5,Additive0.015,511084,2900,38,6.62050891319322,6.63945479529127,6.65050891319322,,6.56959635278537,6.51314336317288,6.61754460067,6.53648318515627,6.55195355901653
729,Vector,1340,5,Additive0.015,2594240,2332,21,6.62240833839768,6.63945479529127,6.65240833839768,,6.56959635278537,6.51314336317288,6.61754460067,6.53648318515627,6.55195355901653
729,Dist L1,1340,5,Additive0.015,537868,2912,40,6.62050891319322,6.63945479529127,6.65050891319322,,6.56959635278537,6.51314336317288,6.61754460067,6.53648318515627,6.55195355901653
730,Oracle,1340,5,Additive0.015,80400,60,6,6.62604231022558,6.63914901794108,6.65604231022558,,6.56967308450902,6.51197470898168,6.61808615383872,6.53606228741243,6.55106747086507
730,Oracle Vector,1340,5,Additive0.015,2007320,1815,14,6.61845257778525,6.63914901794108,6.64845257778525,,6.56967308450902,6.51197470898168,6.61808615383872,6.53606228741243,6.55106747086507
730,Value,1340,5,Additive0.015,511092,2910,38,6.62050891319322,6.63914901794108,6.65050891319322,,6.56967308450902,6.51197470898168,6.61808615383872,6.53606228741243,6.55106747086507
730,Vector,1340,5,Additive0.015,2599600,2337,21,6.62240833839768,6.63914901794108,6.65240833839768,,6.56967308450902,6.51197470898168,6.61808615383872,6.53606228741243,6.55106747086507
730,Dist L1,1340,5,Additive0.015,537878,2924,40,6.62050891319322,6.63914901794108,6.65050891319322,,6.56967308450902,6.51197470898168,6.61808615383872,6.53606228741243,6.55106747086507
731,Oracle,1340,5,Additive0.015,80400,60,6,6.62604231022558,6.64039515152393,6.65604231022558,,6.57049351917785,6.5130392490041,6.61936768623184,6.53739623417663,6.55180047894609
731,Value,1340,5,Additive0.015,511096,2915,38,6.62050891319322,6.64039515152393,6.65050891319322,,6.57049351917785,6.5130392490041,6.61936768623184,6.53739623417663,6.55180047894609
731,Oracle Vector,1340,5,Additive0.015,2012680,1820,14,6.61845257778525,6.64039515152393,6.64845257778525,,6.57049351917785,6.5130392490041,6.61936768623184,6.53739623417663,6.55180047894609
731,Vector,1340,5,Additive0.015,2607640,2344,21,6.62240833839768,6.64039515152393,6.65240833839768,,6.57049351917785,6.5130392490041,6.61936768623184,6.53739623417664,6.55180047894609
731,Dist L1,1340,5,Additive0.015,537878,2924,40,6.62050891319322,6.64039515152393,6.65050891319322,,6.57049351917785,6.5130392490041,6.61936768623184,6.53739623417663,6.55180047894609
732,Oracle,1340,5,Additive0.015,80400,60,6,6.62604231022558,6.64142455322399,6.65604231022558,,6.5717523222673,6.51342660770945,6.61985367483216,6.53761698074998,6.55087853782894
732,Oracle Vector,1340,5,Additive0.015,2018040,1825,14,6.61845257778525,6.64142455322399,6.64845257778525,,6.57175232226729,6.51342660770944,6.61985367483216,6.53761698074998,6.55087853782894
732,Vector,1340,5,Additive0.015,2607640,2344,21,6.62240833839768,6.64142455322399,6.65240833839768,,6.57175232226729,6.51342660770944,6.61985367483216,6.53761698074998,6.55087853782894
732,Value,1340,5,Additive0.015,511102,2923,38,6.62050891319322,6.64142455322399,6.65050891319322,,6.57175232226729,6.51342660770944,6.61985367483216,6.53761698074998,6.55087853782894
732,Dist L1,1340,5,Additive0.015,537878,2924,40,6.62050891319322,6.64142455322399,6.65050891319322,,6.57175232226729,6.51342660770944,6.61985367483216,6.53761698074998,6.55087853782894
733,Oracle,1340,5,Additive0.015,80400,60,6,6.62604231022558,6.64239548454503,6.65604231022558,,6.57240544344029,6.51365866199866,6.62155512111965,6.53915043230087,6.55175481093469
733,Vector,1340,5,Additive0.015,2607640,2344,21,6.62240833839768,6.64239548454503,6.65240833839768,,6.57240544344029,6.51365866199866,6.62155512111965,6.53915043230087,6.55175481093469
733,Value,1340,5,Additive0.015,511110,2933,38,6.62050891319322,6.64239548454503,6.65050891319322,,6.57240544344029,6.51365866199866,6.62155512111965,6.53915043230087,6.55175481093469
733,Oracle Vector,1340,5,Additive0.015,2031440,1836,15,6.62739548454503,6.64239548454503,6.65739548454503,,6.57240544344029,6.51365866199866,6.62155512111965,6.53915043230087,6.55175481093469
733,Dist L1,1340,5,Additive0.015,537888,2936,40,6.62050891319322,6.64239548454503,6.65050891319322,,6.57240544344029,6.51365866199866,6.62155512111965,6.53915043230087,6.55175481093469
734,Oracle,1340,5,Additive0.015,80400,60,6,6.62604231022558,6.64265915630392,6.65604231022558,,6.57246693111318,6.51424402779196,6.6221752347468,6.5397490102663,6.5511912787336
734,Oracle Vector,1340,5,Additive0.015,2031440,1836,15,6.62739548454503,6.64265915630392,6.65739548454503,,6.57246693111318,6.51424402779196,6.6221752347468,6.5397490102663,6.5511912787336
734,Value,1340,5,Additive0.015,511124,2950,38,6.62050891319322,6.64265915630392,6.65050891319322,,6.57246693111318,6.51424402779196,6.6221752347468,6.5397490102663,6.5511912787336
734,Vector,1340,5,Additive0.015,2613000,2349,21,6.62240833839768,6.64265915630392,6.65240833839768,,6.57246693111318,6.51424402779196,6.6221752347468,6.5397490102663,6.5511912787336
734,Dist L1,1340,5,Additive0.015,537892,2941,40,6.62050891319322,6.64265915630392,6.65050891319322,,6.57246693111318,6.51424402779196,6.6221752347468,6.5397490102663,6.5511912787336
735,Oracle,1340,5,Additive0.015,80400,60,6,6.62604231022558,6.6425899085231,6.65604231022558,,6.57313122550799,6.51387052429044,6.62198018413889,6.53967757745871,6.55117551077009
735,Oracle Vector,1340,5,Additive0.015,2031440,1836,15,6.62739548454503,6.6425899085231,6.65739548454503,,6.57313122550799,6.51387052429044,6.62198018413889,6.53967757745872,6.55117551077009
735,Vector,1340,5,Additive0.015,2618360,2354,21,6.62240833839768,6.6425899085231,6.65240833839768,,6.57313122550799,6.51387052429044,6.62198018413889,6.53967757745871,6.55117551077009
735,Value,1340,5,Additive0.015,511136,2964,38,6.62050891319322,6.6425899085231,6.65050891319322,,6.57313122550799,6.51387052429044,6.62198018413889,6.53967757745872,6.55117551077009
735,Dist L1,1340,5,Additive0.015,537904,2956,40,6.62050891319322,6.6425899085231,6.65050891319322,,6.57313122550799,6.51387052429044,6.62198018413889,6.53967757745872,6.55117551077009
736,Oracle,1340,5,Additive0.015,80400,60,6,6.62604231022558,6.64304010764871,6.65604231022558,,6.57459334880893,6.51408254437156,6.62252513685516,6.53945913394389,6.55124047301222
736,Oracle Vector,1340,5,Additive0.015,2031440,1836,15,6.62739548454503,6.64304010764871,6.65739548454503,,6.57459334880893,6.51408254437156,6.62252513685516,6.53945913394389,6.55124047301223
736,Vector,1340,5,Additive0.015,2629080,2364,21,6.62240833839768,6.64304010764871,6.65240833839768,,6.57459334880893,6.51408254437156,6.62252513685516,6.53945913394389,6.55124047301223
736,Value,1340,5,Additive0.015,524545,2992,39,6.62804010764871,6.64304010764871,6.65804010764871,,6.57459334880893,6.51408254437156,6.62252513685516,6.53945913394389,6.55124047301223
736,Dist L1,1340,5,Additive0.015,551313,2984,41,6.62804010764871,6.64304010764871,6.65804010764871,,6.57459334880893,6.51408254437156,6.62252513685516,6.53945913394389,6.55124047301223
737,Oracle,1340,5,Additive0.015,80400,60,6,6.62604231022558,6.64318883519243,6.65604231022558,,6.57447476733376,6.51392337641202,6.62256773252871,6.54041299749063,6.55104957667281
737,Oracle Vector,1340,5,Additive0.015,2031440,1836,15,6.62739548454503,6.64318883519243,6.65739548454503,,6.57447476733376,6.51392337641202,6.62256773252871,6.54041299749063,6.55104957667281
737,Value,1340,5,Additive0.015,524545,2992,39,6.62804010764871,6.64318883519243,6.65804010764871,,6.57447476733376,6.51392337641202,6.62256773252871,6.54041299749063,6.55104957667281
737,Vector,1340,5,Additive0.015,2642480,2376,21,6.62240833839768,6.64318883519243,6.65240833839768,,6.57447476733376,6.51392337641202,6.62256773252871,6.54041299749063,6.55104957667281
737,Dist L1,1340,5,Additive0.015,551313,2984,41,6.62804010764871,6.64318883519243,6.65804010764871,,6.57447476733376,6.51392337641202,6.62256773252871,6.54041299749063,6.55104957667281
738,Oracle,1340,5,Additive0.015,80400,60,6,6.62604231022558,6.64375674682848,6.65604231022558,,6.57598028396517,6.51436248572399,6.62249196462743,6.5417483356495,6.55100645880491
738,Oracle Vector,1340,5,Additive0.015,2031440,1836,15,6.62739548454503,6.64375674682848,6.65739548454503,,6.57598028396517,6.51436248572399,6.62249196462743,6.5417483356495,6.55100645880491
738,Value,1340,5,Additive0.015,524545,2992,39,6.62804010764871,6.64375674682848,6.65804010764871,,6.57598028396517,6.51436248572399,6.62249196462743,6.5417483356495,6.55100645880491
738,Vector,1340,5,Additive0.015,2650520,2384,21,6.62240833839768,6.64375674682848,6.65240833839768,,6.57598028396517,6.51436248572399,6.62249196462743,6.5417483356495,6.55100645880491
738,Dist L1,1340,5,Additive0.015,551313,2984,41,6.62804010764871,6.64375674682848,6.65804010764871,,6.57598028396517,6.51436248572399,6.62249196462743,6.5417483356495,6.55100645880491
739,Oracle,1340,5,Additive0.015,80400,60,6,6.62604231022558,6.6444175152718,6.65604231022558,,6.57696121790116,6.51572687037692,6.62272661889619,6.54280485896549,6.55164874055647
739,Oracle Vector,1340,5,Additive0.015,2031440,1836,15,6.62739548454503,6.6444175152718,6.65739548454503,,6.57696121790116,6.51572687037692,6.62272661889619,6.54280485896548,6.55164874055647
739,Value,1340,5,Additive0.015,524545,2992,39,6.62804010764871,6.6444175152718,6.65804010764871,,6.57696121790116,6.51572687037692,6.62272661889619,6.54280485896548,6.55164874055647
739,Vector,1340,5,Additive0.015,2663920,2394,22,6.6294175152718,6.6444175152718,6.6594175152718,,6.57696121790116,6.51572687037692,6.62272661889619,6.54280485896548,6.55164874055647
739,Dist L1,1340,5,Additive0.015,551313,2984,41,6.62804010764871,6.6444175152718,6.65804010764871,,6.57696121790116,6.51572687037692,6.62272661889619,6.54280485896548,6.55164874055647
740,Oracle,1340,5,Additive0.015,80400,60,6,6.62604231022558,6.64495513270298,6.65604231022558,,6.57772094058775,6.51707666100076,6.62290616630282,6.5435916188706,6.55157067263678
740,Oracle Vector,1340,5,Additive0.015,2031440,1836,15,6.62739548454503,6.64495513270298,6.65739548454503,,6.57772094058775,6.51707666100076,6.62290616630282,6.5435916188706,6.55157067263678
740,Vector,1340,5,Additive0.015,2663920,2394,22,6.6294175152718,6.64495513270298,6.6594175152718,,6.57772094058775,6.51707666100076,6.62290616630282,6.5435916188706,6.55157067263678
740,Value,1340,5,Additive0.015,524545,2992,39,6.62804010764871,6.64495513270298,6.65804010764871,,6.57772094058775,6.51707666100076,6.62290616630282,6.5435916188706,6.55157067263678
740,Dist L1,1340,5,Additive0.015,551313,2984,41,6.62804010764871,6.64495513270298,6.65804010764871,,6.57772094058775,6.51707666100076,6.62290616630282,6.5435916188706,6.55157067263678
741,Oracle,1340,5,Additive0.015,80400,60,6,6.62604231022558,6.64623975741686,6.65604231022558,,6.57913829945583,6.51852740011945,6.62445516239816,6.5449774473567,6.55203601879245
741,Oracle Vector,1340,5,Additive0.015,2031440,1836,15,6.62739548454503,6.64623975741686,6.65739548454503,,6.57913829945583,6.51852740011945,6.62445516239817,6.5449774473567,6.55203601879245
741,Value,1340,5,Additive0.015,524545,2992,39,6.62804010764871,6.64623975741686,6.65804010764871,,6.57913829945583,6.51852740011945,6.62445516239816,6.5449774473567,6.55203601879245
741,Vector,1340,5,Additive0.015,2663920,2394,22,6.6294175152718,6.64623975741686,6.6594175152718,,6.57913829945583,6.51852740011945,6.62445516239816,6.5449774473567,6.55203601879245
741,Dist L1,1340,5,Additive0.015,551313,2984,41,6.62804010764871,6.64623975741686,6.65804010764871,,6.57913829945583,6.51852740011945,6.62445516239816,6.5449774473567,6.55203601879245
742,Oracle,1340,5,Additive0.015,80400,60,6,6.62604231022558,6.64716677273301,6.65604231022558,,6.57999220574657,6.52005592108707,6.62477133021532,6.5463675004473,6.55263327866605
742,Oracle Vector,1340,5,Additive0.015,2031440,1836,15,6.62739548454503,6.64716677273301,6.65739548454503,,6.57999220574657,6.52005592108707,6.62477133021532,6.54636750044731,6.55263327866605
742,Value,1340,5,Additive0.015,524545,2992,39,6.62804010764871,6.64716677273301,6.65804010764871,,6.57999220574657,6.52005592108706,6.62477133021532,6.54636750044731,6.55263327866605
742,Vector,1340,5,Additive0.015,2663920,2394,22,6.6294175152718,6.64716677273301,6.6594175152718,,6.57999220574657,6.52005592108706,6.62477133021532,6.54636750044731,6.55263327866605
742,Dist L1,1340,5,Additive0.015,551313,2984,41,6.62804010764871,6.64716677273301,6.65804010764871,,6.57999220574657,6.52005592108706,6.62477133021532,6.54636750044731,6.55263327866605
743,Oracle,1340,5,Additive0.015,80400,60,6,6.62604231022558,6.64873585842464,6.65604231022558,,6.58216996183582,6.52171748362094,6.62577018680533,6.54890234366331,6.55301263217202
743,Oracle Vector,1340,5,Additive0.015,2031440,1836,15,6.62739548454503,6.64873585842464,6.65739548454503,,6.58216996183582,6.52171748362094,6.62577018680533,6.54890234366331,6.55301263217202
743,Value,1340,5,Additive0.015,524545,2992,39,6.62804010764871,6.64873585842464,6.65804010764871,,6.58216996183583,6.52171748362094,6.62577018680533,6.54890234366331,6.55301263217202
743,Vector,1340,5,Additive0.015,2663920,2394,22,6.6294175152718,6.64873585842464,6.6594175152718,,6.58216996183583,6.52171748362094,6.62577018680533,6.54890234366331,6.55301263217202
743,Dist L1,1340,5,Additive0.015,551313,2984,41,6.62804010764871,6.64873585842464,6.65804010764871,,6.58216996183583,6.52171748362094,6.62577018680533,6.54890234366331,6.55301263217202
744,Oracle,1340,5,Additive0.015,80400,60,6,6.62604231022558,6.64973815574318,6.65604231022558,,6.58303767216433,6.52293246477916,6.6266531153639,6.54956331207322,6.55382563756867
744,Value,1340,5,Additive0.015,524545,2992,39,6.62804010764871,6.64973815574318,6.65804010764871,,6.58303767216433,6.52293246477916,6.6266531153639,6.54956331207322,6.55382563756866
744,Oracle Vector,1340,5,Additive0.015,2036800,1841,15,6.62739548454503,6.64973815574318,6.65739548454503,,6.58303767216433,6.52293246477916,6.6266531153639,6.54956331207322,6.55382563756867
744,Vector,1340,5,Additive0.015,2663920,2394,22,6.6294175152718,6.64973815574318,6.6594175152718,,6.58303767216433,6.52293246477916,6.6266531153639,6.54956331207322,6.55382563756867
744,Dist L1,1340,5,Additive0.015,551313,2984,41,6.62804010764871,6.64973815574318,6.65804010764871,,6.58303767216433,6.52293246477916,6.6266531153639,6.54956331207322,6.55382563756867
745,Oracle,1340,5,Additive0.015,80400,60,6,6.62604231022558,6.65092348293703,6.65604231022558,,6.58351479120938,6.5248555633686,6.62782371592337,6.55149373368455,6.55454114905114
745,Oracle Vector,1340,5,Additive0.015,2036800,1841,15,6.62739548454503,6.65092348293703,6.65739548454503,,6.58351479120938,6.5248555633686,6.62782371592337,6.55149373368455,6.55454114905114
745,Value,1340,5,Additive0.015,524545,2992,39,6.62804010764871,6.65092348293703,6.65804010764871,,6.58351479120938,6.5248555633686,6.62782371592337,6.55149373368455,6.55454114905114
745,Vector,1340,5,Additive0.015,2663920,2394,22,6.6294175152718,6.65092348293703,6.6594175152718,,6.58351479120938,6.5248555633686,6.62782371592337,6.55149373368455,6.55454114905114
745,Dist L1,1340,5,Additive0.015,551313,2984,41,6.62804010764871,6.65092348293703,6.65804010764871,,6.58351479120938,6.5248555633686,6.62782371592337,6.55149373368455,6.55454114905114
746,Oracle,1340,5,Additive0.015,80400,60,6,6.62604231022558,6.65214586006416,6.65604231022558,,6.58442617222796,6.52703007219563,6.628152206878,6.55378607233652,6.55429309167545
746,Oracle Vector,1340,5,Additive0.015,2042160,1846,15,6.62739548454503,6.65214586006415,6.65739548454503,,6.58442617222796,6.52703007219563,6.628152206878,6.55378607233652,6.55429309167545
746,Vector,1340,5,Additive0.015,2663920,2394,22,6.6294175152718,6.65214586006416,6.6594175152718,,6.58442617222796,6.52703007219563,6.628152206878,6.55378607233652,6.55429309167545
746,Value,1340,5,Additive0.015,524549,2997,39,6.62804010764871,6.65214586006415,6.65804010764871,,6.58442617222796,6.52703007219563,6.628152206878,6.55378607233652,6.55429309167545
746,Dist L1,1340,5,Additive0.015,551317,2989,41,6.62804010764871,6.65214586006415,6.65804010764871,,6.58442617222796,6.52703007219563,6.628152206878,6.55378607233652,6.55429309167545
747,Oracle,1340,5,Additive0.015,80400,60,6,6.62604231022558,6.6528087884547,6.65604231022558,,6.58338782592155,6.52826847874032,6.6279067942292,6.55599274388004,6.55466280478984
747,Value,1340,5,Additive0.015,524549,2997,39,6.62804010764871,6.65280878845469,6.65804010764871,,6.58338782592155,6.52826847874032,6.6279067942292,6.55599274388005,6.55466280478984
747,Vector,1340,5,Additive0.015,2663920,2394,22,6.6294175152718,6.6528087884547,6.6594175152718,,6.58338782592155,6.52826847874032,6.6279067942292,6.55599274388005,6.55466280478984
747,Oracle Vector,1340,5,Additive0.015,2050200,1854,15,6.62739548454503,6.65280878845469,6.65739548454503,,6.58338782592155,6.52826847874032,6.6279067942292,6.55599274388004,6.55466280478984
747,Dist L1,1340,5,Additive0.015,551321,2994,41,6.62804010764871,6.65280878845469,6.65804010764871,,6.58338782592155,6.52826847874032,6.6279067942292,6.55599274388005,6.55466280478984
748,Oracle,1340,5,Additive0.015,80400,60,6,6.62604231022558,6.65462091915922,6.65604231022558,,6.58466125840568,6.53029544383187,6.62938810645513,6.55914192463843,6.55585846626466
748,Vector,1340,5,Additive0.015,2669280,2399,22,6.6294175152718,6.65462091915921,6.6594175152718,,6.58466125840568,6.53029544383187,6.62938810645513,6.55914192463843,6.55585846626466
748,Oracle Vector,1340,5,Additive0.015,2063600,1864,16,6.63962091915921,6.65462091915921,6.66962091915921,,6.58466125840568,6.53029544383187,6.62938810645513,6.55914192463843,6.55585846626466
748,Value,1340,5,Additive0.015,537954,3020,40,6.63962091915921,6.65462091915921,6.66962091915921,,6.58466125840568,6.53029544383187,6.62938810645513,6.55914192463843,6.55585846626466
748,Dist L1,1340,5,Additive0.015,564726,3016,42,6.63962091915921,6.65462091915921,6.66962091915921,,6.58466125840568,6.53029544383187,6.62938810645513,6.55914192463843,6.55585846626466
749,Oracle,1340,5,Additive0.015,93800,70,7,6.64124999997349,6.65624999997349,6.67124999997349,,6.58616288706665,6.53202171391088,6.62973019861159,6.56149739745277,6.55654766662543
749,Oracle Vector,1340,5,Additive0.015,2063600,1864,16,6.63962091915921,6.65624999997349,6.66962091915921,,6.58616288706665,6.53202171391088,6.62973019861159,6.56149739745277,6.55654766662543
749,Value,1340,5,Additive0.015,537954,3020,40,6.63962091915921,6.65624999997349,6.66962091915921,,6.58616288706665,6.53202171391088,6.62973019861159,6.56149739745277,6.55654766662543
749,Vector,1340,5,Additive0.015,2680000,2408,22,6.6294175152718,6.65624999997349,6.6594175152718,,6.58616288706665,6.53202171391088,6.62973019861159,6.56149739745277,6.55654766662543
749,Dist L1,1340,5,Additive0.015,564726,3016,42,6.63962091915921,6.65624999997349,6.66962091915921,,6.58616288706665,6.53202171391088,6.62973019861159,6.56149739745277,6.55654766662543
750,Oracle,1340,5,Additive0.015,93800,70,7,6.64124999997349,6.65862415269896,6.67124999997349,,6.58926380182488,6.53478776253422,6.63179406189511,6.56345620723302,6.5557159175922
750,Oracle Vector,1340,5,Additive0.015,2063600,1864,16,6.63962091915921,6.65862415269896,6.66962091915921,,6.58926380182488,6.53478776253422,6.63179406189511,6.56345620723302,6.5557159175922
750,Value,1340,5,Additive0.015,537954,3020,40,6.63962091915921,6.65862415269896,6.66962091915921,,6.58926380182488,6.53478776253422,6.63179406189511,6.56345620723302,6.5557159175922
750,Dist L1,1340,5,Additive0.015,564726,3016,42,6.63962091915921,6.65862415269896,6.66962091915921,,6.58926380182488,6.53478776253422,6.63179406189511,6.56345620723302,6.5557159175922
750,Vector,1340,5,Additive0.015,2693400,2420,23,6.64362415269896,6.65862415269896,6.67362415269896,,6.58926380182488,6.53478776253422,6.63179406189511,6.56345620723302,6.5557159175922
751,Oracle,1340,5,Additive0.015,93800,70,7,6.64124999997349,6.66106907677834,6.67124999997349,,6.59148523505352,6.53806198830063,6.63433304037594,6.564564932964,6.55505752960662
751,Value,1340,5,Additive0.015,537954,3020,40,6.63962091915921,6.66106907677834,6.66962091915921,,6.59148523505352,6.53806198830063,6.63433304037594,6.564564932964,6.55505752960662
751,Oracle Vector,1340,5,Additive0.015,2063600,1864,16,6.63962091915921,6.66106907677834,6.66962091915921,,6.59148523505352,6.53806198830063,6.63433304037594,6.564564932964,6.55505752960662
751,Vector,1340,5,Additive0.015,2693400,2420,23,6.64362415269896,6.66106907677834,6.67362415269896,,6.59148523505352,6.53806198830063,6.63433304037594,6.564564932964,6.55505752960662
751,Dist L1,1340,5,Additive0.015,564726,3016,42,6.63962091915921,6.66106907677834,6.66962091915921,,6.59148523505352,6.53806198830063,6.63433304037594,6.564564932964,6.55505752960662
752,Oracle,1340,5,Additive0.015,93800,70,7,6.64124999997349,6.66332665143977,6.67124999997349,,6.59309982763519,6.54172919295353,6.63650188919942,6.56600983712428,6.5550849382828
752,Vector,1340,5,Additive0.015,2693400,2420,23,6.64362415269896,6.66332665143977,6.67362415269896,,6.59309982763519,6.54172919295353,6.63650188919942,6.56600983712428,6.5550849382828
752,Oracle Vector,1340,5,Additive0.015,2068960,1869,16,6.63962091915921,6.66332665143977,6.66962091915921,,6.59309982763519,6.54172919295353,6.63650188919942,6.56600983712428,6.5550849382828
752,Value,1340,5,Additive0.015,537958,3025,40,6.63962091915921,6.66332665143977,6.66962091915921,,6.59309982763519,6.54172919295353,6.63650188919942,6.56600983712428,6.5550849382828
752,Dist L1,1340,5,Additive0.015,564730,3021,42,6.63962091915921,6.66332665143977,6.66962091915921,,6.59309982763519,6.54172919295353,6.63650188919942,6.56600983712428,6.5550849382828
753,Oracle,1340,5,Additive0.015,93800,70,7,6.64124999997349,6.66619160789403,6.67124999997349,,6.5946537571594,6.54504170469701,6.63950273432026,6.56866299764949,6.55600091416539
753,Oracle Vector,1340,5,Additive0.015,2079680,1879,16,6.63962091915921,6.66619160789403,6.66962091915921,,6.5946537571594,6.54504170469701,6.63950273432026,6.56866299764949,6.55600091416539
753,Value,1340,5,Additive0.015,537964,3032,40,6.63962091915921,6.66619160789403,6.66962091915921,,6.5946537571594,6.54504170469701,6.63950273432026,6.56866299764949,6.55600091416539
753,Vector,1340,5,Additive0.015,2693400,2420,23,6.64362415269896,6.66619160789403,6.67362415269896,,6.5946537571594,6.54504170469701,6.63950273432026,6.56866299764949,6.55600091416539
753,Dist L1,1340,5,Additive0.015,564738,3031,42,6.63962091915921,6.66619160789403,6.66962091915921,,6.5946537571594,6.54504170469701,6.63950273432026,6.56866299764949,6.55600091416539
754,Oracle,1340,5,Additive0.015,93800,70,7,6.64124999997349,6.66833812360996,6.67124999997349,,6.59617806430248,6.54719388116391,6.64136861405082,6.57175880464108,6.55509505235717
754,Vector,1340,5,Additive0.015,2693400,2420,23,6.64362415269896,6.66833812360996,6.67362415269896,,6.59617806430248,6.54719388116391,6.64136861405082,6.57175880464108,6.55509505235717
754,Oracle Vector,1340,5,Additive0.015,2093080,1890,17,6.65333812360996,6.66833812360996,6.68333812360996,,6.59617806430248,6.54719388116391,6.64136861405082,6.57175880464108,6.55509505235717
754,Value,1340,5,Additive0.015,551369,3053,41,6.65333812360996,6.66833812360996,6.68333812360996,,6.59617806430248,6.54719388116391,6.64136861405082,6.57175880464108,6.55509505235717
754,Dist L1,1340,5,Additive0.015,578143,3052,43,6.65333812360996,6.66833812360996,6.68333812360996,,6.59617806430248,6.54719388116391,6.64136861405082,6.57175880464108,6.55509505235717
755,Oracle,1340,5,Additive0.015,93800,70,7,6.64124999997349,6.67000230131438,6.67124999997349,,6.59617401738249,6.54915334035586,6.64314819799363,6.57401924601665,6.55532592395349
755,Oracle Vector,1340,5,Additive0.015,2093080,1890,17,6.65333812360996,6.67000230131438,6.68333812360996,,6.5961740173825,6.54915334035586,6.64314819799363,6.57401924601665,6.55532592395349
755,Value,1340,5,Additive0.015,551369,3053,41,6.65333812360996,6.67000230131438,6.68333812360996,,6.5961740173825,6.54915334035586,6.64314819799363,6.57401924601665,6.55532592395349
755,Vector,1340,5,Additive0.015,2698760,2425,23,6.64362415269896,6.67000230131438,6.67362415269896,,6.5961740173825,6.54915334035586,6.64314819799363,6.57401924601665,6.55532592395349
755,Dist L1,1340,5,Additive0.015,578143,3052,43,6.65333812360996,6.67000230131438,6.68333812360996,,6.5961740173825,6.54915334035586,6.64314819799363,6.57401924601665,6.55532592395349
756,Oracle,1340,5,Additive0.015,107200,80,8,6.65643033795713,6.67143033795713,6.68643033795713,,6.59672240710142,6.55127796450326,6.64443738512226,6.57567149202841,6.55572860278649
756,Oracle Vector,1340,5,Additive0.015,2093080,1890,17,6.65333812360996,6.67143033795713,6.68333812360996,,6.59672240710142,6.55127796450326,6.64443738512226,6.57567149202841,6.55572860278649
756,Value,1340,5,Additive0.015,551369,3053,41,6.65333812360996,6.67143033795713,6.68333812360996,,6.59672240710142,6.55127796450326,6.64443738512226,6.57567149202841,6.55572860278649
756,Vector,1340,5,Additive0.015,2704120,2430,23,6.64362415269896,6.67143033795713,6.67362415269896,,6.59672240710142,6.55127796450325,6.64443738512226,6.57567149202841,6.55572860278649
756,Dist L1,1340,5,Additive0.015,578143,3052,43,6.65333812360996,6.67143033795713,6.68333812360996,,6.59672240710142,6.55127796450326,6.64443738512226,6.57567149202841,6.55572860278649
757,Oracle,1340,5,Additive0.015,107200,80,8,6.65643033795713,6.67266927846262,6.68643033795713,,6.59703156558076,6.55285350304756,6.64547146947769,6.57630373521698,6.55651875121892
757,Oracle Vector,1340,5,Additive0.015,2093080,1890,17,6.65333812360996,6.67266927846262,6.68333812360996,,6.59703156558076,6.55285350304756,6.64547146947769,6.57630373521698,6.55651875121892
757,Value,1340,5,Additive0.015,551369,3053,41,6.65333812360996,6.67266927846262,6.68333812360996,,6.59703156558076,6.55285350304756,6.64547146947769,6.57630373521698,6.55651875121892
757,Vector,1340,5,Additive0.015,2717520,2440,24,6.65766927846262,6.67266927846262,6.68766927846262,,6.59703156558076,6.55285350304756,6.64547146947769,6.57630373521698,6.55651875121892
757,Dist L1,1340,5,Additive0.015,578143,3052,43,6.65333812360996,6.67266927846262,6.68333812360996,,6.59703156558076,6.55285350304756,6.64547146947769,6.57630373521698,6.55651875121892
758,Oracle,1340,5,Additive0.015,107200,80,8,6.65643033795713,6.67392764213003,6.68643033795713,,6.5981057550927,6.55441617192359,6.64695385986256,6.576779948819,6.55741771266384
758,Oracle Vector,1340,5,Additive0.015,2093080,1890,17,6.65333812360996,6.67392764213003,6.68333812360996,,6.5981057550927,6.55441617192359,6.64695385986256,6.576779948819,6.55741771266384
758,Value,1340,5,Additive0.015,551369,3053,41,6.65333812360996,6.67392764213003,6.68333812360996,,6.5981057550927,6.55441617192359,6.64695385986256,6.576779948819,6.55741771266384
758,Vector,1340,5,Additive0.015,2717520,2440,24,6.65766927846262,6.67392764213003,6.68766927846262,,6.5981057550927,6.55441617192359,6.64695385986256,6.576779948819,6.55741771266384
758,Dist L1,1340,5,Additive0.015,578143,3052,43,6.65333812360996,6.67392764213003,6.68333812360996,,6.5981057550927,6.55441617192359,6.64695385986256,6.576779948819,6.55741771266384
759,Oracle,1340,5,Additive0.015,107200,80,8,6.65643033795713,6.67460165008027,6.68643033795713,,6.59877223304858,6.55630691012207,6.64676743133384,6.57782385754139,6.55733201039641
759,Oracle Vector,1340,5,Additive0.015,2093080,1890,17,6.65333812360996,6.67460165008027,6.68333812360996,,6.59877223304858,6.55630691012207,6.64676743133384,6.57782385754139,6.55733201039641
759,Value,1340,5,Additive0.015,551369,3053,41,6.65333812360996,6.67460165008027,6.68333812360996,,6.59877223304858,6.55630691012207,6.64676743133384,6.57782385754139,6.55733201039641
759,Vector,1340,5,Additive0.015,2717520,2440,24,6.65766927846262,6.67460165008027,6.68766927846262,,6.59877223304858,6.55630691012207,6.64676743133384,6.57782385754139,6.55733201039641
759,Dist L1,1340,5,Additive0.015,578143,3052,43,6.65333812360996,6.67460165008027,6.68333812360996,,6.59877223304858,6.55630691012207,6.64676743133384,6.57782385754139,6.55733201039641
760,Oracle,1340,5,Additive0.015,107200,80,8,6.65643033795713,6.67557841743752,6.68643033795713,,6.59906714310604,6.55771738683126,6.64758578321587,6.57912117770546,6.55830202494702
760,Oracle Vector,1340,5,Additive0.015,2093080,1890,17,6.65333812360996,6.67557841743752,6.68333812360996,,6.59906714310604,6.55771738683126,6.64758578321587,6.57912117770546,6.55830202494702
760,Value,1340,5,Additive0.015,551369,3053,41,6.65333812360996,6.67557841743752,6.68333812360996,,6.59906714310603,6.55771738683126,6.64758578321587,6.57912117770546,6.55830202494702
760,Vector,1340,5,Additive0.015,2717520,2440,24,6.65766927846262,6.67557841743752,6.68766927846262,,6.59906714310603,6.55771738683126,6.64758578321587,6.57912117770546,6.55830202494702
760,Dist L1,1340,5,Additive0.015,578143,3052,43,6.65333812360996,6.67557841743752,6.68333812360996,,6.59906714310603,6.55771738683126,6.64758578321587,6.57912117770546,6.55830202494702
761,Oracle,1340,5,Additive0.015,107200,80,8,6.65643033795713,6.67652144617395,6.68643033795713,,6.59932602224757,6.55895808046256,6.64856186137088,6.5802794338623,6.55861381800369
761,Oracle Vector,1340,5,Additive0.015,2093080,1890,17,6.65333812360996,6.67652144617395,6.68333812360996,,6.59932602224757,6.55895808046256,6.64856186137088,6.5802794338623,6.55861381800369
761,Vector,1340,5,Additive0.015,2717520,2440,24,6.65766927846262,6.67652144617395,6.68766927846262,,6.59932602224757,6.55895808046256,6.64856186137088,6.5802794338623,6.55861381800369
761,Value,1340,5,Additive0.015,551369,3053,41,6.65333812360996,6.67652144617395,6.68333812360996,,6.59932602224757,6.55895808046256,6.64856186137088,6.5802794338623,6.55861381800369
761,Dist L1,1340,5,Additive0.015,578143,3052,43,6.65333812360996,6.67652144617395,6.68333812360996,,6.59932602224757,6.55895808046256,6.64856186137088,6.5802794338623,6.55861381800369
762,Oracle,1340,5,Additive0.015,107200,80,8,6.65643033795713,6.67669234276779,6.68643033795713,,6.59896268438774,6.56003035845675,6.64878199090877,6.58009194408243,6.55771802734873
762,Oracle Vector,1340,5,Additive0.015,2093080,1890,17,6.65333812360996,6.67669234276779,6.68333812360996,,6.59896268438774,6.56003035845675,6.64878199090877,6.58009194408243,6.55771802734873
762,Value,1340,5,Additive0.015,551369,3053,41,6.65333812360996,6.67669234276779,6.68333812360996,,6.59896268438774,6.56003035845675,6.64878199090877,6.58009194408243,6.55771802734873
762,Vector,1340,5,Additive0.015,2717520,2440,24,6.65766927846262,6.67669234276779,6.68766927846262,,6.59896268438774,6.56003035845675,6.64878199090877,6.58009194408243,6.55771802734873
762,Dist L1,1340,5,Additive0.015,578143,3052,43,6.65333812360996,6.67669234276779,6.68333812360996,,6.59896268438774,6.56003035845675,6.64878199090877,6.58009194408243,6.55771802734873
763,Oracle,1340,5,Additive0.015,107200,80,8,6.65643033795713,6.67713943953168,6.68643033795713,,6.59964095376248,6.56118527063498,6.64918390236425,6.57951726657053,6.55683083412372
763,Oracle Vector,1340,5,Additive0.015,2093080,1890,17,6.65333812360996,6.67713943953168,6.68333812360996,,6.59964095376248,6.56118527063498,6.64918390236425,6.57951726657053,6.55683083412372
763,Value,1340,5,Additive0.015,551369,3053,41,6.65333812360996,6.67713943953168,6.68333812360996,,6.59964095376248,6.56118527063498,6.64918390236425,6.57951726657053,6.55683083412372
763,Vector,1340,5,Additive0.015,2717520,2440,24,6.65766927846262,6.67713943953168,6.68766927846262,,6.59964095376248,6.56118527063498,6.64918390236425,6.57951726657053,6.55683083412372
763,Dist L1,1340,5,Additive0.015,578143,3052,43,6.65333812360996,6.67713943953168,6.68333812360996,,6.59964095376248,6.56118527063498,6.64918390236425,6.57951726657053,6.55683083412372
764,Oracle,1340,5,Additive0.015,107200,80,8,6.65643033795713,6.67679072717457,6.68643033795713,,6.59877324304386,6.56246587241265,6.64891610526867,6.57927011071999,6.55446476461734
764,Oracle Vector,1340,5,Additive0.015,2093080,1890,17,6.65333812360996,6.67679072717457,6.68333812360996,,6.59877324304386,6.56246587241265,6.64891610526867,6.57927011071999,6.55446476461734
764,Vector,1340,5,Additive0.015,2717520,2440,24,6.65766927846262,6.67679072717457,6.68766927846262,,6.59877324304386,6.56246587241265,6.64891610526867,6.57927011071999,6.55446476461734
764,Value,1340,5,Additive0.015,551369,3053,41,6.65333812360996,6.67679072717457,6.68333812360996,,6.59877324304386,6.56246587241265,6.64891610526867,6.57927011071999,6.55446476461734
764,Dist L1,1340,5,Additive0.015,578143,3052,43,6.65333812360996,6.67679072717457,6.68333812360996,,6.59877324304386,6.56246587241265,6.64891610526867,6.57927011071999,6.55446476461734
765,Oracle,1340,5,Additive0.015,107200,80,8,6.65643033795713,6.67683746661532,6.68643033795713,,6.59879082558309,6.56320578273533,6.6485584506989,6.57917880647534,6.55446944531318
765,Value,1340,5,Additive0.015,551373,3058,41,6.65333812360996,6.67683746661533,6.68333812360996,,6.59879082558309,6.56320578273533,6.6485584506989,6.57917880647534,6.55446944531317
765,Oracle Vector,1340,5,Additive0.015,2098440,1895,17,6.65333812360996,6.67683746661533,6.68333812360996,,6.59879082558309,6.56320578273533,6.6485584506989,6.57917880647534,6.55446944531317
765,Vector,1340,5,Additive0.015,2717520,2440,24,6.65766927846262,6.67683746661533,6.68766927846262,,6.59879082558309,6.56320578273533,6.6485584506989,6.57917880647534,6.55446944531317
765,Dist L1,1340,5,Additive0.015,578147,3057,43,6.65333812360996,6.67683746661533,6.68333812360996,,6.59879082558309,6.56320578273533,6.6485584506989,6.57917880647534,6.55446944531317
766,Oracle,1340,5,Additive0.015,107200,80,8,6.65643033795713,6.67706029142347,6.68643033795713,,6.59838150945997,6.56340250485061,6.64894029821032,6.57896870182994,6.55432872712468
766,Oracle Vector,1340,5,Additive0.015,2098440,1895,17,6.65333812360996,6.67706029142347,6.68333812360996,,6.59838150945998,6.56340250485061,6.64894029821032,6.57896870182994,6.55432872712469
766,Vector,1340,5,Additive0.015,2717520,2440,24,6.65766927846262,6.67706029142347,6.68766927846262,,6.59838150945998,6.56340250485061,6.64894029821032,6.57896870182994,6.55432872712469
766,Value,1340,5,Additive0.015,551373,3058,41,6.65333812360996,6.67706029142347,6.68333812360996,,6.59838150945998,6.56340250485061,6.64894029821032,6.57896870182994,6.55432872712469
766,Dist L1,1340,5,Additive0.015,578147,3057,43,6.65333812360996,6.67706029142347,6.68333812360996,,6.59838150945998,6.56340250485061,6.64894029821032,6.57896870182994,6.55432872712469
767,Oracle,1340,5,Additive0.015,107200,80,8,6.65643033795713,6.67699516996892,6.68643033795713,,6.59874836095058,6.56362312309223,6.64908891386615,6.57867802609108,6.55361861104853
767,Oracle Vector,1340,5,Additive0.015,2098440,1895,17,6.65333812360996,6.67699516996892,6.68333812360996,,6.59874836095058,6.56362312309223,6.64908891386615,6.57867802609108,6.55361861104853
767,Value,1340,5,Additive0.015,551373,3058,41,6.65333812360996,6.67699516996892,6.68333812360996,,6.59874836095058,6.56362312309223,6.64908891386615,6.57867802609108,6.55361861104853
767,Vector,1340,5,Additive0.015,2717520,2440,24,6.65766927846262,6.67699516996892,6.68766927846262,,6.59874836095058,6.56362312309223,6.64908891386615,6.57867802609108,6.55361861104853
767,Dist L1,1340,5,Additive0.015,578147,3057,43,6.65333812360996,6.67699516996892,6.68333812360996,,6.59874836095058,6.56362312309223,6.64908891386615,6.57867802609108,6.55361861104853
768,Oracle,1340,5,Additive0.015,107200,80,8,6.65643033795713,6.67661729862056,6.68643033795713,,6.59822759324682,6.56380586510181,6.64890153548107,6.57787095866758,6.55307280717734
768,Vector,1340,5,Additive0.015,2717520,2440,24,6.65766927846262,6.67661729862056,6.68766927846262,,6.59822759324682,6.56380586510181,6.64890153548107,6.57787095866758,6.55307280717735
768,Value,1340,5,Additive0.015,551377,3063,41,6.65333812360996,6.67661729862056,6.68333812360996,,6.59822759324682,6.56380586510181,6.64890153548107,6.57787095866758,6.55307280717735
768,Oracle Vector,1340,5,Additive0.015,2103800,1900,17,6.65333812360996,6.67661729862056,6.68333812360996,,6.59822759324682,6.56380586510181,6.64890153548107,6.57787095866758,6.55307280717735
768,Dist L1,1340,5,Additive0.015,578151,3062,43,6.65333812360996,6.67661729862056,6.68333812360996,,6.59822759324682,6.56380586510181,6.64890153548107,6.57787095866758,6.55307280717735
769,Oracle,1340,5,Additive0.015,107200,80,8,6.65643033795713,6.67650596962406,6.68643033795713,,6.59727633506353,6.56397500975264,6.64874296806739,6.57708560127159,6.55205087203172
769,Oracle Vector,1340,5,Additive0.015,2111840,1907,17,6.65333812360996,6.67650596962406,6.68333812360996,,6.59727633506353,6.56397500975264,6.64874296806739,6.57708560127159,6.55205087203172
769,Vector,1340,5,Additive0.015,2717520,2440,24,6.65766927846262,6.67650596962405,6.68766927846262,,6.59727633506353,6.56397500975264,6.64874296806739,6.57708560127159,6.55205087203172
769,Value,1340,5,Additive0.015,551383,3070,41,6.65333812360996,6.67650596962406,6.68333812360996,,6.59727633506353,6.56397500975264,6.64874296806739,6.57708560127159,6.55205087203172
769,Dist L1,1340,5,Additive0.015,578157,3069,43,6.65333812360996,6.67650596962406,6.68333812360996,,6.59727633506353,6.56397500975264,6.64874296806739,6.57708560127159,6.55205087203172
770,Oracle,1340,5,Additive0.015,107200,80,8,6.65643033795713,6.67661261774616,6.68643033795713,,6.59730360301455,6.56425441059121,6.64961587641532,6.57721299515831,6.55025110639261
770,Oracle Vector,1340,5,Additive0.015,2119880,1914,17,6.65333812360996,6.67661261774617,6.68333812360996,,6.59730360301455,6.56425441059121,6.64961587641532,6.57721299515831,6.55025110639261
770,Value,1340,5,Additive0.015,551387,3075,41,6.65333812360996,6.67661261774616,6.68333812360996,,6.59730360301455,6.56425441059121,6.64961587641532,6.57721299515831,6.55025110639261
770,Vector,1340,5,Additive0.015,2722880,2445,24,6.65766927846262,6.67661261774616,6.68766927846262,,6.59730360301455,6.56425441059121,6.64961587641532,6.57721299515831,6.55025110639261
770,Dist L1,1340,5,Additive0.015,578161,3074,43,6.65333812360996,6.67661261774616,6.68333812360996,,6.59730360301455,6.56425441059121,6.64961587641532,6.57721299515831,6.55025110639261
771,Oracle,1340,5,Additive0.015,107200,80,8,6.65643033795713,6.67692328380628,6.68643033795713,,6.59661765963007,6.56555196318938,6.65040981766916,6.57726726619955,6.54922459691785
771,Vector,1340,5,Additive0.015,2722880,2445,24,6.65766927846262,6.67692328380628,6.68766927846262,,6.59661765963007,6.56555196318938,6.65040981766916,6.57726726619955,6.54922459691786
771,Value,1340,5,Additive0.015,551387,3075,41,6.65333812360996,6.67692328380629,6.68333812360996,,6.59661765963007,6.56555196318938,6.65040981766916,6.57726726619955,6.54922459691786
771,Oracle Vector,1340,5,Additive0.015,2130600,1923,17,6.65333812360996,6.67692328380628,6.68333812360996,,6.59661765963007,6.56555196318938,6.65040981766916,6.57726726619955,6.54922459691786
771,Dist L1,1340,5,Additive0.015,578169,3084,43,6.65333812360996,6.67692328380628,6.68333812360996,,6.59661765963007,6.56555196318939,6.65040981766916,6.57726726619955,6.54922459691786
772,Oracle,1340,5,Additive0.015,107200,80,8,6.65643033795713,6.67661995967936,6.68643033795713,,6.59617458120359,6.56670167693013,6.64994348068034,6.57589706173781,6.54772773806887
772,Oracle Vector,1340,5,Additive0.015,2130600,1923,17,6.65333812360996,6.67661995967935,6.68333812360996,,6.59617458120359,6.56670167693013,6.64994348068034,6.57589706173781,6.54772773806887
772,Value,1340,5,Additive0.015,551387,3075,41,6.65333812360996,6.67661995967935,6.68333812360996,,6.5961745812036,6.56670167693013,6.64994348068034,6.57589706173781,6.54772773806887
772,Vector,1340,5,Additive0.015,2722880,2445,24,6.65766927846262,6.67661995967935,6.68766927846262,,6.59617458120359,6.56670167693013,6.64994348068034,6.57589706173781,6.54772773806887
772,Dist L1,1340,5,Additive0.015,578169,3084,43,6.65333812360996,6.67661995967935,6.68333812360996,,6.5961745812036,6.56670167693013,6.64994348068034,6.57589706173781,6.54772773806887
773,Oracle,1340,5,Additive0.015,107200,80,8,6.65643033795713,6.67639521377338,6.68643033795713,,6.59585700637712,6.56672736660226,6.64904384436078,6.57577607381535,6.54721854387755
773,Oracle Vector,1340,5,Additive0.015,2130600,1923,17,6.65333812360996,6.67639521377338,6.68333812360996,,6.59585700637712,6.56672736660226,6.64904384436078,6.57577607381535,6.54721854387755
773,Vector,1340,5,Additive0.015,2722880,2445,24,6.65766927846262,6.67639521377338,6.68766927846262,,6.59585700637712,6.56672736660226,6.64904384436078,6.57577607381535,6.54721854387755
773,Value,1340,5,Additive0.015,551387,3075,41,6.65333812360996,6.67639521377338,6.68333812360996,,6.59585700637712,6.56672736660226,6.64904384436078,6.57577607381535,6.54721854387755
773,Dist L1,1340,5,Additive0.015,578169,3084,43,6.65333812360996,6.67639521377338,6.68333812360996,,6.59585700637712,6.56672736660226,6.64904384436078,6.57577607381535,6.54721854387755
774,Oracle,1340,5,Additive0.015,107200,80,8,6.65643033795713,6.67630526083109,6.68643033795713,,6.59481939172364,6.56702572275945,6.64895457561727,6.57573826868833,6.54726953430694
774,Value,1340,5,Additive0.015,551387,3075,41,6.65333812360996,6.67630526083109,6.68333812360996,,6.59481939172364,6.56702572275944,6.64895457561727,6.57573826868833,6.54726953430694
774,Oracle Vector,1340,5,Additive0.015,2135960,1928,17,6.65333812360996,6.67630526083109,6.68333812360996,,6.59481939172364,6.56702572275945,6.64895457561727,6.57573826868833,6.54726953430694
774,Vector,1340,5,Additive0.015,2728240,2450,24,6.65766927846262,6.67630526083109,6.68766927846262,,6.59481939172364,6.56702572275944,6.64895457561727,6.57573826868833,6.54726953430694
774,Dist L1,1340,5,Additive0.015,578169,3084,43,6.65333812360996,6.67630526083109,6.68333812360996,,6.59481939172364,6.56702572275945,6.64895457561727,6.57573826868833,6.54726953430694
775,Oracle,1340,5,Additive0.015,107200,80,8,6.65643033795713,6.67683380781654,6.68643033795713,,6.59446879352709,6.56798495215815,6.64915168747789,6.57640551566099,6.54777827955809
775,Oracle Vector,1340,5,Additive0.015,2135960,1928,17,6.65333812360996,6.67683380781654,6.68333812360996,,6.59446879352709,6.56798495215815,6.64915168747789,6.57640551566099,6.54777827955809
775,Vector,1340,5,Additive0.015,2728240,2450,24,6.65766927846262,6.67683380781654,6.68766927846262,,6.59446879352709,6.56798495215815,6.64915168747788,6.57640551566099,6.54777827955809
775,Value,1340,5,Additive0.015,551391,3080,41,6.65333812360996,6.67683380781654,6.68333812360996,,6.59446879352709,6.56798495215815,6.64915168747789,6.57640551566099,6.54777827955809
775,Dist L1,1340,5,Additive0.015,578173,3089,43,6.65333812360996,6.67683380781654,6.68333812360996,,6.59446879352709,6.56798495215815,6.64915168747789,6.57640551566099,6.54777827955809
776,Oracle,1340,5,Additive0.015,107200,80,8,6.65643033795713,6.67735831624163,6.68643033795713,,6.59409615701086,6.56842571041545,6.64995023211303,6.5771865488006,6.54830572959486
776,Oracle Vector,1340,5,Additive0.015,2135960,1928,17,6.65333812360996,6.67735831624163,6.68333812360996,,6.59409615701086,6.56842571041545,6.64995023211303,6.5771865488006,6.54830572959486
776,Value,1340,5,Additive0.015,551397,3087,41,6.65333812360996,6.67735831624163,6.68333812360996,,6.59409615701086,6.56842571041545,6.64995023211303,6.5771865488006,6.54830572959486
776,Vector,1340,5,Additive0.015,2728240,2450,24,6.65766927846262,6.67735831624163,6.68766927846262,,6.59409615701086,6.56842571041545,6.64995023211303,6.5771865488006,6.54830572959486
776,Dist L1,1340,5,Additive0.015,578173,3089,43,6.65333812360996,6.67735831624163,6.68333812360996,,6.59409615701086,6.56842571041545,6.64995023211303,6.5771865488006,6.54830572959486
777,Oracle,1340,5,Additive0.015,107200,80,8,6.65643033795713,6.67720054150768,6.68643033795713,,6.59380609544049,6.56705698123542,6.64975442088525,6.57772691055859,6.54806411150454
777,Oracle Vector,1340,5,Additive0.015,2141320,1933,17,6.65333812360996,6.67720054150768,6.68333812360996,,6.59380609544049,6.56705698123542,6.64975442088525,6.57772691055859,6.54806411150454
777,Value,1340,5,Additive0.015,551401,3092,41,6.65333812360996,6.67720054150768,6.68333812360996,,6.59380609544049,6.56705698123542,6.64975442088525,6.57772691055859,6.54806411150454
777,Vector,1340,5,Additive0.015,2728240,2450,24,6.65766927846262,6.67720054150768,6.68766927846262,,6.59380609544049,6.56705698123542,6.64975442088525,6.57772691055859,6.54806411150454
777,Dist L1,1340,5,Additive0.015,578173,3089,43,6.65333812360996,6.67720054150768,6.68333812360996,,6.59380609544049,6.56705698123542,6.64975442088525,6.57772691055859,6.54806411150454
778,Oracle,1340,5,Additive0.015,107200,80,8,6.65643033795713,6.67698089351435,6.68643033795713,,6.5939621095255,6.56670353286484,6.64984107330458,6.5775045377975,6.54753311146701
778,Value,1340,5,Additive0.015,551405,3097,41,6.65333812360996,6.67698089351434,6.68333812360996,,6.5939621095255,6.56670353286483,6.64984107330458,6.5775045377975,6.547533111467
778,Oracle Vector,1340,5,Additive0.015,2141320,1933,17,6.65333812360996,6.67698089351435,6.68333812360996,,6.5939621095255,6.56670353286483,6.64984107330458,6.5775045377975,6.547533111467
778,Vector,1340,5,Additive0.015,2728240,2450,24,6.65766927846262,6.67698089351435,6.68766927846262,,6.5939621095255,6.56670353286483,6.64984107330458,6.5775045377975,6.547533111467
778,Dist L1,1340,5,Additive0.015,578177,3094,43,6.65333812360996,6.67698089351434,6.68333812360996,,6.5939621095255,6.56670353286483,6.64984107330458,6.5775045377975,6.547533111467
779,Oracle,1340,5,Additive0.015,107200,80,8,6.65643033795713,6.67694391614961,6.68643033795713,,6.59396519856014,6.56621372650685,6.64972438045829,6.57777743433612,6.54719593525693
779,Oracle Vector,1340,5,Additive0.015,2141320,1933,17,6.65333812360996,6.67694391614961,6.68333812360996,,6.59396519856014,6.56621372650685,6.64972438045829,6.57777743433612,6.54719593525693
779,Vector,1340,5,Additive0.015,2728240,2450,24,6.65766927846262,6.67694391614961,6.68766927846262,,6.59396519856014,6.56621372650685,6.64972438045829,6.57777743433612,6.54719593525693
779,Value,1340,5,Additive0.015,551417,3111,41,6.65333812360996,6.67694391614961,6.68333812360996,,6.59396519856014,6.56621372650685,6.64972438045829,6.57777743433612,6.54719593525693
779,Dist L1,1340,5,Additive0.015,578177,3094,43,6.65333812360996,6.67694391614961,6.68333812360996,,6.59396519856014,6.56621372650685,6.64972438045829,6.57777743433612,6.54719593525692
780,Oracle,1340,5,Additive0.015,107200,80,8,6.65643033795713,6.67742604519724,6.68643033795713,,6.59426104832691,6.56709802168306,6.65022113741852,6.57802486891101,6.54690689513414
780,Value,1340,5,Additive0.015,551431,3127,41,6.65333812360996,6.67742604519724,6.68333812360996,,6.59426104832691,6.56709802168306,6.65022113741852,6.57802486891101,6.54690689513414
780,Oracle Vector,1340,5,Additive0.015,2149360,1941,17,6.65333812360996,6.67742604519724,6.68333812360996,,6.59426104832691,6.56709802168306,6.65022113741852,6.57802486891101,6.54690689513414
780,Vector,1340,5,Additive0.015,2728240,2450,24,6.65766927846262,6.67742604519724,6.68766927846262,,6.59426104832691,6.56709802168306,6.65022113741852,6.57802486891101,6.54690689513414
780,Dist L1,1340,5,Additive0.015,578187,3105,43,6.65333812360996,6.67742604519724,6.68333812360996,,6.59426104832691,6.56709802168306,6.65022113741852,6.57802486891101,6.54690689513414
781,Oracle,1340,5,Additive0.015,107200,80,8,6.65643033795713,6.67739475154345,6.68643033795713,,6.59346822430045,6.56735740687001,6.64963986787496,6.57848378786488,6.54698827813288
781,Value,1340,5,Additive0.015,551431,3127,41,6.65333812360996,6.67739475154345,6.68333812360996,,6.59346822430046,6.56735740687001,6.64963986787496,6.57848378786488,6.54698827813288
781,Oracle Vector,1340,5,Additive0.015,2154720,1946,17,6.65333812360996,6.67739475154345,6.68333812360996,,6.59346822430046,6.56735740687001,6.64963986787496,6.57848378786488,6.54698827813288
781,Vector,1340,5,Additive0.015,2728240,2450,24,6.65766927846262,6.67739475154345,6.68766927846262,,6.59346822430046,6.56735740687001,6.64963986787496,6.57848378786488,6.54698827813288
781,Dist L1,1340,5,Additive0.015,578191,3110,43,6.65333812360996,6.67739475154345,6.68333812360996,,6.59346822430046,6.56735740687001,6.64963986787496,6.57848378786488,6.54698827813288
782,Oracle,1340,5,Additive0.015,107200,80,8,6.65643033795713,6.6771897460658,6.68643033795713,,6.59286104449662,6.56796647346769,6.65013911977556,6.57849904314956,6.54595807062505
782,Value,1340,5,Additive0.015,551437,3134,41,6.65333812360996,6.6771897460658,6.68333812360996,,6.59286104449662,6.56796647346769,6.65013911977557,6.57849904314956,6.54595807062505
782,Oracle Vector,1340,5,Additive0.015,2165440,1956,17,6.65333812360996,6.6771897460658,6.68333812360996,,6.59286104449662,6.56796647346769,6.65013911977557,6.57849904314956,6.54595807062505
782,Vector,1340,5,Additive0.015,2733600,2455,24,6.65766927846262,6.6771897460658,6.68766927846262,,6.59286104449662,6.56796647346769,6.65013911977557,6.57849904314956,6.54595807062505
782,Dist L1,1340,5,Additive0.015,578199,3120,43,6.65333812360996,6.6771897460658,6.68333812360996,,6.59286104449662,6.56796647346769,6.65013911977557,6.57849904314956,6.54595807062505
783,Oracle,1340,5,Additive0.015,107200,80,8,6.65643033795713,6.67653949480993,6.68643033795713,,6.59221050347949,6.56801710236047,6.64932584049785,6.57757411340467,6.54481076320045
783,Value,1340,5,Additive0.015,551451,3151,41,6.65333812360996,6.67653949480993,6.68333812360996,,6.59221050347949,6.56801710236047,6.64932584049785,6.57757411340467,6.54481076320045
783,Oracle Vector,1340,5,Additive0.015,2170800,1961,17,6.65333812360996,6.67653949480993,6.68333812360996,,6.59221050347949,6.56801710236047,6.64932584049785,6.57757411340467,6.54481076320045
783,Vector,1340,5,Additive0.015,2738960,2460,24,6.65766927846262,6.67653949480993,6.68766927846262,,6.59221050347949,6.56801710236047,6.64932584049785,6.57757411340467,6.54481076320045
783,Dist L1,1340,5,Additive0.015,578207,3130,43,6.65333812360996,6.67653949480993,6.68333812360996,,6.59221050347949,6.56801710236047,6.64932584049785,6.57757411340467,6.54481076320045
784,Oracle,1340,5,Additive0.015,107200,80,8,6.65643033795713,6.67609823569366,6.68643033795713,,6.59152492310006,6.56739653485417,6.64840185488428,6.57648716735123,6.54506106284517
784,Oracle Vector,1340,5,Additive0.015,2176160,1966,17,6.65333812360996,6.67609823569366,6.68333812360996,,6.59152492310006,6.56739653485417,6.64840185488428,6.57648716735122,6.54506106284517
784,Vector,1340,5,Additive0.015,2738960,2460,24,6.65766927846262,6.67609823569366,6.68766927846262,,6.59152492310006,6.56739653485417,6.64840185488428,6.57648716735122,6.54506106284517
784,Value,1340,5,Additive0.015,551455,3156,41,6.65333812360996,6.67609823569365,6.68333812360996,,6.59152492310006,6.56739653485417,6.64840185488428,6.57648716735122,6.54506106284517
784,Dist L1,1340,5,Additive0.015,578217,3142,43,6.65333812360996,6.67609823569365,6.68333812360996,,6.59152492310006,6.56739653485417,6.64840185488428,6.57648716735122,6.54506106284517
785,Oracle,1340,5,Additive0.015,107200,80,8,6.65643033795713,6.67590115513862,6.68643033795713,,6.59068044836295,6.56728098669206,6.64905194791078,6.57655176182301,6.5435339670214
785,Oracle Vector,1340,5,Additive0.015,2186880,1976,17,6.65333812360996,6.67590115513862,6.68333812360996,,6.59068044836295,6.56728098669206,6.64905194791078,6.57655176182301,6.5435339670214
785,Value,1340,5,Additive0.015,551463,3166,41,6.65333812360996,6.67590115513862,6.68333812360996,,6.59068044836295,6.56728098669206,6.64905194791078,6.57655176182301,6.5435339670214
785,Vector,1340,5,Additive0.015,2738960,2460,24,6.65766927846262,6.67590115513862,6.68766927846262,,6.59068044836295,6.56728098669206,6.64905194791078,6.57655176182301,6.5435339670214
785,Dist L1,1340,5,Additive0.015,578233,3161,43,6.65333812360996,6.67590115513862,6.68333812360996,,6.59068044836295,6.56728098669206,6.64905194791078,6.57655176182301,6.5435339670214
786,Oracle,1340,5,Additive0.015,107200,80,8,6.65643033795713,6.67579829101557,6.68643033795713,,6.59055275480133,6.56768529125145,6.64965901851088,6.57516039510509,6.54192894383857
786,Oracle Vector,1340,5,Additive0.015,2186880,1976,17,6.65333812360996,6.67579829101557,6.68333812360996,,6.59055275480133,6.56768529125145,6.64965901851088,6.57516039510509,6.54192894383857
786,Value,1340,5,Additive0.015,551481,3189,41,6.65333812360996,6.67579829101557,6.68333812360996,,6.59055275480133,6.56768529125145,6.64965901851088,6.57516039510509,6.54192894383857
786,Vector,1340,5,Additive0.015,2744320,2465,24,6.65766927846262,6.67579829101557,6.68766927846262,,6.59055275480133,6.56768529125145,6.64965901851088,6.57516039510509,6.54192894383857
786,Dist L1,1340,5,Additive0.015,591638,3184,44,6.66079829101557,6.67579829101557,6.69079829101557,,6.59055275480133,6.56768529125145,6.64965901851088,6.57516039510509,6.54192894383857
787,Oracle,1340,5,Additive0.015,107200,80,8,6.65643033795713,6.67564548286757,6.68643033795713,,6.59049589938476,6.5678154895962,6.64971203801648,6.57439431595839,6.54094159940699
787,Oracle Vector,1340,5,Additive0.015,2192240,1981,17,6.65333812360996,6.67564548286757,6.68333812360996,,6.59049589938476,6.5678154895962,6.64971203801648,6.57439431595839,6.54094159940699
787,Vector,1340,5,Additive0.015,2749680,2470,24,6.65766927846262,6.67564548286757,6.68766927846262,,6.59049589938476,6.5678154895962,6.64971203801648,6.57439431595839,6.54094159940699
787,Value,1340,5,Additive0.015,564886,3210,42,6.66064548286757,6.67564548286757,6.69064548286757,,6.59049589938476,6.5678154895962,6.64971203801648,6.57439431595839,6.54094159940699
787,Dist L1,1340,5,Additive0.015,591638,3184,44,6.66079829101557,6.67564548286757,6.69079829101557,,6.59049589938476,6.5678154895962,6.64971203801648,6.57439431595839,6.54094159940699
788,Oracle,1340,5,Additive0.015,107200,80,8,6.65643033795713,6.67541926494279,6.68643033795713,,6.5891230520468,6.56876007143964,6.64956098150433,6.57345996765768,6.54027487506558
788,Value,1340,5,Additive0.015,564886,3210,42,6.66064548286757,6.67541926494279,6.69064548286757,,6.5891230520468,6.56876007143964,6.64956098150433,6.57345996765768,6.54027487506558
788,Oracle Vector,1340,5,Additive0.015,2200280,1988,17,6.65333812360996,6.67541926494279,6.68333812360996,,6.5891230520468,6.56876007143964,6.64956098150433,6.57345996765768,6.54027487506558
788,Vector,1340,5,Additive0.015,2755040,2475,24,6.65766927846262,6.67541926494279,6.68766927846262,,6.5891230520468,6.56876007143964,6.64956098150433,6.57345996765768,6.54027487506558
788,Dist L1,1340,5,Additive0.015,591638,3184,44,6.66079829101557,6.67541926494279,6.69079829101557,,6.5891230520468,6.56876007143964,6.64956098150433,6.57345996765768,6.54027487506558
789,Oracle,1340,5,Additive0.015,107200,80,8,6.65643033795713,6.67517151046949,6.68643033795713,,6.58855634016803,6.56927463485945,6.64967960479279,6.57260425615373,6.53939285491238
789,Vector,1340,5,Additive0.015,2755040,2475,24,6.65766927846262,6.67517151046949,6.68766927846262,,6.58855634016803,6.56927463485945,6.64967960479279,6.57260425615373,6.53939285491238
789,Value,1340,5,Additive0.015,564886,3210,42,6.66064548286757,6.67517151046949,6.69064548286757,,6.58855634016803,6.56927463485945,6.64967960479279,6.57260425615373,6.53939285491239
789,Oracle Vector,1340,5,Additive0.015,2213680,2000,17,6.65333812360996,6.67517151046949,6.68333812360996,,6.58855634016803,6.56927463485945,6.64967960479279,6.57260425615373,6.53939285491239
789,Dist L1,1340,5,Additive0.015,591638,3184,44,6.66079829101557,6.67517151046949,6.69079829101557,,6.58855634016803,6.56927463485945,6.64967960479279,6.57260425615373,6.53939285491239
790,Oracle,1340,5,Additive0.015,107200,80,8,6.65643033795713,6.67528798257703,6.68643033795713,,6.58770225792422,6.56964823135901,6.65000549027125,6.57245251380704,6.53876882590873
790,Value,1340,5,Additive0.015,564886,3210,42,6.66064548286757,6.67528798257703,6.69064548286757,,6.58770225792422,6.56964823135901,6.65000549027125,6.57245251380704,6.53876882590873
790,Vector,1340,5,Additive0.015,2755040,2475,24,6.65766927846262,6.67528798257703,6.68766927846262,,6.58770225792422,6.56964823135901,6.65000549027125,6.57245251380704,6.53876882590873
790,Oracle Vector,1340,5,Additive0.015,2227080,2013,17,6.65333812360996,6.67528798257703,6.68333812360996,,6.58770225792422,6.56964823135901,6.65000549027125,6.57245251380704,6.53876882590873
790,Dist L1,1340,5,Additive0.015,591638,3184,44,6.66079829101557,6.67528798257703,6.69079829101557,,6.58770225792422,6.56964823135901,6.65000549027125,6.57245251380704,6.53876882590873
791,Oracle,1340,5,Additive0.015,107200,80,8,6.65643033795713,6.6750145868482,6.68643033795713,,6.58691541924012,6.56949918592726,6.65011640485174,6.57139053867558,6.5396975773894
791,Vector,1340,5,Additive0.015,2755040,2475,24,6.65766927846262,6.6750145868482,6.68766927846262,,6.58691541924012,6.56949918592726,6.65011640485174,6.57139053867558,6.5396975773894
791,Value,1340,5,Additive0.015,564886,3210,42,6.66064548286757,6.6750145868482,6.69064548286757,,6.58691541924012,6.56949918592726,6.65011640485174,6.57139053867558,6.5396975773894
791,Oracle Vector,1340,5,Additive0.015,2240480,2026,17,6.65333812360996,6.6750145868482,6.68333812360996,,6.58691541924012,6.56949918592726,6.65011640485174,6.57139053867558,6.5396975773894
791,Dist L1,1340,5,Additive0.015,591638,3184,44,6.66079829101557,6.6750145868482,6.69079829101557,,6.58691541924012,6.56949918592726,6.65011640485174,6.57139053867558,6.5396975773894
792,Oracle,1340,5,Additive0.015,107200,80,8,6.65643033795713,6.6744172258245,6.68643033795713,,6.58546457490234,6.56962967232223,6.65050061205882,6.57056459668132,6.53938960583613
792,Oracle Vector,1340,5,Additive0.015,2245840,2031,17,6.65333812360996,6.67441722582451,6.68333812360996,,6.58546457490234,6.56962967232224,6.65050061205882,6.57056459668132,6.53938960583613
792,Vector,1340,5,Additive0.015,2755040,2475,24,6.65766927846262,6.67441722582451,6.68766927846262,,6.58546457490234,6.56962967232224,6.65050061205882,6.57056459668132,6.53938960583613
792,Value,1340,5,Additive0.015,564886,3210,42,6.66064548286757,6.67441722582451,6.69064548286757,,6.58546457490234,6.56962967232224,6.65050061205882,6.57056459668132,6.53938960583613
792,Dist L1,1340,5,Additive0.015,591638,3184,44,6.66079829101557,6.67441722582451,6.69079829101557,,6.58546457490234,6.56962967232224,6.65050061205882,6.57056459668132,6.53938960583613
793,Oracle,1340,5,Additive0.015,107200,80,8,6.65643033795713,6.67332754644141,6.68643033795713,,6.58362770116795,6.5694844902212,6.65063150721372,6.56863649936994,6.53915077971467
793,Oracle Vector,1340,5,Additive0.015,2245840,2031,17,6.65333812360996,6.67332754644141,6.68333812360996,,6.58362770116796,6.5694844902212,6.65063150721372,6.56863649936994,6.53915077971467
793,Vector,1340,5,Additive0.015,2755040,2475,24,6.65766927846262,6.67332754644141,6.68766927846262,,6.58362770116796,6.5694844902212,6.65063150721372,6.56863649936994,6.53915077971467
793,Value,1340,5,Additive0.015,564886,3210,42,6.66064548286757,6.67332754644141,6.69064548286757,,6.58362770116796,6.5694844902212,6.65063150721372,6.56863649936994,6.53915077971467
793,Dist L1,1340,5,Additive0.015,591642,3189,44,6.66079829101557,6.67332754644141,6.69079829101557,,6.58362770116796,6.5694844902212,6.65063150721372,6.56863649936994,6.53915077971467
794,Oracle,1340,5,Additive0.015,107200,80,8,6.65643033795713,6.67302940567981,6.68643033795713,,6.58240297768121,6.56986821155276,6.65026740151665,6.56820619806517,6.53836116969543
794,Oracle Vector,1340,5,Additive0.015,2251200,2036,17,6.65333812360996,6.67302940567982,6.68333812360996,,6.58240297768121,6.56986821155276,6.65026740151665,6.56820619806517,6.53836116969543
794,Value,1340,5,Additive0.015,564890,3215,42,6.66064548286757,6.67302940567982,6.69064548286757,,6.58240297768121,6.56986821155276,6.65026740151665,6.56820619806517,6.53836116969543
794,Vector,1340,5,Additive0.015,2755040,2475,24,6.65766927846262,6.67302940567981,6.68766927846262,,6.58240297768121,6.56986821155276,6.65026740151665,6.56820619806517,6.53836116969543
794,Dist L1,1340,5,Additive0.015,591646,3194,44,6.66079829101557,6.67302940567982,6.69079829101557,,6.58240297768121,6.56986821155276,6.65026740151665,6.56820619806517,6.53836116969543
795,Oracle,1340,5,Additive0.015,107200,80,8,6.65643033795713,6.67235625591259,6.68643033795713,,6.58074094807679,6.56978437717177,6.64981384381252,6.56641870443065,6.53822356068808
795,Value,1340,5,Additive0.015,564894,3220,42,6.66064548286757,6.67235625591259,6.69064548286757,,6.58074094807679,6.56978437717177,6.64981384381253,6.56641870443065,6.53822356068808
795,Oracle Vector,1340,5,Additive0.015,2259240,2043,17,6.65333812360996,6.67235625591259,6.68333812360996,,6.58074094807679,6.56978437717177,6.64981384381253,6.56641870443065,6.53822356068808
795,Vector,1340,5,Additive0.015,2765760,2485,24,6.65766927846262,6.67235625591259,6.68766927846262,,6.58074094807679,6.56978437717177,6.64981384381253,6.56641870443065,6.53822356068808
795,Dist L1,1340,5,Additive0.015,591654,3203,44,6.66079829101557,6.67235625591259,6.69079829101557,,6.58074094807679,6.56978437717177,6.64981384381253,6.56641870443065,6.53822356068808
796,Oracle,1340,5,Additive0.015,107200,80,8,6.65643033795713,6.6718899820919,6.68643033795713,,6.5794588030025,6.56954422090082,6.65040743123305,6.56515909733253,6.5374416484414
796,Oracle Vector,1340,5,Additive0.015,2264600,2048,17,6.65333812360996,6.6718899820919,6.68333812360996,,6.57945880300249,6.56954422090083,6.65040743123305,6.56515909733253,6.5374416484414
796,Value,1340,5,Additive0.015,564902,3230,42,6.66064548286757,6.6718899820919,6.69064548286757,,6.5794588030025,6.56954422090083,6.65040743123305,6.56515909733253,6.5374416484414
796,Vector,1340,5,Additive0.015,2773800,2492,24,6.65766927846262,6.6718899820919,6.68766927846262,,6.5794588030025,6.56954422090083,6.65040743123305,6.56515909733253,6.5374416484414
796,Dist L1,1340,5,Additive0.015,591654,3203,44,6.66079829101557,6.6718899820919,6.69079829101557,,6.5794588030025,6.56954422090082,6.65040743123305,6.56515909733253,6.5374416484414
797,Oracle,1340,5,Additive0.015,107200,80,8,6.65643033795713,6.67110052286581,6.68643033795713,,6.57742899854693,6.56889828372698,6.65027811565161,6.56436727267856,6.53698700290495
797,Value,1340,5,Additive0.015,564912,3241,42,6.66064548286757,6.67110052286581,6.69064548286757,,6.57742899854693,6.56889828372698,6.65027811565161,6.56436727267856,6.53698700290495
797,Oracle Vector,1340,5,Additive0.015,2272640,2055,17,6.65333812360996,6.67110052286581,6.68333812360996,,6.57742899854693,6.56889828372698,6.65027811565161,6.56436727267856,6.53698700290495
797,Vector,1340,5,Additive0.015,2773800,2492,24,6.65766927846262,6.67110052286581,6.68766927846262,,6.57742899854693,6.56889828372698,6.65027811565161,6.56436727267856,6.53698700290495
797,Dist L1,1340,5,Additive0.015,591664,3215,44,6.66079829101557,6.67110052286581,6.69079829101557,,6.57742899854693,6.56889828372698,6.65027811565161,6.56436727267856,6.53698700290495
798,Oracle,1340,5,Additive0.015,107200,80,8,6.65643033795713,6.67047754537792,6.68643033795713,,6.57594868367306,6.5688444386412,6.64978466808268,6.56329470873859,6.5363799927541
798,Oracle Vector,1340,5,Additive0.015,2272640,2055,17,6.65333812360996,6.67047754537792,6.68333812360996,,6.57594868367306,6.5688444386412,6.64978466808268,6.56329470873859,6.5363799927541
798,Vector,1340,5,Additive0.015,2773800,2492,24,6.65766927846262,6.67047754537792,6.68766927846262,,6.57594868367306,6.5688444386412,6.64978466808268,6.56329470873859,6.5363799927541
798,Value,1340,5,Additive0.015,578317,3263,43,6.65547754537792,6.67047754537792,6.68547754537792,,6.57594868367306,6.5688444386412,6.64978466808268,6.56329470873859,6.5363799927541
798,Dist L1,1340,5,Additive0.015,605069,3236,45,6.65547754537792,6.67047754537792,6.68547754537792,,6.57594868367306,6.5688444386412,6.64978466808268,6.56329470873859,6.5363799927541
799,Oracle,1340,5,Additive0.015,107200,80,8,6.65643033795713,6.66992867331246,6.68643033795713,,6.57469868360041,6.56865239917191,6.64979118409132,6.56197293664778,6.53688166843383
799,Vector,1340,5,Additive0.015,2773800,2492,24,6.65766927846262,6.66992867331246,6.68766927846262,,6.57469868360041,6.56865239917191,6.64979118409132,6.56197293664778,6.53688166843383
799,Oracle Vector,1340,5,Additive0.015,2280680,2063,17,6.65333812360996,6.66992867331246,6.68333812360996,,6.57469868360041,6.56865239917191,6.64979118409132,6.56197293664778,6.53688166843383
799,Value,1340,5,Additive0.015,578317,3263,43,6.65547754537792,6.66992867331246,6.68547754537792,,6.57469868360041,6.56865239917191,6.64979118409132,6.56197293664778,6.53688166843383
799,Dist L1,1340,5,Additive0.015,605069,3236,45,6.65547754537792,6.66992867331246,6.68547754537792,,6.57469868360041,6.56865239917191,6.64979118409132,6.56197293664778,6.53688166843383
800,Oracle,1340,5,Additive0.015,107200,80,8,6.65643033795713,6.66880783973122,6.68643033795713,,6.57364685213321,6.56808684548755,6.64915608587681,6.5596425683871,6.53527529909198
800,Oracle Vector,1340,5,Additive0.015,2280680,2063,17,6.65333812360996,6.66880783973122,6.68333812360996,,6.57364685213321,6.56808684548756,6.64915608587681,6.5596425683871,6.53527529909198
800,Vector,1340,5,Additive0.015,2779160,2497,24,6.65766927846262,6.66880783973122,6.68766927846262,,6.57364685213321,6.56808684548756,6.64915608587681,6.5596425683871,6.53527529909198
800,Value,1340,5,Additive0.015,578317,3263,43,6.65547754537792,6.66880783973122,6.68547754537792,,6.57364685213321,6.56808684548756,6.64915608587681,6.5596425683871,6.53527529909198
800,Dist L1,1340,5,Additive0.015,605069,3236,45,6.65547754537792,6.66880783973122,6.68547754537792,,6.57364685213321,6.56808684548756,6.64915608587681,6.5596425683871,6.53527529909198
801,Oracle,1340,5,Additive0.015,107200,80,8,6.65643033795713,6.66770505095788,6.68643033795713,,6.57243613031162,6.56707309470349,6.64795803223314,6.55847722164895,6.53465884861079
801,Oracle Vector,1340,5,Additive0.015,2280680,2063,17,6.65333812360996,6.66770505095788,6.68333812360996,,6.57243613031162,6.56707309470349,6.64795803223314,6.55847722164895,6.53465884861079
801,Value,1340,5,Additive0.015,578317,3263,43,6.65547754537792,6.66770505095788,6.68547754537792,,6.57243613031162,6.56707309470349,6.64795803223314,6.55847722164895,6.53465884861079
801,Vector,1340,5,Additive0.015,2784520,2502,24,6.65766927846262,6.66770505095788,6.68766927846262,,6.57243613031162,6.56707309470349,6.64795803223314,6.55847722164895,6.53465884861079
801,Dist L1,1340,5,Additive0.015,605069,3236,45,6.65547754537792,6.66770505095788,6.68547754537792,,6.57243613031161,6.56707309470349,6.64795803223314,6.55847722164895,6.53465884861079
802,Oracle,1340,5,Additive0.015,107200,80,8,6.65643033795713,6.66673850191877,6.68643033795713,,6.57123809870915,6.56616755186336,6.64728769928911,6.55732650990576,6.53416187554108
802,Oracle Vector,1340,5,Additive0.015,2291400,2072,17,6.65333812360996,6.66673850191877,6.68333812360996,,6.57123809870915,6.56616755186336,6.64728769928911,6.55732650990576,6.53416187554108
802,Value,1340,5,Additive0.015,578317,3263,43,6.65547754537792,6.66673850191877,6.68547754537792,,6.57123809870915,6.56616755186336,6.64728769928911,6.55732650990576,6.53416187554108
802,Vector,1340,5,Additive0.015,2792560,2509,24,6.65766927846262,6.66673850191877,6.68766927846262,,6.57123809870915,6.56616755186336,6.64728769928911,6.55732650990576,6.53416187554108
802,Dist L1,1340,5,Additive0.015,605069,3236,45,6.65547754537792,6.66673850191877,6.68547754537792,,6.57123809870915,6.56616755186336,6.64728769928911,6.55732650990576,6.53416187554108
803,Oracle,1340,5,Additive0.015,107200,80,8,6.65643033795713,6.66568569689897,6.68643033795713,,6.57101642352857,6.56624035363304,6.64581129468439,6.55554106923623,6.53315708096158
803,Oracle Vector,1340,5,Additive0.015,2291400,2072,17,6.65333812360996,6.66568569689897,6.68333812360996,,6.57101642352857,6.56624035363304,6.64581129468439,6.55554106923623,6.53315708096158
803,Value,1340,5,Additive0.015,578321,3268,43,6.65547754537792,6.66568569689897,6.68547754537792,,6.57101642352857,6.56624035363304,6.64581129468439,6.55554106923623,6.53315708096158
803,Vector,1340,5,Additive0.015,2797920,2514,24,6.65766927846262,6.66568569689897,6.68766927846262,,6.57101642352857,6.56624035363304,6.64581129468439,6.55554106923623,6.53315708096158
803,Dist L1,1340,5,Additive0.015,605073,3241,45,6.65547754537792,6.66568569689897,6.68547754537792,,6.57101642352857,6.56624035363304,6.64581129468439,6.55554106923623,6.53315708096158
804,Oracle,1340,5,Additive0.015,107200,80,8,6.65643033795713,6.66514401948364,6.68643033795713,,6.56991613775367,6.56591908895857,6.64538614199972,6.55397687989912,6.53323310826493
804,Oracle Vector,1340,5,Additive0.015,2291400,2072,17,6.65333812360996,6.66514401948364,6.68333812360996,,6.56991613775367,6.56591908895857,6.64538614199972,6.55397687989912,6.53323310826493
804,Value,1340,5,Additive0.015,578321,3268,43,6.65547754537792,6.66514401948364,6.68547754537792,,6.56991613775367,6.56591908895857,6.64538614199972,6.55397687989912,6.53323310826493
804,Vector,1340,5,Additive0.015,2805960,2521,24,6.65766927846262,6.66514401948364,6.68766927846262,,6.56991613775367,6.56591908895857,6.64538614199972,6.55397687989912,6.53323310826493
804,Dist L1,1340,5,Additive0.015,605079,3248,45,6.65547754537792,6.66514401948364,6.68547754537792,,6.56991613775367,6.56591908895857,6.64538614199972,6.55397687989912,6.53323310826493
805,Oracle,1340,5,Additive0.015,107200,80,8,6.65643033795713,6.6644885083585,6.68643033795713,,6.57060988720272,6.56566974334766,6.64413932576461,6.55294914515793,6.53222641150211
805,Oracle Vector,1340,5,Additive0.015,2296760,2077,17,6.65333812360996,6.6644885083585,6.68333812360996,,6.57060988720272,6.56566974334765,6.64413932576461,6.55294914515794,6.53222641150211
805,Value,1340,5,Additive0.015,578327,3276,43,6.65547754537792,6.6644885083585,6.68547754537792,,6.57060988720272,6.56566974334765,6.64413932576461,6.55294914515793,6.53222641150211
805,Vector,1340,5,Additive0.015,2814000,2528,24,6.65766927846262,6.6644885083585,6.68766927846262,,6.57060988720272,6.56566974334765,6.64413932576461,6.55294914515793,6.53222641150211
805,Dist L1,1340,5,Additive0.015,605079,3248,45,6.65547754537792,6.6644885083585,6.68547754537792,,6.57060988720272,6.56566974334765,6.64413932576461,6.55294914515793,6.53222641150211
806,Oracle,1340,5,Additive0.015,107200,80,8,6.65643033795713,6.66331060814924,6.68643033795713,,6.57043569731119,6.56492001897163,6.64258467643288,6.54990853915747,6.53163831764069
806,Oracle Vector,1340,5,Additive0.015,2296760,2077,17,6.65333812360996,6.66331060814924,6.68333812360996,,6.57043569731119,6.56492001897163,6.64258467643288,6.54990853915746,6.53163831764069
806,Vector,1340,5,Additive0.015,2819360,2533,24,6.65766927846262,6.66331060814924,6.68766927846262,,6.57043569731119,6.56492001897163,6.64258467643288,6.54990853915746,6.53163831764069
806,Value,1340,5,Additive0.015,591732,3297,44,6.64831060814924,6.66331060814924,6.67831060814924,,6.57043569731119,6.56492001897163,6.64258467643288,6.54990853915746,6.53163831764069
806,Dist L1,1340,5,Additive0.015,618484,3269,46,6.64831060814924,6.66331060814924,6.67831060814924,,6.57043569731119,6.56492001897163,6.64258467643288,6.54990853915746,6.53163831764069
807,Oracle,1340,5,Additive0.015,107200,80,8,6.65643033795713,6.66202357474507,6.68643033795713,,6.56981436448458,6.56450305424719,6.64124008968762,6.54851049383184,6.53002408147422
807,Oracle Vector,1340,5,Additive0.015,2296760,2077,17,6.65333812360996,6.66202357474507,6.68333812360996,,6.56981436448458,6.56450305424719,6.64124008968762,6.54851049383184,6.53002408147422
807,Value,1340,5,Additive0.015,591732,3297,44,6.64831060814924,6.66202357474507,6.67831060814924,,6.56981436448458,6.56450305424719,6.64124008968762,6.54851049383184,6.53002408147422
807,Vector,1340,5,Additive0.015,2830080,2542,24,6.65766927846262,6.66202357474507,6.68766927846262,,6.56981436448458,6.56450305424719,6.64124008968762,6.54851049383184,6.53002408147422
807,Dist L1,1340,5,Additive0.015,618484,3269,46,6.64831060814924,6.66202357474507,6.67831060814924,,6.56981436448458,6.56450305424719,6.64124008968762,6.54851049383184,6.53002408147422
808,Oracle,1340,5,Additive0.015,107200,80,8,6.65643033795713,6.6606145233001,6.68643033795713,,6.56772496387511,6.56410807720178,6.64026476672714,6.54714664268329,6.52876330032942
808,Oracle Vector,1340,5,Additive0.015,2296760,2077,17,6.65333812360996,6.6606145233001,6.68333812360996,,6.56772496387511,6.56410807720178,6.64026476672715,6.54714664268329,6.52876330032942
808,Value,1340,5,Additive0.015,591732,3297,44,6.64831060814924,6.6606145233001,6.67831060814924,,6.56772496387512,6.56410807720178,6.64026476672715,6.54714664268329,6.52876330032942
808,Vector,1340,5,Additive0.015,2843480,2552,25,6.6456145233001,6.6606145233001,6.6756145233001,,6.56772496387511,6.56410807720178,6.64026476672715,6.54714664268329,6.52876330032942
808,Dist L1,1340,5,Additive0.015,618484,3269,46,6.64831060814924,6.6606145233001,6.67831060814924,,6.56772496387512,6.56410807720178,6.64026476672715,6.54714664268329,6.52876330032942
809,Oracle,1340,5,Additive0.015,107200,80,8,6.65643033795713,6.65999669138441,6.68643033795713,,6.56652754347914,6.56390691255473,6.6395627695369,6.54695590179631,6.52838495948888
809,Oracle Vector,1340,5,Additive0.015,2296760,2077,17,6.65333812360996,6.65999669138441,6.68333812360996,,6.56652754347914,6.56390691255473,6.6395627695369,6.54695590179631,6.52838495948888
809,Value,1340,5,Additive0.015,591732,3297,44,6.64831060814924,6.65999669138441,6.67831060814924,,6.56652754347914,6.56390691255473,6.6395627695369,6.54695590179631,6.52838495948888
809,Vector,1340,5,Additive0.015,2843480,2552,25,6.6456145233001,6.65999669138441,6.6756145233001,,6.56652754347914,6.56390691255473,6.6395627695369,6.54695590179631,6.52838495948888
809,Dist L1,1340,5,Additive0.015,618484,3269,46,6.64831060814924,6.65999669138441,6.67831060814924,,6.56652754347914,6.56390691255473,6.6395627695369,6.54695590179631,6.52838495948888
810,Oracle,1340,5,Additive0.015,107200,80,8,6.65643033795713,6.65916319627183,6.68643033795713,,6.56567349515841,6.56318470544331,6.63885117697735,6.54659326451852,6.5278589095917
810,Value,1340,5,Additive0.015,591732,3297,44,6.64831060814924,6.65916319627183,6.67831060814924,,6.56567349515841,6.56318470544331,6.63885117697735,6.54659326451852,6.5278589095917
810,Vector,1340,5,Additive0.015,2843480,2552,25,6.6456145233001,6.65916319627183,6.6756145233001,,6.56567349515842,6.56318470544331,6.63885117697735,6.54659326451852,6.5278589095917
810,Oracle Vector,1340,5,Additive0.015,2302120,2082,17,6.65333812360996,6.65916319627183,6.68333812360996,,6.56567349515841,6.56318470544331,6.63885117697735,6.54659326451852,6.5278589095917
810,Dist L1,1340,5,Additive0.015,618484,3269,46,6.64831060814924,6.65916319627183,6.67831060814924,,6.56567349515842,6.56318470544331,6.63885117697735,6.54659326451852,6.5278589095917
811,Oracle,1340,5,Additive0.015,107200,80,8,6.65643033795713,6.65840255269915,6.68643033795713,,6.56423540151178,6.56290054260047,6.638242280385,6.54603906900857,6.52747892967614
811,Value,1340,5,Additive0.015,591732,3297,44,6.64831060814924,6.65840255269915,6.67831060814924,,6.56423540151179,6.56290054260048,6.638242280385,6.54603906900857,6.52747892967614
811,Vector,1340,5,Additive0.015,2843480,2552,25,6.6456145233001,6.65840255269915,6.6756145233001,,6.56423540151179,6.56290054260048,6.638242280385,6.54603906900857,6.52747892967614
811,Oracle Vector,1340,5,Additive0.015,2310160,2089,17,6.65333812360996,6.65840255269915,6.68333812360996,,6.56423540151179,6.56290054260048,6.638242280385,6.54603906900857,6.52747892967614
811,Dist L1,1340,5,Additive0.015,618484,3269,46,6.64831060814924,6.65840255269915,6.67831060814924,,6.56423540151179,6.56290054260048,6.638242280385,6.54603906900857,6.52747892967614
812,Oracle,1340,5,Additive0.015,107200,80,8,6.65643033795713,6.65732975816302,6.68643033795713,,6.56344699107295,6.56172891354606,6.6376740456685,6.54489997559867,6.52739496779115
812,Oracle Vector,1340,5,Additive0.015,2315520,2094,17,6.65333812360996,6.65732975816302,6.68333812360996,,6.56344699107295,6.56172891354605,6.6376740456685,6.54489997559867,6.52739496779115
812,Value,1340,5,Additive0.015,591736,3302,44,6.64831060814924,6.65732975816302,6.67831060814924,,6.56344699107295,6.56172891354605,6.6376740456685,6.54489997559867,6.52739496779115
812,Vector,1340,5,Additive0.015,2843480,2552,25,6.6456145233001,6.65732975816302,6.6756145233001,,6.56344699107295,6.56172891354605,6.6376740456685,6.54489997559867,6.52739496779115
812,Dist L1,1340,5,Additive0.015,618490,3277,46,6.64831060814924,6.65732975816302,6.67831060814924,,6.56344699107295,6.56172891354606,6.6376740456685,6.54489997559867,6.52739496779115
813,Oracle,1340,5,Additive0.015,120600,90,9,6.64125673305072,6.65625673305072,6.67125673305072,,6.56240312278996,6.56060867268999,6.63624890306749,6.54465858026609,6.5275789359982
813,Oracle Vector,1340,5,Additive0.015,2323560,2101,17,6.65333812360996,6.65625673305072,6.68333812360996,,6.56240312278996,6.56060867268999,6.63624890306749,6.54465858026609,6.5275789359982
813,Vector,1340,5,Additive0.015,2843480,2552,25,6.6456145233001,6.65625673305072,6.6756145233001,,6.56240312278996,6.56060867268999,6.63624890306749,6.54465858026609,6.5275789359982
813,Value,1340,5,Additive0.015,591744,3312,44,6.64831060814924,6.65625673305072,6.67831060814924,,6.56240312278996,6.56060867268999,6.63624890306749,6.54465858026609,6.5275789359982
813,Dist L1,1340,5,Additive0.015,618500,3289,46,6.64831060814924,6.65625673305072,6.67831060814924,,6.56240312278996,6.56060867268999,6.63624890306749,6.54465858026609,6.5275789359982
814,Oracle,1340,5,Additive0.015,120600,90,9,6.64125673305072,6.6554611313277,6.67125673305072,,6.56264349086306,6.55927420674902,6.63591985613312,6.54387681178573,6.52806629058694
814,Vector,1340,5,Additive0.015,2843480,2552,25,6.6456145233001,6.6554611313277,6.6756145233001,,6.56264349086306,6.55927420674901,6.63591985613312,6.54387681178573,6.52806629058694
814,Oracle Vector,1340,5,Additive0.015,2334280,2110,17,6.65333812360996,6.6554611313277,6.68333812360996,,6.56264349086306,6.55927420674901,6.63591985613312,6.54387681178573,6.52806629058694
814,Value,1340,5,Additive0.015,605149,3332,45,6.6404611313277,6.6554611313277,6.6704611313277,,6.56264349086306,6.55927420674901,6.63591985613312,6.54387681178573,6.52806629058694
814,Dist L1,1340,5,Additive0.015,631905,3309,47,6.6404611313277,6.6554611313277,6.6704611313277,,6.56264349086306,6.55927420674901,6.63591985613312,6.54387681178573,6.52806629058694
815,Oracle,1340,5,Additive0.015,120600,90,9,6.64125673305072,6.65460271659513,6.67125673305072,,6.56230092709389,6.55807296259582,6.63465955455913,6.54240625561413,6.52783722561207
815,Oracle Vector,1340,5,Additive0.015,2339640,2115,17,6.65333812360996,6.65460271659513,6.68333812360996,,6.56230092709389,6.55807296259582,6.63465955455913,6.54240625561413,6.52783722561207
815,Value,1340,5,Additive0.015,605149,3332,45,6.6404611313277,6.65460271659513,6.6704611313277,,6.56230092709389,6.55807296259582,6.63465955455913,6.54240625561413,6.52783722561207
815,Vector,1340,5,Additive0.015,2851520,2559,25,6.6456145233001,6.65460271659513,6.6756145233001,,6.56230092709389,6.55807296259582,6.63465955455913,6.54240625561413,6.52783722561207
815,Dist L1,1340,5,Additive0.015,631905,3309,47,6.6404611313277,6.65460271659513,6.6704611313277,,6.56230092709389,6.55807296259582,6.63465955455913,6.54240625561413,6.52783722561207
816,Oracle,1340,5,Additive0.015,120600,90,9,6.64125673305072,6.65348357025363,6.67125673305072,,6.56237129265542,6.55747708662074,6.63315638395632,6.54076282635625,6.52731096251072
816,Value,1340,5,Additive0.015,605149,3332,45,6.6404611313277,6.65348357025363,6.6704611313277,,6.56237129265542,6.55747708662074,6.63315638395632,6.54076282635625,6.52731096251072
816,Oracle Vector,1340,5,Additive0.015,2353040,2127,17,6.65333812360996,6.65348357025363,6.68333812360996,,6.56237129265542,6.55747708662074,6.63315638395632,6.54076282635625,6.52731096251072
816,Vector,1340,5,Additive0.015,2856880,2564,25,6.6456145233001,6.65348357025363,6.6756145233001,,6.56237129265542,6.55747708662074,6.63315638395632,6.54076282635625,6.52731096251072
816,Dist L1,1340,5,Additive0.015,631905,3309,47,6.6404611313277,6.65348357025363,6.6704611313277,,6.56237129265542,6.55747708662074,6.63315638395632,6.54076282635625,6.52731096251072
817,Oracle,1340,5,Additive0.015,120600,90,9,6.64125673305072,6.65241084730215,6.67125673305072,,6.56169915702494,6.55621329841116,6.63119898814598,6.53937004113551,6.52732047098711
817,Oracle Vector,1340,5,Additive0.015,2366440,2137,18,6.63741084730216,6.65241084730216,6.66741084730216,,6.56169915702494,6.55621329841116,6.63119898814598,6.53937004113552,6.52732047098711
817,Value,1340,5,Additive0.015,605149,3332,45,6.6404611313277,6.65241084730215,6.6704611313277,,6.56169915702494,6.55621329841116,6.63119898814598,6.53937004113552,6.52732047098712
817,Vector,1340,5,Additive0.015,2862240,2569,25,6.6456145233001,6.65241084730216,6.6756145233001,,6.56169915702494,6.55621329841116,6.63119898814598,6.53937004113552,6.52732047098711
817,Dist L1,1340,5,Additive0.015,631905,3309,47,6.6404611313277,6.65241084730215,6.6704611313277,,6.56169915702494,6.55621329841116,6.63119898814598,6.53937004113552,6.52732047098712
818,Oracle,1340,5,Additive0.015,120600,90,9,6.64125673305072,6.65120243380434,6.67125673305072,,6.56159775644707,6.55509477798324,6.62941603806794,6.53784413791802,6.52707498477886
818,Oracle Vector,1340,5,Additive0.015,2366440,2137,18,6.63741084730216,6.65120243380434,6.66741084730216,,6.56159775644707,6.55509477798324,6.62941603806794,6.53784413791802,6.52707498477886
818,Value,1340,5,Additive0.015,605149,3332,45,6.6404611313277,6.65120243380434,6.6704611313277,,6.56159775644708,6.55509477798324,6.62941603806794,6.53784413791802,6.52707498477886
818,Vector,1340,5,Additive0.015,2870280,2576,25,6.6456145233001,6.65120243380434,6.6756145233001,,6.56159775644708,6.55509477798324,6.62941603806794,6.53784413791802,6.52707498477886
818,Dist L1,1340,5,Additive0.015,631905,3309,47,6.6404611313277,6.65120243380434,6.6704611313277,,6.56159775644708,6.55509477798324,6.62941603806794,6.53784413791802,6.52707498477886
819,Oracle,1340,5,Additive0.015,120600,90,9,6.64125673305072,6.65073964061133,6.67125673305072,,6.56221444816159,6.55421293063235,6.62814516445937,6.53714281355783,6.52835743977468
819,Oracle Vector,1340,5,Additive0.015,2366440,2137,18,6.63741084730216,6.65073964061133,6.66741084730216,,6.5622144481616,6.55421293063236,6.62814516445937,6.53714281355783,6.52835743977468
819,Value,1340,5,Additive0.015,605149,3332,45,6.6404611313277,6.65073964061133,6.6704611313277,,6.5622144481616,6.55421293063236,6.62814516445937,6.53714281355783,6.52835743977468
819,Vector,1340,5,Additive0.015,2881000,2585,25,6.6456145233001,6.65073964061133,6.6756145233001,,6.56221444816159,6.55421293063236,6.62814516445937,6.53714281355783,6.52835743977468
819,Dist L1,1340,5,Additive0.015,631905,3309,47,6.6404611313277,6.65073964061133,6.6704611313277,,6.56221444816159,6.55421293063235,6.62814516445937,6.53714281355783,6.52835743977468
820,Oracle,1340,5,Additive0.015,120600,90,9,6.64125673305072,6.65013722576104,6.67125673305072,,6.56192087503632,6.55330064333819,6.62748951303194,6.53666789443937,6.52939791050166
820,Oracle Vector,1340,5,Additive0.015,2366440,2137,18,6.63741084730216,6.65013722576104,6.66741084730216,,6.56192087503632,6.55330064333819,6.62748951303194,6.53666789443937,6.52939791050166
820,Value,1340,5,Additive0.015,605155,3339,45,6.6404611313277,6.65013722576104,6.6704611313277,,6.56192087503632,6.55330064333819,6.62748951303194,6.53666789443937,6.52939791050165
820,Vector,1340,5,Additive0.015,2894400,2596,25,6.6456145233001,6.65013722576104,6.6756145233001,,6.56192087503632,6.55330064333819,6.62748951303194,6.53666789443937,6.52939791050166
820,Dist L1,1340,5,Additive0.015,631911,3316,47,6.6404611313277,6.65013722576104,6.6704611313277,,6.56192087503632,6.55330064333819,6.62748951303194,6.53666789443937,6.52939791050165
821,Oracle,1340,5,Additive0.015,120600,90,9,6.64125673305072,6.64954098571297,6.67125673305072,,6.56294958045703,6.55318643415579,6.62651200581862,6.5354109451211,6.52952597871312
821,Oracle Vector,1340,5,Additive0.015,2366440,2137,18,6.63741084730216,6.64954098571297,6.66741084730216,,6.56294958045702,6.55318643415579,6.62651200581862,6.53541094512109,6.52952597871312
821,Value,1340,5,Additive0.015,605155,3339,45,6.6404611313277,6.64954098571297,6.6704611313277,,6.56294958045702,6.55318643415579,6.62651200581862,6.53541094512109,6.52952597871312
821,Vector,1340,5,Additive0.015,2907800,2607,25,6.6456145233001,6.64954098571297,6.6756145233001,,6.56294958045702,6.55318643415579,6.62651200581862,6.53541094512109,6.52952597871312
821,Dist L1,1340,5,Additive0.015,631915,3321,47,6.6404611313277,6.64954098571297,6.6704611313277,,6.56294958045702,6.55318643415579,6.62651200581862,6.53541094512109,6.52952597871312
822,Oracle,1340,5,Additive0.015,120600,90,9,6.64125673305072,6.64866484198787,6.67125673305072,,6.56311119648931,6.55256369981673,6.62486644689681,6.5341263633894,6.52993286462789
822,Oracle Vector,1340,5,Additive0.015,2366440,2137,18,6.63741084730216,6.64866484198787,6.66741084730216,,6.56311119648931,6.55256369981673,6.62486644689681,6.5341263633894,6.52993286462789
822,Value,1340,5,Additive0.015,605163,3348,45,6.6404611313277,6.64866484198787,6.6704611313277,,6.56311119648931,6.55256369981673,6.62486644689681,6.53412636338941,6.52993286462789
822,Vector,1340,5,Additive0.015,2921200,2617,26,6.63366484198787,6.64866484198787,6.66366484198787,,6.56311119648931,6.55256369981673,6.62486644689681,6.53412636338941,6.52993286462789
822,Dist L1,1340,5,Additive0.015,631925,3333,47,6.6404611313277,6.64866484198787,6.6704611313277,,6.56311119648931,6.55256369981673,6.62486644689681,6.5341263633894,6.52993286462789
823,Oracle,1340,5,Additive0.015,120600,90,9,6.64125673305072,6.6481904165173,6.67125673305072,,6.56274753230069,6.55231349020157,6.6233755742172,6.53362457595657,6.53036987590443
823,Oracle Vector,1340,5,Additive0.015,2366440,2137,18,6.63741084730216,6.6481904165173,6.66741084730216,,6.56274753230069,6.55231349020157,6.6233755742172,6.53362457595657,6.53036987590443
823,Vector,1340,5,Additive0.015,2921200,2617,26,6.63366484198787,6.6481904165173,6.66366484198787,,6.56274753230069,6.55231349020157,6.6233755742172,6.53362457595657,6.53036987590443
823,Value,1340,5,Additive0.015,618568,3369,46,6.6331904165173,6.6481904165173,6.6631904165173,,6.56274753230069,6.55231349020157,6.6233755742172,6.53362457595657,6.53036987590443
823,Dist L1,1340,5,Additive0.015,645330,3353,48,6.6331904165173,6.6481904165173,6.6631904165173,,6.56274753230069,6.55231349020157,6.6233755742172,6.53362457595657,6.53036987590443
824,Oracle,1340,5,Additive0.015,120600,90,9,6.64125673305072,6.64764611331344,6.67125673305072,,6.5638651526255,6.55236130408221,6.62180550796963,6.53279315085032,6.52992809356943
824,Oracle Vector,1340,5,Additive0.015,2366440,2137,18,6.63741084730216,6.64764611331344,6.66741084730216,,6.5638651526255,6.55236130408222,6.62180550796963,6.53279315085032,6.52992809356943
824,Vector,1340,5,Additive0.015,2921200,2617,26,6.63366484198787,6.64764611331344,6.66366484198787,,6.5638651526255,6.55236130408222,6.62180550796963,6.53279315085032,6.52992809356943
824,Value,1340,5,Additive0.015,618568,3369,46,6.6331904165173,6.64764611331344,6.6631904165173,,6.56386515262551,6.55236130408222,6.62180550796963,6.53279315085032,6.52992809356943
824,Dist L1,1340,5,Additive0.015,645330,3353,48,6.6331904165173,6.64764611331344,6.6631904165173,,6.5638651526255,6.55236130408222,6.62180550796963,6.53279315085032,6.52992809356943
825,Oracle,1340,5,Additive0.015,120600,90,9,6.64125673305072,6.64678779389907,6.67125673305072,,6.56456007009375,6.55095669790728,6.62094922331014,6.5313554334947,6.52994670756288
825,Oracle Vector,1340,5,Additive0.015,2366440,2137,18,6.63741084730216,6.64678779389907,6.66741084730216,,6.56456007009375,6.55095669790728,6.62094922331014,6.5313554334947,6.52994670756288
825,Vector,1340,5,Additive0.015,2921200,2617,26,6.63366484198787,6.64678779389908,6.66366484198787,,6.56456007009375,6.55095669790728,6.62094922331014,6.5313554334947,6.52994670756288
825,Value,1340,5,Additive0.015,618568,3369,46,6.6331904165173,6.64678779389908,6.6631904165173,,6.56456007009375,6.55095669790728,6.62094922331014,6.5313554334947,6.52994670756288
825,Dist L1,1340,5,Additive0.015,645330,3353,48,6.6331904165173,6.64678779389908,6.6631904165173,,6.56456007009375,6.55095669790728,6.62094922331014,6.5313554334947,6.52994670756288
826,Oracle,1340,5,Additive0.015,120600,90,9,6.64125673305072,6.64621454186485,6.67125673305072,,6.56885828201444,6.55349900149489,6.62014806787992,6.52862547735326,6.52710425292683
826,Value,1340,5,Additive0.015,618568,3369,46,6.6331904165173,6.64621454186485,6.6631904165173,,6.56885828201444,6.55349900149488,6.62014806787993,6.52862547735326,6.52710425292683
826,Oracle Vector,1340,5,Additive0.015,2366440,2137,18,6.63741084730216,6.64621454186485,6.66741084730216,,6.56885828201444,6.55349900149488,6.62014806787993,6.52862547735326,6.52710425292683
826,Vector,1340,5,Additive0.015,2921200,2617,26,6.63366484198787,6.64621454186485,6.66366484198787,,6.56885828201444,6.55349900149489,6.62014806787993,6.52862547735326,6.52710425292683
826,Dist L1,1340,5,Additive0.015,645330,3353,48,6.6331904165173,6.64621454186485,6.6631904165173,,6.56885828201444,6.55349900149489,6.62014806787993,6.52862547735326,6.52710425292683
827,Oracle,1340,5,Additive0.015,120600,90,9,6.64125673305072,6.64467179670137,6.67125673305072,,6.56907009463606,6.55197561467914,6.61751351232663,6.52631023141917,6.52609481846827
827,Oracle Vector,1340,5,Additive0.015,2371800,2142,18,6.63741084730216,6.64467179670136,6.66741084730216,,6.56907009463606,6.55197561467914,6.61751351232664,6.52631023141917,6.52609481846827
827,Vector,1340,5,Additive0.015,2921200,2617,26,6.63366484198787,6.64467179670137,6.66366484198787,,6.56907009463606,6.55197561467914,6.61751351232663,6.52631023141917,6.52609481846827
827,Value,1340,5,Additive0.015,618568,3369,46,6.6331904165173,6.64467179670137,6.6631904165173,,6.56907009463606,6.55197561467914,6.61751351232663,6.52631023141917,6.52609481846827
827,Dist L1,1340,5,Additive0.015,645330,3353,48,6.6331904165173,6.64467179670137,6.6631904165173,,6.56907009463606,6.55197561467914,6.61751351232663,6.52631023141917,6.52609481846827
828,Oracle,1340,5,Additive0.015,120600,90,9,6.64125673305072,6.64336767824061,6.67125673305072,,6.56801285785161,6.55092290833712,6.61502655395191,6.52444986835803,6.52634297269733
828,Oracle Vector,1340,5,Additive0.015,2379840,2149,18,6.63741084730216,6.64336767824061,6.66741084730216,,6.56801285785161,6.55092290833712,6.61502655395191,6.52444986835803,6.52634297269733
828,Value,1340,5,Additive0.015,618572,3374,46,6.6331904165173,6.64336767824061,6.6631904165173,,6.56801285785161,6.55092290833712,6.61502655395191,6.52444986835803,6.52634297269733
828,Vector,1340,5,Additive0.015,2926560,2622,26,6.63366484198787,6.64336767824061,6.66366484198787,,6.56801285785161,6.55092290833712,6.61502655395191,6.52444986835803,6.52634297269733
828,Dist L1,1340,5,Additive0.015,645334,3358,48,6.6331904165173,6.64336767824061,6.6631904165173,,6.56801285785161,6.55092290833712,6.61502655395191,6.52444986835803,6.52634297269733
829,Oracle,1340,5,Additive0.015,120600,90,9,6.64125673305072,6.64188527736168,6.67125673305072,,6.56785393821436,6.54909872063312,6.6134914886404,6.52188888221458,6.52641426577252
829,Oracle Vector,1340,5,Additive0.015,2385200,2154,18,6.63741084730216,6.64188527736168,6.66741084730216,,6.56785393821436,6.54909872063312,6.6134914886404,6.52188888221458,6.52641426577252
829,Value,1340,5,Additive0.015,618580,3383,46,6.6331904165173,6.64188527736168,6.6631904165173,,6.56785393821436,6.54909872063312,6.6134914886404,6.52188888221458,6.52641426577252
829,Vector,1340,5,Additive0.015,2934600,2629,26,6.63366484198787,6.64188527736168,6.66366484198787,,6.56785393821435,6.54909872063312,6.6134914886404,6.52188888221458,6.52641426577252
829,Dist L1,1340,5,Additive0.015,645340,3365,48,6.6331904165173,6.64188527736168,6.6631904165173,,6.56785393821436,6.54909872063312,6.6134914886404,6.52188888221458,6.52641426577252
830,Oracle,1340,5,Additive0.015,134000,100,10,6.62556623890405,6.64056623890405,6.65556623890405,,6.56723159120013,6.54763354669599,6.61239428405879,6.51912524316612,6.5268790029739
830,Oracle Vector,1340,5,Additive0.015,2390560,2159,18,6.63741084730216,6.64056623890405,6.66741084730216,,6.56723159120013,6.54763354669599,6.61239428405879,6.51912524316612,6.5268790029739
830,Vector,1340,5,Additive0.015,2934600,2629,26,6.63366484198787,6.64056623890405,6.66366484198787,,6.56723159120013,6.54763354669599,6.61239428405879,6.51912524316612,6.5268790029739
830,Value,1340,5,Additive0.015,631985,3404,47,6.62556623890405,6.64056623890405,6.65556623890405,,6.56723159120013,6.54763354669599,6.61239428405879,6.51912524316612,6.5268790029739
830,Dist L1,1340,5,Additive0.015,658745,3387,49,6.62556623890405,6.64056623890405,6.65556623890405,,6.56723159120013,6.54763354669599,6.61239428405879,6.51912524316612,6.5268790029739
831,Oracle,1340,5,Additive0.015,134000,100,10,6.62556623890405,6.63919010079039,6.65556623890405,,6.56708069406333,6.54624144490795,6.61114278925454,6.51687540772374,6.52681894976793
831,Value,1340,5,Additive0.015,631985,3404,47,6.62556623890405,6.63919010079039,6.65556623890405,,6.56708069406333,6.54624144490795,6.61114278925454,6.51687540772374,6.52681894976793
831,Oracle Vector,1340,5,Additive0.015,2401280,2168,18,6.63741084730216,6.63919010079039,6.66741084730216,,6.56708069406333,6.54624144490795,6.61114278925454,6.51687540772374,6.52681894976793
831,Vector,1340,5,Additive0.015,2945320,2638,26,6.63366484198787,6.63919010079039,6.66366484198787,,6.56708069406333,6.54624144490795,6.61114278925454,6.51687540772374,6.52681894976793
831,Dist L1,1340,5,Additive0.015,658745,3387,49,6.62556623890405,6.63919010079039,6.65556623890405,,6.56708069406333,6.54624144490795,6.61114278925454,6.51687540772374,6.52681894976793
832,Oracle,1340,5,Additive0.015,134000,100,10,6.62556623890405,6.63824269545521,6.65556623890405,,6.56685772036018,6.54464841905544,6.60928703299218,6.51585043504803,6.52783102824868
832,Oracle Vector,1340,5,Additive0.015,2412000,2177,18,6.63741084730216,6.63824269545521,6.66741084730216,,6.56685772036018,6.54464841905544,6.60928703299218,6.51585043504802,6.52783102824868
832,Value,1340,5,Additive0.015,631985,3404,47,6.62556623890405,6.63824269545521,6.65556623890405,,6.56685772036018,6.54464841905544,6.60928703299218,6.51585043504802,6.52783102824868
832,Vector,1340,5,Additive0.015,2953360,2645,26,6.63366484198787,6.63824269545521,6.66366484198787,,6.56685772036018,6.54464841905544,6.60928703299218,6.51585043504803,6.52783102824868
832,Dist L1,1340,5,Additive0.015,658745,3387,49,6.62556623890405,6.63824269545521,6.65556623890405,,6.56685772036018,6.54464841905544,6.60928703299218,6.51585043504803,6.52783102824868
833,Oracle,1340,5,Additive0.015,134000,100,10,6.62556623890405,6.63779493560109,6.65556623890405,,6.56667298505938,6.54372199520225,6.6092353664465,6.51596004791717,6.528838403915
833,Value,1340,5,Additive0.015,631985,3404,47,6.62556623890405,6.6377949356011,6.65556623890405,,6.56667298505938,6.54372199520225,6.6092353664465,6.51596004791717,6.528838403915
833,Oracle Vector,1340,5,Additive0.015,2422720,2186,18,6.63741084730216,6.6377949356011,6.66741084730216,,6.56667298505938,6.54372199520225,6.6092353664465,6.51596004791717,6.528838403915
833,Vector,1340,5,Additive0.015,2966760,2656,26,6.63366484198787,6.6377949356011,6.66366484198787,,6.56667298505938,6.54372199520225,6.6092353664465,6.51596004791717,6.528838403915
833,Dist L1,1340,5,Additive0.015,658745,3387,49,6.62556623890405,6.6377949356011,6.65556623890405,,6.56667298505938,6.54372199520225,6.6092353664465,6.51596004791717,6.528838403915
834,Oracle,1340,5,Additive0.015,134000,100,10,6.62556623890405,6.63751856581979,6.65556623890405,,6.56736742092535,6.54320078654214,6.60938743368019,6.51588685110376,6.52866926589357
834,Oracle Vector,1340,5,Additive0.015,2433440,2195,18,6.63741084730216,6.63751856581979,6.66741084730216,,6.56736742092535,6.54320078654214,6.60938743368019,6.51588685110376,6.52866926589357
834,Value,1340,5,Additive0.015,631985,3404,47,6.62556623890405,6.63751856581979,6.65556623890405,,6.56736742092535,6.54320078654214,6.60938743368019,6.51588685110376,6.52866926589357
834,Vector,1340,5,Additive0.015,2977480,2666,26,6.63366484198787,6.63751856581979,6.66366484198787,,6.56736742092535,6.54320078654214,6.60938743368019,6.51588685110376,6.52866926589357
834,Dist L1,1340,5,Additive0.015,658745,3387,49,6.62556623890405,6.63751856581979,6.65556623890405,,6.56736742092535,6.54320078654214,6.60938743368019,6.51588685110376,6.52866926589357
835,Oracle,1340,5,Additive0.015,134000,100,10,6.62556623890405,6.63703179483068,6.65556623890405,,6.5673379685426,6.54283489122694,6.60857471638197,6.51524762259439,6.52918683171469
835,Value,1340,5,Additive0.015,631985,3404,47,6.62556623890405,6.63703179483068,6.65556623890405,,6.5673379685426,6.54283489122694,6.60857471638197,6.51524762259439,6.52918683171469
835,Oracle Vector,1340,5,Additive0.015,2446840,2207,19,6.62203179483068,6.63703179483068,6.65203179483068,,6.5673379685426,6.54283489122694,6.60857471638197,6.51524762259439,6.52918683171469
835,Dist L1,1340,5,Additive0.015,658745,3387,49,6.62556623890405,6.63703179483068,6.65556623890405,,6.5673379685426,6.54283489122694,6.60857471638197,6.51524762259439,6.52918683171469
835,Vector,1340,5,Additive0.015,2990880,2678,27,6.62203179483068,6.63703179483068,6.65203179483068,,6.5673379685426,6.54283489122694,6.60857471638197,6.51524762259439,6.52918683171469
836,Oracle,1340,5,Additive0.015,134000,100,10,6.62556623890405,6.63611181591971,6.65556623890405,,6.56698057168119,6.54095989598361,6.60637871893764,6.51490055339461,6.52944536041028
836,Oracle Vector,1340,5,Additive0.015,2446840,2207,19,6.62203179483068,6.63611181591971,6.65203179483068,,6.56698057168119,6.54095989598361,6.60637871893764,6.51490055339461,6.52944536041028
836,Vector,1340,5,Additive0.015,2990880,2678,27,6.62203179483068,6.63611181591971,6.65203179483068,,6.56698057168119,6.54095989598361,6.60637871893764,6.51490055339461,6.52944536041028
836,Value,1340,5,Additive0.015,631989,3409,47,6.62556623890405,6.63611181591971,6.65556623890405,,6.56698057168119,6.54095989598361,6.60637871893764,6.51490055339461,6.52944536041028
836,Dist L1,1340,5,Additive0.015,658749,3392,49,6.62556623890405,6.63611181591971,6.65556623890405,,6.56698057168119,6.54095989598361,6.60637871893764,6.51490055339461,6.52944536041028
837,Oracle,1340,5,Additive0.015,134000,100,10,6.62556623890405,6.63583079952777,6.65556623890405,,6.5670176169256,6.54007318501879,6.60523668256796,6.5150464272209,6.53090460644436
837,Oracle Vector,1340,5,Additive0.015,2446840,2207,19,6.62203179483068,6.63583079952777,6.65203179483068,,6.5670176169256,6.54007318501879,6.60523668256796,6.5150464272209,6.53090460644436
837,Vector,1340,5,Additive0.015,2990880,2678,27,6.62203179483068,6.63583079952777,6.65203179483068,,6.5670176169256,6.54007318501879,6.60523668256796,6.5150464272209,6.53090460644436
837,Value,1340,5,Additive0.015,631989,3409,47,6.62556623890405,6.63583079952777,6.65556623890405,,6.5670176169256,6.54007318501879,6.60523668256796,6.5150464272209,6.53090460644436
837,Dist L1,1340,5,Additive0.015,658749,3392,49,6.62556623890405,6.63583079952777,6.65556623890405,,6.5670176169256,6.54007318501879,6.60523668256796,6.5150464272209,6.53090460644436
838,Oracle,1340,5,Additive0.015,134000,100,10,6.62556623890405,6.63487188059436,6.65556623890405,,6.56724148929793,6.53855815477182,6.60419088181229,6.51398028168071,6.53084185631429
838,Oracle Vector,1340,5,Additive0.015,2446840,2207,19,6.62203179483068,6.63487188059436,6.65203179483068,,6.56724148929793,6.53855815477182,6.60419088181229,6.51398028168071,6.53084185631429
838,Vector,1340,5,Additive0.015,2990880,2678,27,6.62203179483068,6.63487188059436,6.65203179483068,,6.56724148929793,6.53855815477182,6.60419088181229,6.51398028168071,6.53084185631429
838,Value,1340,5,Additive0.015,631997,3419,47,6.62556623890405,6.63487188059436,6.65556623890405,,6.56724148929793,6.53855815477182,6.60419088181229,6.51398028168071,6.53084185631429
838,Dist L1,1340,5,Additive0.015,658757,3401,49,6.62556623890405,6.63487188059436,6.65556623890405,,6.56724148929793,6.53855815477182,6.60419088181229,6.51398028168071,6.53084185631429
839,Oracle,1340,5,Additive0.015,134000,100,10,6.62556623890405,6.63416496688041,6.65556623890405,,6.56728110412875,6.53666074322169,6.60266940507874,6.51389770114772,6.5311456169355
839,Oracle Vector,1340,5,Additive0.015,2446840,2207,19,6.62203179483068,6.63416496688041,6.65203179483068,,6.56728110412875,6.53666074322169,6.60266940507874,6.51389770114772,6.5311456169355
839,Vector,1340,5,Additive0.015,2990880,2678,27,6.62203179483068,6.63416496688041,6.65203179483068,,6.56728110412875,6.53666074322169,6.60266940507874,6.51389770114772,6.5311456169355
839,Value,1340,5,Additive0.015,645402,3441,48,6.61916496688041,6.63416496688041,6.6491649668804,,6.56728110412875,6.53666074322169,6.60266940507874,6.51389770114772,6.5311456169355
839,Dist L1,1340,5,Additive0.015,672162,3422,50,6.61916496688041,6.63416496688041,6.6491649668804,,6.56728110412875,6.53666074322169,6.60266940507874,6.51389770114772,6.5311456169355
840,Oracle,1340,5,Additive0.015,134000,100,10,6.62556623890405,6.63311711423756,6.65556623890405,,6.56648984913987,6.5356697003677,6.60095610851069,6.51327082059892,6.53010723021893
840,Oracle Vector,1340,5,Additive0.015,2446840,2207,19,6.62203179483068,6.63311711423756,6.65203179483068,,6.56648984913987,6.5356697003677,6.60095610851069,6.51327082059892,6.53010723021893
840,Vector,1340,5,Additive0.015,2990880,2678,27,6.62203179483068,6.63311711423755,6.65203179483068,,6.56648984913987,6.5356697003677,6.60095610851069,6.51327082059892,6.53010723021893
840,Value,1340,5,Additive0.015,645402,3441,48,6.61916496688041,6.63311711423755,6.6491649668804,,6.56648984913987,6.5356697003677,6.60095610851069,6.51327082059892,6.53010723021893
840,Dist L1,1340,5,Additive0.015,672162,3422,50,6.61916496688041,6.63311711423755,6.6491649668804,,6.56648984913987,6.5356697003677,6.60095610851069,6.51327082059892,6.53010723021893
841,Oracle,1340,5,Additive0.015,134000,100,10,6.62556623890405,6.63183074847639,6.65556623890405,,6.56593636141059,6.5343471360012,6.59934754699175,6.51230221370152,6.52910486307966
841,Value,1340,5,Additive0.015,645402,3441,48,6.61916496688041,6.63183074847639,6.6491649668804,,6.56593636141059,6.5343471360012,6.59934754699175,6.51230221370153,6.52910486307966
841,Oracle Vector,1340,5,Additive0.015,2446840,2207,19,6.62203179483068,6.63183074847639,6.65203179483068,,6.56593636141059,6.5343471360012,6.59934754699175,6.51230221370152,6.52910486307966
841,Vector,1340,5,Additive0.015,2998920,2685,27,6.62203179483068,6.63183074847639,6.65203179483068,,6.56593636141059,6.5343471360012,6.59934754699175,6.51230221370153,6.52910486307966
841,Dist L1,1340,5,Additive0.015,672162,3422,50,6.61916496688041,6.63183074847639,6.6491649668804,,6.56593636141059,6.5343471360012,6.59934754699175,6.51230221370153,6.52910486307966
842,Oracle,1340,5,Additive0.015,134000,100,10,6.62556623890405,6.63129962240455,6.65556623890405,,6.5662483447474,6.53363550435998,6.59825783196284,6.51183014962323,6.52870005450619
842,Oracle Vector,1340,5,Additive0.015,2446840,2207,19,6.62203179483068,6.63129962240455,6.65203179483068,,6.5662483447474,6.53363550435998,6.59825783196284,6.51183014962323,6.52870005450619
842,Value,1340,5,Additive0.015,645402,3441,48,6.61916496688041,6.63129962240455,6.6491649668804,,6.5662483447474,6.53363550435998,6.59825783196284,6.51183014962323,6.52870005450619
842,Vector,1340,5,Additive0.015,3004280,2690,27,6.62203179483068,6.63129962240455,6.65203179483068,,6.5662483447474,6.53363550435998,6.59825783196284,6.51183014962323,6.52870005450619
842,Dist L1,1340,5,Additive0.015,672162,3422,50,6.61916496688041,6.63129962240455,6.6491649668804,,6.5662483447474,6.53363550435998,6.59825783196284,6.51183014962323,6.52870005450619
843,Oracle,1340,5,Additive0.015,134000,100,10,6.62556623890405,6.63092542325869,6.65556623890405,,6.56632917511939,6.53305136893584,6.59766693166706,6.5120296937398,6.52794271532119
843,Oracle Vector,1340,5,Additive0.015,2446840,2207,19,6.62203179483068,6.63092542325869,6.65203179483068,,6.56632917511939,6.53305136893584,6.59766693166707,6.5120296937398,6.52794271532119
843,Vector,1340,5,Additive0.015,3004280,2690,27,6.62203179483068,6.63092542325869,6.65203179483068,,6.56632917511939,6.53305136893584,6.59766693166707,6.5120296937398,6.52794271532119
843,Value,1340,5,Additive0.015,645402,3441,48,6.61916496688041,6.63092542325869,6.6491649668804,,6.56632917511939,6.53305136893584,6.59766693166707,6.5120296937398,6.52794271532119
843,Dist L1,1340,5,Additive0.015,672162,3422,50,6.61916496688041,6.63092542325869,6.6491649668804,,6.56632917511939,6.53305136893584,6.59766693166707,6.5120296937398,6.52794271532119
844,Oracle,1340,5,Additive0.015,134000,100,10,6.62556623890405,6.63022429504693,6.65556623890405,,6.56669734796097,6.53140894862156,6.5971795690339,6.51097531284203,6.5274044010574
844,Oracle Vector,1340,5,Additive0.015,2452200,2212,19,6.62203179483068,6.63022429504693,6.65203179483068,,6.56669734796097,6.53140894862156,6.5971795690339,6.51097531284203,6.5274044010574
844,Value,1340,5,Additive0.015,645402,3441,48,6.61916496688041,6.63022429504693,6.6491649668804,,6.56669734796097,6.53140894862156,6.5971795690339,6.51097531284203,6.5274044010574
844,Vector,1340,5,Additive0.015,3004280,2690,27,6.62203179483068,6.63022429504693,6.65203179483068,,6.56669734796097,6.53140894862156,6.5971795690339,6.51097531284203,6.5274044010574
844,Dist L1,1340,5,Additive0.015,672162,3422,50,6.61916496688041,6.63022429504693,6.6491649668804,,6.56669734796097,6.53140894862156,6.5971795690339,6.51097531284203,6.5274044010574
845,Oracle,1340,5,Additive0.015,134000,100,10,6.62556623890405,6.62859148006532,6.65556623890405,,6.56577162461608,6.52868335035908,6.59580345235021,6.50988254402903,6.52700617664549
845,Value,1340,5,Additive0.015,645406,3446,48,6.61916496688041,6.62859148006532,6.6491649668804,,6.56577162461608,6.52868335035908,6.59580345235021,6.50988254402903,6.52700617664549
845,Oracle Vector,1340,5,Additive0.015,2460240,2219,19,6.62203179483068,6.62859148006532,6.65203179483068,,6.56577162461608,6.52868335035908,6.59580345235021,6.50988254402903,6.52700617664549
845,Vector,1340,5,Additive0.015,3017680,2701,27,6.62203179483068,6.62859148006532,6.65203179483068,,6.56577162461608,6.52868335035908,6.59580345235021,6.50988254402903,6.52700617664549
845,Dist L1,1340,5,Additive0.015,672166,3427,50,6.61916496688041,6.62859148006532,6.6491649668804,,6.56577162461608,6.52868335035908,6.59580345235021,6.50988254402903,6.52700617664549
846,Oracle,1340,5,Additive0.015,134000,100,10,6.62556623890405,6.6269524082363,6.65556623890405,,6.56483149200775,6.5265479241199,6.59344637982319,6.50830597741613,6.52733172811143
846,Oracle Vector,1340,5,Additive0.015,2465600,2224,19,6.62203179483068,6.6269524082363,6.65203179483068,,6.56483149200775,6.52654792411989,6.59344637982319,6.50830597741613,6.52733172811143
846,Vector,1340,5,Additive0.015,3017680,2701,27,6.62203179483068,6.6269524082363,6.65203179483068,,6.56483149200775,6.52654792411989,6.59344637982319,6.50830597741613,6.52733172811143
846,Value,1340,5,Additive0.015,645414,3456,48,6.61916496688041,6.6269524082363,6.6491649668804,,6.56483149200775,6.52654792411989,6.59344637982319,6.50830597741613,6.52733172811143
846,Dist L1,1340,5,Additive0.015,672176,3438,50,6.61916496688041,6.6269524082363,6.6491649668804,,6.56483149200775,6.52654792411989,6.59344637982319,6.50830597741613,6.52733172811143
847,Oracle,1340,5,Additive0.015,134000,100,10,6.62556623890405,6.62573455027069,6.65556623890405,,6.5647809766461,6.52510518990342,6.59134438696127,6.50695691431003,6.52734512539428
847,Oracle Vector,1340,5,Additive0.015,2470960,2229,19,6.62203179483068,6.62573455027069,6.65203179483068,,6.56478097664611,6.52510518990342,6.59134438696127,6.50695691431003,6.52734512539428
847,Vector,1340,5,Additive0.015,3031080,2712,27,6.62203179483068,6.62573455027069,6.65203179483068,,6.56478097664611,6.52510518990342,6.59134438696127,6.50695691431003,6.52734512539428
847,Value,1340,5,Additive0.015,658819,3476,49,6.61073455027069,6.62573455027069,6.64073455027069,,6.56478097664611,6.52510518990342,6.59134438696127,6.50695691431003,6.52734512539428
847,Dist L1,1340,5,Additive0.015,685581,3458,51,6.61073455027069,6.62573455027069,6.64073455027069,,6.56478097664611,6.52510518990342,6.59134438696127,6.50695691431003,6.52734512539428
848,Oracle,1340,5,Additive0.015,147400,110,11,6.60963901922799,6.62463901922799,6.63963901922799,,6.56487305333874,6.5237437592195,6.59119671482516,6.50596109872245,6.52644088630811
848,Oracle Vector,1340,5,Additive0.015,2479000,2236,19,6.62203179483068,6.62463901922799,6.65203179483068,,6.56487305333873,6.5237437592195,6.59119671482516,6.50596109872245,6.52644088630811
848,Value,1340,5,Additive0.015,658819,3476,49,6.61073455027069,6.62463901922799,6.64073455027069,,6.56487305333873,6.5237437592195,6.59119671482516,6.50596109872245,6.52644088630811
848,Vector,1340,5,Additive0.015,3044480,2722,28,6.60963901922799,6.62463901922799,6.63963901922799,,6.56487305333873,6.5237437592195,6.59119671482516,6.50596109872245,6.52644088630811
848,Dist L1,1340,5,Additive0.015,685581,3458,51,6.61073455027069,6.62463901922799,6.64073455027069,,6.56487305333873,6.5237437592195,6.59119671482516,6.50596109872245,6.52644088630811
849,Oracle,1340,5,Additive0.015,147400,110,11,6.60963901922799,6.62394365984459,6.63963901922799,,6.56480247787815,6.52242691233619,6.59120747212771,6.50558593834805,6.52578240882316
849,Vector,1340,5,Additive0.015,3044480,2722,28,6.60963901922799,6.62394365984459,6.63963901922799,,6.56480247787815,6.52242691233619,6.59120747212771,6.50558593834805,6.52578240882316
849,Value,1340,5,Additive0.015,658819,3476,49,6.61073455027069,6.62394365984459,6.64073455027069,,6.56480247787815,6.52242691233619,6.59120747212771,6.50558593834805,6.52578240882316
849,Oracle Vector,1340,5,Additive0.015,2489720,2245,19,6.62203179483068,6.62394365984459,6.65203179483068,,6.56480247787815,6.52242691233619,6.59120747212771,6.50558593834805,6.52578240882316
849,Dist L1,1340,5,Additive0.015,685581,3458,51,6.61073455027069,6.62394365984459,6.64073455027069,,6.56480247787815,6.52242691233619,6.59120747212771,6.50558593834805,6.52578240882316
850,Oracle,1340,5,Additive0.015,147400,110,11,6.60963901922799,6.62296832369733,6.63963901922799,,6.56437999457868,6.52097335704002,6.59046393828633,6.50468820501913,6.52493095940052
850,Oracle Vector,1340,5,Additive0.015,2503120,2257,19,6.62203179483068,6.62296832369733,6.65203179483068,,6.56437999457867,6.52097335704002,6.59046393828633,6.50468820501912,6.52493095940052
850,Value,1340,5,Additive0.015,658819,3476,49,6.61073455027069,6.62296832369733,6.64073455027069,,6.56437999457867,6.52097335704002,6.59046393828633,6.50468820501912,6.52493095940052
850,Vector,1340,5,Additive0.015,3044480,2722,28,6.60963901922799,6.62296832369733,6.63963901922799,,6.56437999457867,6.52097335704002,6.59046393828633,6.50468820501912,6.52493095940052
850,Dist L1,1340,5,Additive0.015,685581,3458,51,6.61073455027069,6.62296832369733,6.64073455027069,,6.56437999457867,6.52097335704002,6.59046393828633,6.50468820501912,6.52493095940052
851,Oracle,1340,5,Additive0.015,147400,110,11,6.60963901922799,6.62184806726116,6.63963901922799,,6.56471082897405,6.51917147928906,6.5893865651849,6.50273620840249,6.52439538763861
851,Vector,1340,5,Additive0.015,3044480,2722,28,6.60963901922799,6.62184806726116,6.63963901922799,,6.56471082897405,6.51917147928906,6.5893865651849,6.50273620840249,6.52439538763861
851,Value,1340,5,Additive0.015,658819,3476,49,6.61073455027069,6.62184806726116,6.64073455027069,,6.56471082897405,6.51917147928906,6.5893865651849,6.50273620840249,6.52439538763861
851,Oracle Vector,1340,5,Additive0.015,2516520,2268,20,6.60684806726116,6.62184806726116,6.63684806726116,,6.56471082897405,6.51917147928906,6.5893865651849,6.50273620840249,6.52439538763861
851,Dist L1,1340,5,Additive0.015,685581,3458,51,6.61073455027069,6.62184806726116,6.64073455027069,,6.56471082897405,6.51917147928906,6.5893865651849,6.50273620840249,6.52439538763861
852,Oracle,1340,5,Additive0.015,147400,110,11,6.60963901922799,6.62156853181946,6.63963901922799,,6.56562665476729,6.51834607533352,6.58940510463316,6.50246218425265,6.52443952463048
852,Oracle Vector,1340,5,Additive0.015,2516520,2268,20,6.60684806726116,6.62156853181945,6.63684806726116,,6.56562665476729,6.51834607533352,6.58940510463316,6.50246218425265,6.52443952463048
852,Vector,1340,5,Additive0.015,3044480,2722,28,6.60963901922799,6.62156853181946,6.63963901922799,,6.56562665476729,6.51834607533352,6.58940510463316,6.50246218425265,6.52443952463048
852,Value,1340,5,Additive0.015,658819,3476,49,6.61073455027069,6.62156853181946,6.64073455027069,,6.56562665476729,6.51834607533352,6.58940510463316,6.50246218425265,6.52443952463048
852,Dist L1,1340,5,Additive0.015,685581,3458,51,6.61073455027069,6.62156853181946,6.64073455027069,,6.56562665476729,6.51834607533352,6.58940510463316,6.50246218425265,6.52443952463048
853,Oracle,1340,5,Additive0.015,147400,110,11,6.60963901922799,6.62075960731549,6.63963901922799,,6.56545555966863,6.51680928209527,6.5892457211701,6.50149516933596,6.52366435259896
853,Oracle Vector,1340,5,Additive0.015,2516520,2268,20,6.60684806726116,6.62075960731549,6.63684806726116,,6.56545555966863,6.51680928209527,6.5892457211701,6.50149516933596,6.52366435259897
853,Value,1340,5,Additive0.015,658823,3481,49,6.61073455027069,6.62075960731549,6.64073455027069,,6.56545555966863,6.51680928209527,6.5892457211701,6.50149516933596,6.52366435259897
853,Vector,1340,5,Additive0.015,3044480,2722,28,6.60963901922799,6.62075960731549,6.63963901922799,,6.56545555966863,6.51680928209527,6.5892457211701,6.50149516933596,6.52366435259897
853,Dist L1,1340,5,Additive0.015,685585,3463,51,6.61073455027069,6.62075960731549,6.64073455027069,,6.56545555966863,6.51680928209527,6.5892457211701,6.50149516933596,6.52366435259897
854,Oracle,1340,5,Additive0.015,147400,110,11,6.60963901922799,6.61978863606462,6.63963901922799,,6.56414864183744,6.51590816954758,6.58849212281718,6.50026790249622,6.52388015029701
854,Value,1340,5,Additive0.015,658823,3481,49,6.61073455027069,6.61978863606462,6.64073455027069,,6.56414864183744,6.51590816954758,6.58849212281718,6.50026790249622,6.52388015029701
854,Oracle Vector,1340,5,Additive0.015,2516520,2268,20,6.60684806726116,6.61978863606462,6.63684806726116,,6.56414864183744,6.51590816954758,6.58849212281718,6.50026790249622,6.52388015029701
854,Vector,1340,5,Additive0.015,3049840,2727,28,6.60963901922799,6.61978863606462,6.63963901922799,,6.56414864183744,6.51590816954758,6.58849212281718,6.50026790249622,6.52388015029701
854,Dist L1,1340,5,Additive0.015,685591,3470,51,6.61073455027069,6.61978863606462,6.64073455027069,,6.56414864183744,6.51590816954758,6.58849212281718,6.50026790249622,6.52388015029701
855,Oracle,1340,5,Additive0.015,147400,110,11,6.60963901922799,6.61860140736206,6.63963901922799,,6.56272489750303,6.51523218512069,6.58793197013618,6.49869194607438,6.52385019434485
855,Oracle Vector,1340,5,Additive0.015,2516520,2268,20,6.60684806726116,6.61860140736206,6.63684806726116,,6.56272489750303,6.51523218512069,6.58793197013618,6.49869194607438,6.52385019434485
855,Vector,1340,5,Additive0.015,3049840,2727,28,6.60963901922799,6.61860140736206,6.63963901922799,,6.56272489750303,6.51523218512069,6.58793197013618,6.49869194607438,6.52385019434485
855,Value,1340,5,Additive0.015,672228,3503,50,6.60360140736206,6.61860140736206,6.63360140736206,,6.56272489750303,6.51523218512069,6.58793197013618,6.49869194607438,6.52385019434485
855,Dist L1,1340,5,Additive0.015,698996,3492,52,6.60360140736206,6.61860140736206,6.63360140736206,,6.56272489750303,6.51523218512069,6.58793197013618,6.49869194607438,6.52385019434485
856,Oracle,1340,5,Additive0.015,147400,110,11,6.60963901922799,6.61723272670474,6.63963901922799,,6.56057457807574,6.51264516079358,6.58692652738874,6.49780387709716,6.52391902538448
856,Oracle Vector,1340,5,Additive0.015,2516520,2268,20,6.60684806726116,6.61723272670473,6.63684806726116,,6.56057457807574,6.51264516079359,6.58692652738874,6.49780387709716,6.52391902538448
856,Value,1340,5,Additive0.015,672228,3503,50,6.60360140736206,6.61723272670474,6.63360140736206,,6.56057457807574,6.51264516079359,6.58692652738874,6.49780387709716,6.52391902538448
856,Vector,1340,5,Additive0.015,3057880,2734,28,6.60963901922799,6.61723272670473,6.63963901922799,,6.56057457807574,6.51264516079359,6.58692652738874,6.49780387709716,6.52391902538448
856,Dist L1,1340,5,Additive0.015,698996,3492,52,6.60360140736206,6.61723272670473,6.63360140736206,,6.56057457807574,6.51264516079359,6.58692652738874,6.49780387709716,6.52391902538448
857,Oracle,1340,5,Additive0.015,147400,110,11,6.60963901922799,6.61579873973135,6.63963901922799,,6.55881030699202,6.51105074480035,6.58520968983774,6.49592905405773,6.52332919725185
857,Oracle Vector,1340,5,Additive0.015,2516520,2268,20,6.60684806726116,6.61579873973135,6.63684806726116,,6.55881030699202,6.51105074480035,6.58520968983774,6.49592905405773,6.52332919725185
857,Value,1340,5,Additive0.015,672228,3503,50,6.60360140736206,6.61579873973135,6.63360140736206,,6.55881030699202,6.51105074480035,6.58520968983774,6.49592905405773,6.52332919725185
857,Vector,1340,5,Additive0.015,3063240,2739,28,6.60963901922799,6.61579873973135,6.63963901922799,,6.55881030699202,6.51105074480035,6.58520968983774,6.49592905405773,6.52332919725185
857,Dist L1,1340,5,Additive0.015,698996,3492,52,6.60360140736206,6.61579873973135,6.63360140736206,,6.55881030699202,6.51105074480035,6.58520968983774,6.49592905405773,6.52332919725185
858,Oracle,1340,5,Additive0.015,147400,110,11,6.60963901922799,6.6147014460625,6.63963901922799,,6.55803075593062,6.50976442948013,6.58430748918122,6.49496165992831,6.52260733931901
858,Oracle Vector,1340,5,Additive0.015,2516520,2268,20,6.60684806726116,6.6147014460625,6.63684806726116,,6.55803075593062,6.50976442948013,6.58430748918123,6.49496165992831,6.52260733931901
858,Value,1340,5,Additive0.015,672228,3503,50,6.60360140736206,6.6147014460625,6.63360140736206,,6.55803075593062,6.50976442948013,6.58430748918123,6.49496165992831,6.52260733931901
858,Vector,1340,5,Additive0.015,3071280,2746,28,6.60963901922799,6.6147014460625,6.63963901922799,,6.55803075593062,6.50976442948013,6.58430748918123,6.49496165992831,6.52260733931901
858,Dist L1,1340,5,Additive0.015,698996,3492,52,6.60360140736206,6.6147014460625,6.63360140736206,,6.55803075593062,6.50976442948013,6.58430748918123,6.49496165992831,6.52260733931901
859,Oracle,1340,5,Additive0.015,147400,110,11,6.60963901922799,6.61336009431266,6.63963901922799,,6.55717080713301,6.50744934154535,6.5839254802828,6.49453470289342,6.52206109299651
859,Oracle Vector,1340,5,Additive0.015,2516520,2268,20,6.60684806726116,6.61336009431266,6.63684806726116,,6.55717080713301,6.50744934154535,6.5839254802828,6.49453470289341,6.52206109299651
859,Value,1340,5,Additive0.015,672228,3503,50,6.60360140736206,6.61336009431266,6.63360140736206,,6.55717080713301,6.50744934154535,6.5839254802828,6.49453470289341,6.52206109299651
859,Vector,1340,5,Additive0.015,3084680,2756,29,6.59836009431266,6.61336009431266,6.62836009431266,,6.55717080713301,6.50744934154536,6.5839254802828,6.49453470289342,6.52206109299651
859,Dist L1,1340,5,Additive0.015,698996,3492,52,6.60360140736206,6.61336009431266,6.63360140736206,,6.55717080713301,6.50744934154536,6.5839254802828,6.49453470289341,6.52206109299651
860,Oracle,1340,5,Additive0.015,147400,110,11,6.60963901922799,6.61166509341434,6.63963901922799,,6.55542788124097,6.50479697372507,6.58227170996201,6.49268682101131,6.52282337985808
860,Oracle Vector,1340,5,Additive0.015,2524560,2275,20,6.60684806726116,6.61166509341434,6.63684806726116,,6.55542788124097,6.50479697372507,6.58227170996201,6.49268682101131,6.52282337985809
860,Vector,1340,5,Additive0.015,3084680,2756,29,6.59836009431266,6.61166509341434,6.62836009431266,,6.55542788124097,6.50479697372507,6.58227170996202,6.49268682101131,6.52282337985809
860,Value,1340,5,Additive0.015,672232,3508,50,6.60360140736206,6.61166509341434,6.63360140736206,,6.55542788124097,6.50479697372507,6.58227170996201,6.49268682101131,6.52282337985809
860,Dist L1,1340,5,Additive0.015,699000,3497,52,6.60360140736206,6.61166509341434,6.63360140736206,,6.55542788124097,6.50479697372507,6.58227170996201,6.49268682101131,6.52282337985809
861,Oracle,1340,5,Additive0.015,147400,110,11,6.60963901922799,6.61085324285883,6.63963901922799,,6.55636466722294,6.5030194782741,6.58164344121794,6.49162151064382,6.52288893870716
861,Oracle Vector,1340,5,Additive0.015,2524560,2275,20,6.60684806726116,6.61085324285883,6.63684806726116,,6.55636466722294,6.5030194782741,6.58164344121793,6.49162151064382,6.52288893870716
861,Value,1340,5,Additive0.015,672242,3520,50,6.60360140736206,6.61085324285883,6.63360140736206,,6.55636466722294,6.50301947827411,6.58164344121794,6.49162151064382,6.52288893870716
861,Vector,1340,5,Additive0.015,3084680,2756,29,6.59836009431266,6.61085324285883,6.62836009431266,,6.55636466722294,6.5030194782741,6.58164344121793,6.49162151064382,6.52288893870716
861,Dist L1,1340,5,Additive0.015,699010,3509,52,6.60360140736206,6.61085324285883,6.63360140736206,,6.55636466722294,6.5030194782741,6.58164344121794,6.49162151064382,6.52288893870716
862,Oracle,1340,5,Additive0.015,147400,110,11,6.60963901922799,6.6106509223569,6.63963901922799,,6.55758283622505,6.5021357374353,6.58174584637321,6.49123392272738,6.52265483839928
862,Oracle Vector,1340,5,Additive0.015,2532600,2282,20,6.60684806726116,6.6106509223569,6.63684806726116,,6.55758283622504,6.5021357374353,6.58174584637321,6.49123392272738,6.52265483839928
862,Vector,1340,5,Additive0.015,3084680,2756,29,6.59836009431266,6.6106509223569,6.62836009431266,,6.55758283622504,6.5021357374353,6.58174584637321,6.49123392272738,6.52265483839928
862,Value,1340,5,Additive0.015,685647,3542,51,6.5956509223569,6.6106509223569,6.6256509223569,,6.55758283622504,6.5021357374353,6.58174584637321,6.49123392272738,6.52265483839928
862,Dist L1,1340,5,Additive0.015,712415,3531,53,6.5956509223569,6.6106509223569,6.6256509223569,,6.55758283622504,6.5021357374353,6.58174584637321,6.49123392272738,6.52265483839928
863,Oracle,1340,5,Additive0.015,147400,110,11,6.60963901922799,6.61091620607563,6.63963901922799,,6.55829173437237,6.50251912284295,6.58145636958764,6.49096479317635,6.52318957298451
863,Oracle Vector,1340,5,Additive0.015,2532600,2282,20,6.60684806726116,6.61091620607563,6.63684806726116,,6.55829173437236,6.50251912284294,6.58145636958764,6.49096479317635,6.52318957298451
863,Value,1340,5,Additive0.015,685647,3542,51,6.5956509223569,6.61091620607563,6.6256509223569,,6.55829173437236,6.50251912284294,6.58145636958764,6.49096479317635,6.52318957298451
863,Vector,1340,5,Additive0.015,3084680,2756,29,6.59836009431266,6.61091620607563,6.62836009431266,,6.55829173437236,6.50251912284294,6.58145636958764,6.49096479317635,6.52318957298451
863,Dist L1,1340,5,Additive0.015,712415,3531,53,6.5956509223569,6.61091620607563,6.6256509223569,,6.55829173437236,6.50251912284294,6.58145636958764,6.49096479317635,6.52318957298451
864,Oracle,1340,5,Additive0.015,147400,110,11,6.60963901922799,6.61006992200698,6.63963901922799,,6.55677823744695,6.50179572900023,6.58015298397418,6.4904608264676,6.5232680886157
864,Value,1340,5,Additive0.015,685647,3542,51,6.5956509223569,6.61006992200698,6.6256509223569,,6.55677823744695,6.50179572900023,6.58015298397418,6.4904608264676,6.5232680886157
864,Vector,1340,5,Additive0.015,3084680,2756,29,6.59836009431266,6.61006992200698,6.62836009431266,,6.55677823744695,6.50179572900023,6.58015298397418,6.4904608264676,6.5232680886157
864,Oracle Vector,1340,5,Additive0.015,2543320,2291,20,6.60684806726116,6.61006992200698,6.63684806726116,,6.55677823744695,6.50179572900023,6.58015298397418,6.4904608264676,6.5232680886157
864,Dist L1,1340,5,Additive0.015,712415,3531,53,6.5956509223569,6.61006992200698,6.6256509223569,,6.55677823744695,6.50179572900023,6.58015298397418,6.4904608264676,6.5232680886157
865,Oracle,1340,5,Additive0.015,160800,120,12,6.59431623572638,6.60931623572638,6.62431623572638,,6.55692535326195,6.50132351345734,6.57891705297733,6.48937936613069,6.52265102807783
865,Oracle Vector,1340,5,Additive0.015,2543320,2291,20,6.60684806726116,6.60931623572638,6.63684806726116,,6.55692535326195,6.50132351345734,6.57891705297733,6.48937936613069,6.52265102807783
865,Value,1340,5,Additive0.015,685647,3542,51,6.5956509223569,6.60931623572638,6.6256509223569,,6.55692535326195,6.50132351345734,6.57891705297733,6.48937936613069,6.52265102807783
865,Vector,1340,5,Additive0.015,3084680,2756,29,6.59836009431266,6.60931623572638,6.62836009431266,,6.55692535326195,6.50132351345734,6.57891705297733,6.48937936613069,6.52265102807783
865,Dist L1,1340,5,Additive0.015,712415,3531,53,6.5956509223569,6.60931623572638,6.6256509223569,,6.55692535326195,6.50132351345734,6.57891705297733,6.48937936613069,6.52265102807783
866,Oracle,1340,5,Additive0.015,160800,120,12,6.59431623572638,6.60834962098259,6.62431623572638,,6.55599035264534,6.50033630525967,6.57854763887315,6.48851428939766,6.52227542546583
866,Value,1340,5,Additive0.015,685647,3542,51,6.5956509223569,6.60834962098259,6.6256509223569,,6.55599035264534,6.50033630525967,6.57854763887315,6.48851428939766,6.52227542546583
866,Vector,1340,5,Additive0.015,3084680,2756,29,6.59836009431266,6.60834962098259,6.62836009431266,,6.55599035264534,6.50033630525967,6.57854763887315,6.48851428939766,6.52227542546583
866,Oracle Vector,1340,5,Additive0.015,2556720,2301,21,6.59334962098259,6.60834962098259,6.62334962098259,,6.55599035264534,6.50033630525967,6.57854763887315,6.48851428939766,6.52227542546583
866,Dist L1,1340,5,Additive0.015,712415,3531,53,6.5956509223569,6.60834962098259,6.6256509223569,,6.55599035264534,6.50033630525967,6.57854763887315,6.48851428939766,6.52227542546583
867,Oracle,1340,5,Additive0.015,160800,120,12,6.59431623572638,6.60734930366276,6.62431623572638,,6.55489687024594,6.49831689700164,6.57781009438374,6.48889516530138,6.52221113343116
867,Oracle Vector,1340,5,Additive0.015,2556720,2301,21,6.59334962098259,6.60734930366276,6.62334962098259,,6.55489687024594,6.49831689700164,6.57781009438374,6.48889516530138,6.52221113343116
867,Value,1340,5,Additive0.015,685647,3542,51,6.5956509223569,6.60734930366276,6.6256509223569,,6.55489687024594,6.49831689700164,6.57781009438374,6.48889516530138,6.52221113343116
867,Vector,1340,5,Additive0.015,3092720,2763,29,6.59836009431266,6.60734930366276,6.62836009431266,,6.55489687024594,6.49831689700164,6.57781009438373,6.48889516530138,6.52221113343116
867,Dist L1,1340,5,Additive0.015,712415,3531,53,6.5956509223569,6.60734930366276,6.6256509223569,,6.55489687024594,6.49831689700164,6.57781009438374,6.48889516530138,6.52221113343116
868,Oracle,1340,5,Additive0.015,160800,120,12,6.59431623572638,6.60674697227242,6.62431623572638,,6.55451699085985,6.4974846976445,6.5775239112857,6.48844792661904,6.52192869340558
868,Oracle Vector,1340,5,Additive0.015,2556720,2301,21,6.59334962098259,6.60674697227242,6.62334962098259,,6.55451699085985,6.49748469764451,6.5775239112857,6.48844792661904,6.52192869340558
868,Value,1340,5,Additive0.015,685647,3542,51,6.5956509223569,6.60674697227242,6.6256509223569,,6.55451699085985,6.49748469764451,6.5775239112857,6.48844792661904,6.52192869340558
868,Vector,1340,5,Additive0.015,3098080,2768,29,6.59836009431266,6.60674697227242,6.62836009431266,,6.55451699085985,6.49748469764451,6.5775239112857,6.48844792661904,6.52192869340558
868,Dist L1,1340,5,Additive0.015,712415,3531,53,6.5956509223569,6.60674697227242,6.6256509223569,,6.55451699085985,6.49748469764451,6.5775239112857,6.48844792661904,6.52192869340558
869,Oracle,1340,5,Additive0.015,160800,120,12,6.59431623572638,6.60597722910438,6.62431623572638,,6.55399579808707,6.49705946724988,6.57744510872236,6.48755507120268,6.52132193807577
869,Oracle Vector,1340,5,Additive0.015,2556720,2301,21,6.59334962098259,6.60597722910438,6.62334962098259,,6.55399579808707,6.49705946724987,6.57744510872236,6.48755507120268,6.52132193807577
869,Value,1340,5,Additive0.015,685647,3542,51,6.5956509223569,6.60597722910438,6.6256509223569,,6.55399579808707,6.49705946724987,6.57744510872236,6.48755507120268,6.52132193807577
869,Vector,1340,5,Additive0.015,3103440,2773,29,6.59836009431266,6.60597722910438,6.62836009431266,,6.55399579808707,6.49705946724987,6.57744510872236,6.48755507120268,6.52132193807577
869,Dist L1,1340,5,Additive0.015,712415,3531,53,6.5956509223569,6.60597722910438,6.6256509223569,,6.55399579808707,6.49705946724987,6.57744510872236,6.48755507120268,6.52132193807577
870,Oracle,1340,5,Additive0.015,160800,120,12,6.59431623572638,6.60544797196709,6.62431623572638,,6.55400706964646,6.4968872947555,6.57672243235514,6.48663496459644,6.52119517570433
870,Oracle Vector,1340,5,Additive0.015,2556720,2301,21,6.59334962098259,6.60544797196709,6.62334962098259,,6.55400706964646,6.4968872947555,6.57672243235514,6.48663496459644,6.52119517570433
870,Value,1340,5,Additive0.015,685651,3547,51,6.5956509223569,6.60544797196709,6.6256509223569,,6.55400706964646,6.4968872947555,6.57672243235514,6.48663496459644,6.52119517570433
870,Vector,1340,5,Additive0.015,3111480,2780,29,6.59836009431266,6.60544797196709,6.62836009431266,,6.55400706964646,6.4968872947555,6.57672243235514,6.48663496459644,6.52119517570433
870,Dist L1,1340,5,Additive0.015,712419,3536,53,6.5956509223569,6.60544797196709,6.6256509223569,,6.55400706964646,6.4968872947555,6.57672243235514,6.48663496459644,6.52119517570433
871,Oracle,1340,5,Additive0.015,160800,120,12,6.59431623572638,6.6045120938714,6.62431623572638,,6.55349521211221,6.49579240818413,6.57538885950036,6.48586348673527,6.52089817597816
871,Oracle Vector,1340,5,Additive0.015,2556720,2301,21,6.59334962098259,6.6045120938714,6.62334962098259,,6.55349521211221,6.49579240818413,6.57538885950036,6.48586348673527,6.52089817597816
871,Value,1340,5,Additive0.015,685659,3556,51,6.5956509223569,6.6045120938714,6.6256509223569,,6.55349521211221,6.49579240818413,6.57538885950036,6.48586348673527,6.52089817597816
871,Vector,1340,5,Additive0.015,3124880,2791,29,6.59836009431266,6.6045120938714,6.62836009431266,,6.55349521211221,6.49579240818413,6.57538885950036,6.48586348673527,6.52089817597816
871,Dist L1,1340,5,Additive0.015,712427,3547,53,6.5956509223569,6.6045120938714,6.6256509223569,,6.55349521211221,6.49579240818413,6.57538885950036,6.48586348673527,6.52089817597816
872,Oracle,1340,5,Additive0.015,160800,120,12,6.59431623572638,6.60395186222426,6.62431623572638,,6.5518182455957,6.49441777774415,6.57507274457696,6.48585613517233,6.52092302799419
872,Vector,1340,5,Additive0.015,3124880,2791,29,6.59836009431266,6.60395186222426,6.62836009431266,,6.5518182455957,6.49441777774415,6.57507274457695,6.48585613517233,6.52092302799419
872,Oracle Vector,1340,5,Additive0.015,2556720,2301,21,6.59334962098259,6.60395186222426,6.62334962098259,,6.5518182455957,6.49441777774415,6.57507274457695,6.48585613517233,6.52092302799419
872,Value,1340,5,Additive0.015,699064,3578,52,6.58895186222426,6.60395186222426,6.61895186222426,,6.5518182455957,6.49441777774415,6.57507274457695,6.48585613517233,6.52092302799419
872,Dist L1,1340,5,Additive0.015,725832,3569,54,6.58895186222426,6.60395186222426,6.61895186222426,,6.5518182455957,6.49441777774415,6.57507274457695,6.48585613517233,6.52092302799419
873,Oracle,1340,5,Additive0.015,160800,120,12,6.59431623572638,6.60386830201251,6.62431623572638,,6.55160223088856,6.49435624030338,6.57551817600889,6.48542204574333,6.52143184816768
873,Oracle Vector,1340,5,Additive0.015,2556720,2301,21,6.59334962098259,6.60386830201251,6.62334962098259,,6.55160223088856,6.49435624030338,6.57551817600889,6.48542204574334,6.52143184816768
873,Value,1340,5,Additive0.015,699064,3578,52,6.58895186222426,6.60386830201251,6.61895186222426,,6.55160223088856,6.49435624030338,6.57551817600889,6.48542204574334,6.52143184816768
873,Vector,1340,5,Additive0.015,3130240,2796,29,6.59836009431266,6.60386830201251,6.62836009431266,,6.55160223088856,6.49435624030338,6.57551817600889,6.48542204574334,6.52143184816769
873,Dist L1,1340,5,Additive0.015,725832,3569,54,6.58895186222426,6.60386830201251,6.61895186222426,,6.55160223088856,6.49435624030338,6.57551817600889,6.48542204574334,6.52143184816768
874,Oracle,1340,5,Additive0.015,160800,120,12,6.59431623572638,6.60376662511078,6.62431623572638,,6.55061191124129,6.49312909018575,6.57614402837069,6.48561248092758,6.52245883686847
874,Oracle Vector,1340,5,Additive0.015,2556720,2301,21,6.59334962098259,6.60376662511078,6.62334962098259,,6.55061191124129,6.49312909018575,6.57614402837069,6.48561248092758,6.52245883686847
874,Value,1340,5,Additive0.015,699064,3578,52,6.58895186222426,6.60376662511078,6.61895186222426,,6.55061191124129,6.49312909018575,6.57614402837069,6.48561248092758,6.52245883686847
874,Vector,1340,5,Additive0.015,3138280,2803,29,6.59836009431266,6.60376662511078,6.62836009431266,,6.55061191124129,6.49312909018575,6.57614402837069,6.48561248092757,6.52245883686847
874,Dist L1,1340,5,Additive0.015,725832,3569,54,6.58895186222426,6.60376662511078,6.61895186222426,,6.55061191124129,6.49312909018575,6.57614402837069,6.48561248092758,6.52245883686847
875,Oracle,1340,5,Additive0.015,160800,120,12,6.59431623572638,6.60313163417288,6.62431623572638,,6.54941140994729,6.49240131567542,6.57514372343261,6.48524249244034,6.52208934304787
875,Oracle Vector,1340,5,Additive0.015,2556720,2301,21,6.59334962098259,6.60313163417288,6.62334962098259,,6.54941140994729,6.49240131567541,6.57514372343261,6.48524249244034,6.52208934304787
875,Value,1340,5,Additive0.015,699064,3578,52,6.58895186222426,6.60313163417288,6.61895186222426,,6.54941140994729,6.49240131567542,6.57514372343261,6.48524249244034,6.52208934304787
875,Vector,1340,5,Additive0.015,3149000,2812,29,6.59836009431266,6.60313163417288,6.62836009431266,,6.54941140994728,6.49240131567541,6.57514372343261,6.48524249244034,6.52208934304787
875,Dist L1,1340,5,Additive0.015,725832,3569,54,6.58895186222426,6.60313163417288,6.61895186222426,,6.54941140994729,6.49240131567541,6.57514372343261,6.48524249244034,6.52208934304787
876,Oracle,1340,5,Additive0.015,160800,120,12,6.59431623572638,6.60157534410524,6.62431623572638,,6.54331304771274,6.48719946431674,6.57251116699189,6.48615650430915,6.5242268958161
876,Oracle Vector,1340,5,Additive0.015,2556720,2301,21,6.59334962098259,6.60157534410524,6.62334962098259,,6.54331304771274,6.48719946431674,6.57251116699189,6.48615650430915,6.5242268958161
876,Value,1340,5,Additive0.015,699064,3578,52,6.58895186222426,6.60157534410524,6.61895186222426,,6.54331304771274,6.48719946431674,6.57251116699189,6.48615650430915,6.5242268958161
876,Vector,1340,5,Additive0.015,3162400,2823,30,6.58657534410524,6.60157534410524,6.61657534410524,,6.54331304771274,6.48719946431674,6.57251116699189,6.48615650430915,6.5242268958161
876,Dist L1,1340,5,Additive0.015,725832,3569,54,6.58895186222426,6.60157534410524,6.61895186222426,,6.54331304771274,6.48719946431674,6.57251116699189,6.48615650430915,6.5242268958161
877,Oracle,1340,5,Additive0.015,160800,120,12,6.59431623572638,6.6019869007247,6.62431623572638,,6.54223279308196,6.48759038596389,6.5729098744124,6.48695709536688,6.52545999000335
877,Oracle Vector,1340,5,Additive0.015,2556720,2301,21,6.59334962098259,6.60198690072471,6.62334962098259,,6.54223279308196,6.4875903859639,6.5729098744124,6.48695709536688,6.52545999000335
877,Value,1340,5,Additive0.015,699064,3578,52,6.58895186222426,6.6019869007247,6.61895186222426,,6.54223279308196,6.4875903859639,6.5729098744124,6.48695709536688,6.52545999000335
877,Vector,1340,5,Additive0.015,3162400,2823,30,6.58657534410524,6.60198690072471,6.61657534410524,,6.54223279308196,6.4875903859639,6.5729098744124,6.48695709536688,6.52545999000336
877,Dist L1,1340,5,Additive0.015,725832,3569,54,6.58895186222426,6.60198690072471,6.61895186222426,,6.54223279308196,6.4875903859639,6.5729098744124,6.48695709536688,6.52545999000335
878,Oracle,1340,5,Additive0.015,160800,120,12,6.59431623572638,6.60230039167323,6.62431623572638,,6.54143269307075,6.48741484859882,6.57391086331395,6.48825180114372,6.52626923288665
878,Oracle Vector,1340,5,Additive0.015,2556720,2301,21,6.59334962098259,6.60230039167323,6.62334962098259,,6.54143269307075,6.48741484859882,6.57391086331395,6.48825180114372,6.52626923288665
878,Value,1340,5,Additive0.015,699064,3578,52,6.58895186222426,6.60230039167323,6.61895186222426,,6.54143269307075,6.48741484859882,6.57391086331395,6.48825180114372,6.52626923288665
878,Vector,1340,5,Additive0.015,3162400,2823,30,6.58657534410524,6.60230039167323,6.61657534410524,,6.54143269307075,6.48741484859882,6.57391086331395,6.48825180114372,6.52626923288665
878,Dist L1,1340,5,Additive0.015,725832,3569,54,6.58895186222426,6.60230039167323,6.61895186222426,,6.54143269307075,6.48741484859882,6.57391086331395,6.48825180114372,6.52626923288665
879,Oracle,1340,5,Additive0.015,160800,120,12,6.59431623572638,6.60287654623197,6.62431623572638,,6.54039569678456,6.4885380121307,6.57469744570316,6.48962998156398,6.52756766110113
879,Oracle Vector,1340,5,Additive0.015,2556720,2301,21,6.59334962098259,6.60287654623197,6.62334962098259,,6.54039569678456,6.4885380121307,6.57469744570316,6.48962998156398,6.52756766110113
879,Value,1340,5,Additive0.015,699064,3578,52,6.58895186222426,6.60287654623197,6.61895186222426,,6.54039569678456,6.4885380121307,6.57469744570316,6.48962998156398,6.52756766110113
879,Vector,1340,5,Additive0.015,3162400,2823,30,6.58657534410524,6.60287654623197,6.61657534410524,,6.54039569678456,6.4885380121307,6.57469744570316,6.48962998156398,6.52756766110113
879,Dist L1,1340,5,Additive0.015,725832,3569,54,6.58895186222426,6.60287654623197,6.61895186222426,,6.54039569678456,6.4885380121307,6.57469744570316,6.48962998156398,6.52756766110113
880,Oracle,1340,5,Additive0.015,160800,120,12,6.59431623572638,6.60265890165115,6.62431623572638,,6.54007812200002,6.4884605464091,6.57428784237959,6.49053309329755,6.5274893537833
880,Oracle Vector,1340,5,Additive0.015,2556720,2301,21,6.59334962098259,6.60265890165115,6.62334962098259,,6.54007812200002,6.4884605464091,6.57428784237959,6.49053309329755,6.52748935378331
880,Value,1340,5,Additive0.015,699064,3578,52,6.58895186222426,6.60265890165115,6.61895186222426,,6.54007812200002,6.4884605464091,6.57428784237959,6.49053309329755,6.52748935378331
880,Vector,1340,5,Additive0.015,3162400,2823,30,6.58657534410524,6.60265890165115,6.61657534410524,,6.54007812200002,6.4884605464091,6.57428784237959,6.49053309329755,6.52748935378331
880,Dist L1,1340,5,Additive0.015,725832,3569,54,6.58895186222426,6.60265890165115,6.61895186222426,,6.54007812200002,6.4884605464091,6.57428784237959,6.49053309329755,6.52748935378331
881,Oracle,1340,5,Additive0.015,160800,120,12,6.59431623572638,6.6027404666245,6.62431623572638,,6.5397716720904,6.48918244105901,6.57475845149785,6.49033459423268,6.52750649041597
881,Value,1340,5,Additive0.015,699064,3578,52,6.58895186222426,6.6027404666245,6.61895186222426,,6.53977167209039,6.48918244105901,6.57475845149785,6.49033459423268,6.52750649041597
881,Vector,1340,5,Additive0.015,3162400,2823,30,6.58657534410524,6.6027404666245,6.61657534410524,,6.53977167209039,6.48918244105901,6.57475845149785,6.49033459423268,6.52750649041597
881,Oracle Vector,1340,5,Additive0.015,2562080,2306,21,6.59334962098259,6.6027404666245,6.62334962098259,,6.53977167209039,6.48918244105901,6.57475845149785,6.49033459423268,6.52750649041597
881,Dist L1,1340,5,Additive0.015,725832,3569,54,6.58895186222426,6.6027404666245,6.61895186222426,,6.53977167209039,6.48918244105901,6.57475845149785,6.49033459423268,6.52750649041597
882,Oracle,1340,5,Additive0.015,160800,120,12,6.59431623572638,6.60284920033711,6.62431623572638,,6.54044206760629,6.48921305248298,6.57503898865468,6.4896485204471,6.52838756284628
882,Oracle Vector,1340,5,Additive0.015,2562080,2306,21,6.59334962098259,6.60284920033711,6.62334962098259,,6.54044206760629,6.48921305248298,6.57503898865468,6.4896485204471,6.52838756284627
882,Vector,1340,5,Additive0.015,3162400,2823,30,6.58657534410524,6.60284920033711,6.61657534410524,,6.54044206760629,6.48921305248298,6.57503898865468,6.4896485204471,6.52838756284627
882,Value,1340,5,Additive0.015,699068,3583,52,6.58895186222426,6.60284920033711,6.61895186222426,,6.54044206760629,6.48921305248298,6.57503898865468,6.4896485204471,6.52838756284628
882,Dist L1,1340,5,Additive0.015,725836,3574,54,6.58895186222426,6.60284920033711,6.61895186222426,,6.54044206760629,6.48921305248298,6.57503898865468,6.4896485204471,6.52838756284628
883,Oracle,1340,5,Additive0.015,160800,120,12,6.59431623572638,6.60245632444595,6.62431623572638,,6.54002520845408,6.48978977399233,6.57508258344451,6.48893734271156,6.52775106914613
883,Vector,1340,5,Additive0.015,3162400,2823,30,6.58657534410524,6.60245632444595,6.61657534410524,,6.54002520845408,6.48978977399233,6.57508258344451,6.48893734271156,6.52775106914613
883,Oracle Vector,1340,5,Additive0.015,2562080,2306,21,6.59334962098259,6.60245632444595,6.62334962098259,,6.54002520845408,6.48978977399233,6.57508258344451,6.48893734271156,6.52775106914613
883,Value,1340,5,Additive0.015,699068,3583,52,6.58895186222426,6.60245632444595,6.61895186222426,,6.54002520845408,6.48978977399233,6.57508258344451,6.48893734271156,6.52775106914612
883,Dist L1,1340,5,Additive0.015,725836,3574,54,6.58895186222426,6.60245632444595,6.61895186222426,,6.54002520845408,6.48978977399233,6.57508258344451,6.48893734271156,6.52775106914612
884,Oracle,1340,5,Additive0.015,160800,120,12,6.59431623572638,6.60204211033438,6.62431623572638,,6.53924386346632,6.48935875210206,6.57529118718085,6.48781075711615,6.52804811138531
884,Oracle Vector,1340,5,Additive0.015,2567440,2311,21,6.59334962098259,6.60204211033438,6.62334962098259,,6.53924386346632,6.48935875210205,6.57529118718085,6.48781075711615,6.52804811138531
884,Value,1340,5,Additive0.015,699074,3590,52,6.58895186222426,6.60204211033438,6.61895186222426,,6.53924386346632,6.48935875210206,6.57529118718085,6.48781075711615,6.52804811138531
884,Vector,1340,5,Additive0.015,3162400,2823,30,6.58657534410524,6.60204211033438,6.61657534410524,,6.53924386346632,6.48935875210205,6.57529118718085,6.48781075711615,6.52804811138531
884,Dist L1,1340,5,Additive0.015,725836,3574,54,6.58895186222426,6.60204211033438,6.61895186222426,,6.53924386346632,6.48935875210205,6.57529118718085,6.48781075711615,6.52804811138531
885,Oracle,1340,5,Additive0.015,160800,120,12,6.59431623572638,6.60151337649396,6.62431623572638,,6.53877118543908,6.48825932106429,6.57515541872932,6.48764007176213,6.52764453144688
885,Oracle Vector,1340,5,Additive0.015,2567440,2311,21,6.59334962098259,6.60151337649396,6.62334962098259,,6.53877118543908,6.48825932106429,6.57515541872932,6.48764007176212,6.52764453144688
885,Vector,1340,5,Additive0.015,3162400,2823,30,6.58657534410524,6.60151337649396,6.61657534410524,,6.53877118543908,6.48825932106429,6.57515541872931,6.48764007176212,6.52764453144688
885,Value,1340,5,Additive0.015,699078,3595,52,6.58895186222426,6.60151337649396,6.61895186222426,,6.53877118543908,6.48825932106429,6.57515541872932,6.48764007176212,6.52764453144688
885,Dist L1,1340,5,Additive0.015,725844,3583,54,6.58895186222426,6.60151337649396,6.61895186222426,,6.53877118543908,6.48825932106429,6.57515541872932,6.48764007176212,6.52764453144688
886,Oracle,1340,5,Additive0.015,160800,120,12,6.59431623572638,6.60070708180463,6.62431623572638,,6.53766744905635,6.48740609627941,6.57482530499814,6.48790722431496,6.52735893210089
886,Oracle Vector,1340,5,Additive0.015,2575480,2318,21,6.59334962098259,6.60070708180463,6.62334962098259,,6.53766744905635,6.48740609627942,6.57482530499814,6.48790722431496,6.52735893210089
886,Value,1340,5,Additive0.015,699088,3608,52,6.58895186222426,6.60070708180463,6.61895186222426,,6.53766744905635,6.48740609627942,6.57482530499814,6.48790722431496,6.52735893210089
886,Vector,1340,5,Additive0.015,3167760,2828,30,6.58657534410524,6.60070708180463,6.61657534410524,,6.53766744905635,6.48740609627942,6.57482530499814,6.48790722431496,6.52735893210089
886,Dist L1,1340,5,Additive0.015,725854,3595,54,6.58895186222426,6.60070708180463,6.61895186222426,,6.53766744905635,6.48740609627942,6.57482530499814,6.48790722431496,6.52735893210089
887,Oracle,1340,5,Additive0.015,160800,120,12,6.59431623572638,6.60016013444248,6.62431623572638,,6.53712193388339,6.4868710321145,6.57439201693397,6.48785948198128,6.52669373533373
887,Oracle Vector,1340,5,Additive0.015,2575480,2318,21,6.59334962098259,6.60016013444248,6.62334962098259,,6.53712193388339,6.4868710321145,6.57439201693397,6.48785948198128,6.52669373533373
887,Vector,1340,5,Additive0.015,3167760,2828,30,6.58657534410524,6.60016013444248,6.61657534410524,,6.53712193388339,6.4868710321145,6.57439201693397,6.48785948198128,6.52669373533373
887,Value,1340,5,Additive0.015,712493,3629,53,6.58516013444248,6.60016013444248,6.61516013444248,,6.53712193388339,6.4868710321145,6.57439201693397,6.48785948198128,6.52669373533373
887,Dist L1,1340,5,Additive0.015,739259,3616,55,6.58516013444248,6.60016013444248,6.61516013444248,,6.53712193388339,6.4868710321145,6.57439201693397,6.48785948198128,6.52669373533373
888,Oracle,1340,5,Additive0.015,160800,120,12,6.59431623572638,6.59990301756276,6.62431623572638,,6.53674529058015,6.4869067157333,6.57393774799805,6.48779454156474,6.52661242073538
888,Oracle Vector,1340,5,Additive0.015,2575480,2318,21,6.59334962098259,6.59990301756277,6.62334962098259,,6.53674529058015,6.4869067157333,6.57393774799805,6.48779454156474,6.52661242073538
888,Vector,1340,5,Additive0.015,3167760,2828,30,6.58657534410524,6.59990301756276,6.61657534410524,,6.53674529058016,6.4869067157333,6.57393774799805,6.48779454156474,6.52661242073538
888,Value,1340,5,Additive0.015,712493,3629,53,6.58516013444248,6.59990301756277,6.61516013444248,,6.53674529058016,6.4869067157333,6.57393774799805,6.48779454156474,6.52661242073538
888,Dist L1,1340,5,Additive0.015,739259,3616,55,6.58516013444248,6.59990301756277,6.61516013444248,,6.53674529058015,6.4869067157333,6.57393774799805,6.48779454156474,6.52661242073537
889,Oracle,1340,5,Additive0.015,160800,120,12,6.59431623572638,6.59971543920782,6.62431623572638,,6.53707017096597,6.48612695668347,6.57410127375171,6.48792641708389,6.52692823356051
889,Oracle Vector,1340,5,Additive0.015,2575480,2318,21,6.59334962098259,6.59971543920782,6.62334962098259,,6.53707017096597,6.48612695668347,6.57410127375171,6.48792641708388,6.52692823356051
889,Value,1340,5,Additive0.015,712493,3629,53,6.58516013444248,6.59971543920782,6.61516013444248,,6.53707017096596,6.48612695668347,6.57410127375171,6.48792641708388,6.52692823356051
889,Vector,1340,5,Additive0.015,3167760,2828,30,6.58657534410524,6.59971543920782,6.61657534410524,,6.53707017096596,6.48612695668347,6.57410127375171,6.48792641708388,6.52692823356051
889,Dist L1,1340,5,Additive0.015,739259,3616,55,6.58516013444248,6.59971543920782,6.61516013444248,,6.53707017096596,6.48612695668347,6.57410127375171,6.48792641708388,6.52692823356051
890,Oracle,1340,5,Additive0.015,160800,120,12,6.59431623572638,6.59896909840579,6.62431623572638,,6.53698424028217,6.48479107253824,6.57270270979678,6.48773680738712,6.5273203759778
890,Oracle Vector,1340,5,Additive0.015,2580840,2323,21,6.59334962098259,6.59896909840579,6.62334962098259,,6.53698424028217,6.48479107253824,6.57270270979678,6.48773680738712,6.5273203759778
890,Value,1340,5,Additive0.015,712493,3629,53,6.58516013444248,6.5989690984058,6.61516013444248,,6.53698424028217,6.48479107253824,6.57270270979678,6.48773680738712,6.5273203759778
890,Vector,1340,5,Additive0.015,3173120,2833,30,6.58657534410524,6.59896909840579,6.61657534410524,,6.53698424028217,6.48479107253824,6.57270270979678,6.48773680738712,6.5273203759778
890,Dist L1,1340,5,Additive0.015,739259,3616,55,6.58516013444248,6.59896909840579,6.61516013444248,,6.53698424028217,6.48479107253824,6.57270270979678,6.48773680738712,6.5273203759778
891,Oracle,1340,5,Additive0.015,160800,120,12,6.59431623572638,6.59889295636861,6.62431623572638,,6.53783981228386,6.48484221603236,6.57272445206651,6.4878763219322,6.52690157544888
891,Oracle Vector,1340,5,Additive0.015,2580840,2323,21,6.59334962098259,6.59889295636862,6.62334962098259,,6.53783981228386,6.48484221603236,6.57272445206651,6.4878763219322,6.52690157544888
891,Vector,1340,5,Additive0.015,3173120,2833,30,6.58657534410524,6.59889295636862,6.61657534410524,,6.53783981228386,6.48484221603236,6.57272445206651,6.4878763219322,6.52690157544888
891,Value,1340,5,Additive0.015,712493,3629,53,6.58516013444248,6.59889295636862,6.61516013444248,,6.53783981228386,6.48484221603236,6.57272445206651,6.4878763219322,6.52690157544888
891,Dist L1,1340,5,Additive0.015,739259,3616,55,6.58516013444248,6.59889295636862,6.61516013444248,,6.53783981228386,6.48484221603236,6.57272445206651,6.4878763219322,6.52690157544888
892,Oracle,1340,5,Additive0.015,160800,120,12,6.59431623572638,6.59859611193548,6.62431623572638,,6.53754811363433,6.48513344170111,6.57310703073438,6.48741574872256,6.52641255218281
892,Oracle Vector,1340,5,Additive0.015,2586200,2328,21,6.59334962098259,6.59859611193548,6.62334962098259,,6.53754811363433,6.48513344170112,6.57310703073438,6.48741574872256,6.52641255218281
892,Value,1340,5,Additive0.015,712493,3629,53,6.58516013444248,6.59859611193548,6.61516013444248,,6.53754811363433,6.48513344170112,6.57310703073438,6.48741574872256,6.52641255218281
892,Vector,1340,5,Additive0.015,3181160,2840,30,6.58657534410524,6.59859611193548,6.61657534410524,,6.53754811363433,6.48513344170112,6.57310703073438,6.48741574872256,6.52641255218281
892,Dist L1,1340,5,Additive0.015,739259,3616,55,6.58516013444248,6.59859611193548,6.61516013444248,,6.53754811363433,6.48513344170111,6.57310703073438,6.48741574872256,6.52641255218281
893,Oracle,1340,5,Additive0.015,160800,120,12,6.59431623572638,6.59879050366612,6.62431623572638,,6.53859656212144,6.48428000155964,6.57324002099351,6.48697169972965,6.52722982771371
893,Oracle Vector,1340,5,Additive0.015,2586200,2328,21,6.59334962098259,6.59879050366612,6.62334962098259,,6.53859656212144,6.48428000155964,6.57324002099351,6.48697169972965,6.52722982771371
893,Value,1340,5,Additive0.015,712493,3629,53,6.58516013444248,6.59879050366612,6.61516013444248,,6.53859656212144,6.48428000155963,6.57324002099351,6.48697169972965,6.52722982771371
893,Vector,1340,5,Additive0.015,3181160,2840,30,6.58657534410524,6.59879050366612,6.61657534410524,,6.53859656212144,6.48428000155963,6.57324002099351,6.48697169972965,6.52722982771371
893,Dist L1,1340,5,Additive0.015,739259,3616,55,6.58516013444248,6.59879050366612,6.61516013444248,,6.53859656212144,6.48428000155963,6.57324002099351,6.48697169972965,6.52722982771371
894,Oracle,1340,5,Additive0.015,160800,120,12,6.59431623572638,6.59858256746769,6.62431623572638,,6.53865601601853,6.48385267320022,6.57352500877155,6.48701070947689,6.526954876093
894,Oracle Vector,1340,5,Additive0.015,2586200,2328,21,6.59334962098259,6.59858256746769,6.62334962098259,,6.53865601601853,6.48385267320022,6.57352500877155,6.48701070947689,6.526954876093
894,Value,1340,5,Additive0.015,712493,3629,53,6.58516013444248,6.59858256746769,6.61516013444248,,6.53865601601853,6.48385267320022,6.57352500877155,6.48701070947689,6.526954876093
894,Vector,1340,5,Additive0.015,3181160,2840,30,6.58657534410524,6.59858256746769,6.61657534410524,,6.53865601601852,6.48385267320022,6.57352500877155,6.48701070947689,6.526954876093
894,Dist L1,1340,5,Additive0.015,739259,3616,55,6.58516013444248,6.59858256746769,6.61516013444248,,6.53865601601853,6.48385267320022,6.57352500877155,6.48701070947689,6.526954876093
895,Oracle,1340,5,Additive0.015,160800,120,12,6.59431623572638,6.59938495187339,6.62431623572638,,6.54062513593145,6.4847609446458,6.57396961168508,6.48747010907884,6.52767502673555
895,Oracle Vector,1340,5,Additive0.015,2586200,2328,21,6.59334962098259,6.59938495187339,6.62334962098259,,6.54062513593145,6.4847609446458,6.57396961168508,6.48747010907884,6.52767502673555
895,Value,1340,5,Additive0.015,712493,3629,53,6.58516013444248,6.59938495187339,6.61516013444248,,6.54062513593145,6.4847609446458,6.57396961168508,6.48747010907884,6.52767502673554
895,Vector,1340,5,Additive0.015,3181160,2840,30,6.58657534410524,6.59938495187339,6.61657534410524,,6.54062513593145,6.4847609446458,6.57396961168508,6.48747010907884,6.52767502673555
895,Dist L1,1340,5,Additive0.015,739259,3616,55,6.58516013444248,6.59938495187339,6.61516013444248,,6.54062513593145,6.4847609446458,6.57396961168508,6.48747010907884,6.52767502673554
896,Oracle,1340,5,Additive0.015,160800,120,12,6.59431623572638,6.6000407548951,6.62431623572638,,6.54136687467852,6.48576379696897,6.57476749283397,6.48810893235418,6.52796536579679
896,Oracle Vector,1340,5,Additive0.015,2586200,2328,21,6.59334962098259,6.6000407548951,6.62334962098259,,6.54136687467852,6.48576379696897,6.57476749283397,6.48810893235418,6.52796536579679
896,Vector,1340,5,Additive0.015,3181160,2840,30,6.58657534410524,6.6000407548951,6.61657534410524,,6.54136687467852,6.48576379696897,6.57476749283397,6.48810893235418,6.52796536579679
896,Value,1340,5,Additive0.015,712493,3629,53,6.58516013444248,6.6000407548951,6.61516013444248,,6.54136687467852,6.48576379696897,6.57476749283397,6.48810893235418,6.52796536579679
896,Dist L1,1340,5,Additive0.015,739259,3616,55,6.58516013444248,6.6000407548951,6.61516013444248,,6.54136687467852,6.48576379696897,6.57476749283397,6.48810893235418,6.52796536579679
897,Oracle,1340,5,Additive0.015,160800,120,12,6.59431623572638,6.60072594978849,6.62431623572638,,6.54247509369652,6.48634957645605,6.5753483339893,6.48964245651674,6.52839051345976
897,Oracle Vector,1340,5,Additive0.015,2586200,2328,21,6.59334962098259,6.60072594978849,6.62334962098259,,6.54247509369652,6.48634957645605,6.5753483339893,6.48964245651674,6.52839051345976
897,Vector,1340,5,Additive0.015,3181160,2840,30,6.58657534410524,6.60072594978849,6.61657534410524,,6.54247509369652,6.48634957645605,6.5753483339893,6.48964245651674,6.52839051345976
897,Value,1340,5,Additive0.015,712493,3629,53,6.58516013444248,6.60072594978849,6.61516013444248,,6.54247509369652,6.48634957645605,6.5753483339893,6.48964245651674,6.52839051345976
897,Dist L1,1340,5,Additive0.015,739259,3616,55,6.58516013444248,6.60072594978849,6.61516013444248,,6.54247509369652,6.48634957645605,6.5753483339893,6.48964245651674,6.52839051345976
898,Oracle,1340,5,Additive0.015,160800,120,12,6.59431623572638,6.60121272093908,6.62431623572638,,6.54409360710911,6.48737462270408,6.5748487392883,6.48965070814952,6.52883898938222
898,Oracle Vector,1340,5,Additive0.015,2591560,2333,21,6.59334962098259,6.60121272093908,6.62334962098259,,6.54409360710911,6.48737462270408,6.5748487392883,6.48965070814952,6.52883898938222
898,Vector,1340,5,Additive0.015,3181160,2840,30,6.58657534410524,6.60121272093907,6.61657534410524,,6.54409360710911,6.48737462270408,6.5748487392883,6.48965070814952,6.52883898938222
898,Value,1340,5,Additive0.015,712493,3629,53,6.58516013444248,6.60121272093908,6.61516013444248,,6.54409360710911,6.48737462270408,6.5748487392883,6.48965070814952,6.52883898938222
898,Dist L1,1340,5,Additive0.015,739259,3616,55,6.58516013444248,6.60121272093908,6.61516013444248,,6.54409360710911,6.48737462270408,6.5748487392883,6.48965070814952,6.52883898938222
899,Oracle,1340,5,Additive0.015,160800,120,12,6.59431623572638,6.60088466043415,6.62431623572638,,6.54463850117081,6.4865589745718,6.57413227309771,6.48961103564528,6.52916517107488
899,Value,1340,5,Additive0.015,712493,3629,53,6.58516013444248,6.60088466043415,6.61516013444248,,6.54463850117081,6.4865589745718,6.57413227309771,6.48961103564528,6.52916517107488
899,Oracle Vector,1340,5,Additive0.015,2591560,2333,21,6.59334962098259,6.60088466043415,6.62334962098259,,6.54463850117081,6.4865589745718,6.57413227309771,6.48961103564529,6.52916517107488
899,Vector,1340,5,Additive0.015,3181160,2840,30,6.58657534410524,6.60088466043415,6.61657534410524,,6.54463850117081,6.4865589745718,6.57413227309771,6.48961103564529,6.52916517107488
899,Dist L1,1340,5,Additive0.015,739259,3616,55,6.58516013444248,6.60088466043415,6.61516013444248,,6.54463850117081,6.4865589745718,6.57413227309771,6.48961103564528,6.52916517107488
900,Oracle,1340,5,Additive0.015,160800,120,12,6.59431623572638,6.60053292330821,6.62431623572638,,6.54497399003119,6.48583672565277,6.57281030842165,6.48991206760956,6.53053020044274
900,Oracle Vector,1340,5,Additive0.015,2591560,2333,21,6.59334962098259,6.60053292330821,6.62334962098259,,6.54497399003119,6.48583672565276,6.57281030842165,6.48991206760956,6.53053020044274
900,Value,1340,5,Additive0.015,712493,3629,53,6.58516013444248,6.60053292330821,6.61516013444248,,6.54497399003119,6.48583672565276,6.57281030842165,6.48991206760956,6.53053020044274
900,Vector,1340,5,Additive0.015,3189200,2847,30,6.58657534410524,6.60053292330821,6.61657534410524,,6.54497399003119,6.48583672565276,6.57281030842165,6.48991206760956,6.53053020044274
900,Dist L1,1340,5,Additive0.015,739259,3616,55,6.58516013444248,6.60053292330821,6.61516013444248,,6.54497399003119,6.48583672565276,6.57281030842165,6.48991206760956,6.53053020044274
901,Oracle,1340,5,Additive0.015,160800,120,12,6.59431623572638,6.60114299088828,6.62431623572638,,6.54558596149072,6.48629775267382,6.57266561106451,6.49096833661715,6.53122674584881
901,Oracle Vector,1340,5,Additive0.015,2591560,2333,21,6.59334962098259,6.60114299088828,6.62334962098259,,6.54558596149072,6.48629775267382,6.57266561106451,6.49096833661715,6.53122674584881
901,Value,1340,5,Additive0.015,712493,3629,53,6.58516013444248,6.60114299088828,6.61516013444248,,6.54558596149072,6.48629775267382,6.57266561106451,6.49096833661715,6.53122674584881
901,Vector,1340,5,Additive0.015,3189200,2847,30,6.58657534410524,6.60114299088828,6.61657534410524,,6.54558596149072,6.48629775267382,6.57266561106451,6.49096833661715,6.53122674584881
901,Dist L1,1340,5,Additive0.015,739259,3616,55,6.58516013444248,6.60114299088828,6.61516013444248,,6.54558596149072,6.48629775267382,6.57266561106451,6.49096833661715,6.53122674584881
902,Oracle,1340,5,Additive0.015,160800,120,12,6.59431623572638,6.60130266563667,6.62431623572638,,6.54587890377166,6.48499746204672,6.57305890337086,6.49067322706332,6.5317342118913
902,Oracle Vector,1340,5,Additive0.015,2591560,2333,21,6.59334962098259,6.60130266563667,6.62334962098259,,6.54587890377166,6.48499746204672,6.57305890337086,6.49067322706332,6.53173421189131
902,Value,1340,5,Additive0.015,712493,3629,53,6.58516013444248,6.60130266563667,6.61516013444248,,6.54587890377166,6.48499746204672,6.57305890337086,6.49067322706332,6.53173421189131
902,Vector,1340,5,Additive0.015,3194560,2852,30,6.58657534410524,6.60130266563667,6.61657534410524,,6.54587890377166,6.48499746204672,6.57305890337086,6.49067322706332,6.53173421189131
902,Dist L1,1340,5,Additive0.015,739259,3616,55,6.58516013444248,6.60130266563667,6.61516013444248,,6.54587890377166,6.48499746204672,6.57305890337086,6.49067322706332,6.53173421189131
903,Oracle,1340,5,Additive0.015,160800,120,12,6.59431623572638,6.60156339100107,6.62431623572638,,6.54529131241999,6.48480930086674,6.57253548468997,6.49150393422571,6.5334794167735
903,Vector,1340,5,Additive0.015,3194560,2852,30,6.58657534410524,6.60156339100106,6.61657534410524,,6.54529131241998,6.48480930086673,6.57253548468997,6.4915039342257,6.5334794167735
903,Oracle Vector,1340,5,Additive0.015,2591560,2333,21,6.59334962098259,6.60156339100107,6.62334962098259,,6.54529131241999,6.48480930086673,6.57253548468997,6.4915039342257,6.5334794167735
903,Value,1340,5,Additive0.015,712493,3629,53,6.58516013444248,6.60156339100106,6.61516013444248,,6.54529131241998,6.48480930086673,6.57253548468997,6.4915039342257,6.5334794167735
903,Dist L1,1340,5,Additive0.015,739259,3616,55,6.58516013444248,6.60156339100106,6.61516013444248,,6.54529131241998,6.48480930086673,6.57253548468997,6.4915039342257,6.5334794167735
904,Oracle,1340,5,Additive0.015,160800,120,12,6.59431623572638,6.60233580706316,6.62431623572638,,6.54721293865369,6.48539329848873,6.57243555073959,6.49232806074853,6.53413787264765
904,Oracle Vector,1340,5,Additive0.015,2591560,2333,21,6.59334962098259,6.60233580706316,6.62334962098259,,6.54721293865369,6.48539329848873,6.57243555073959,6.49232806074853,6.53413787264765
904,Vector,1340,5,Additive0.015,3194560,2852,30,6.58657534410524,6.60233580706316,6.61657534410524,,6.54721293865369,6.48539329848873,6.57243555073959,6.49232806074853,6.53413787264765
904,Value,1340,5,Additive0.015,712497,3634,53,6.58516013444248,6.60233580706316,6.61516013444248,,6.54721293865369,6.48539329848873,6.57243555073959,6.49232806074853,6.53413787264765
904,Dist L1,1340,5,Additive0.015,739263,3621,55,6.58516013444248,6.60233580706316,6.61516013444248,,6.54721293865369,6.48539329848873,6.57243555073959,6.49232806074853,6.53413787264765
905,Oracle,1340,5,Additive0.015,160800,120,12,6.59431623572638,6.60257508683605,6.62431623572638,,6.54662572035533,6.48459806848971,6.57204016398413,6.49353896115714,6.53502767789611
905,Oracle Vector,1340,5,Additive0.015,2591560,2333,21,6.59334962098259,6.60257508683605,6.62334962098259,,6.54662572035533,6.48459806848971,6.57204016398413,6.49353896115714,6.53502767789611
905,Vector,1340,5,Additive0.015,3194560,2852,30,6.58657534410524,6.60257508683605,6.61657534410524,,6.54662572035533,6.48459806848971,6.57204016398413,6.49353896115714,6.53502767789611
905,Value,1340,5,Additive0.015,712501,3639,53,6.58516013444248,6.60257508683605,6.61516013444248,,6.54662572035533,6.48459806848971,6.57204016398413,6.49353896115714,6.53502767789611
905,Dist L1,1340,5,Additive0.015,739267,3626,55,6.58516013444248,6.60257508683605,6.61516013444248,,6.54662572035533,6.48459806848971,6.57204016398413,6.49353896115714,6.53502767789611
906,Oracle,1340,5,Additive0.015,160800,120,12,6.59431623572638,6.60379666673691,6.62431623572638,,6.54834869729948,6.48568984643759,6.57253778699833,6.4942191143476,6.53590769696746
906,Value,1340,5,Additive0.015,712501,3639,53,6.58516013444248,6.60379666673692,6.61516013444248,,6.54834869729948,6.48568984643759,6.57253778699833,6.4942191143476,6.53590769696746
906,Oracle Vector,1340,5,Additive0.015,2591560,2333,21,6.59334962098259,6.60379666673692,6.62334962098259,,6.54834869729948,6.48568984643759,6.57253778699833,6.4942191143476,6.53590769696746
906,Vector,1340,5,Additive0.015,3199920,2857,30,6.58657534410524,6.60379666673692,6.61657534410524,,6.54834869729948,6.48568984643759,6.57253778699833,6.4942191143476,6.53590769696746
906,Dist L1,1340,5,Additive0.015,739267,3626,55,6.58516013444248,6.60379666673691,6.61516013444248,,6.54834869729948,6.48568984643759,6.57253778699833,6.4942191143476,6.53590769696746
907,Oracle,1340,5,Additive0.015,160800,120,12,6.59431623572638,6.60475904278453,6.62431623572638,,6.54897073043264,6.48600543231229,6.57298782747962,6.49493776250621,6.53681608446667
907,Oracle Vector,1340,5,Additive0.015,2591560,2333,21,6.59334962098259,6.60475904278453,6.62334962098259,,6.54897073043264,6.48600543231229,6.57298782747962,6.49493776250621,6.53681608446667
907,Value,1340,5,Additive0.015,712505,3644,53,6.58516013444248,6.60475904278453,6.61516013444248,,6.54897073043265,6.48600543231229,6.57298782747962,6.49493776250621,6.53681608446667
907,Vector,1340,5,Additive0.015,3199920,2857,30,6.58657534410524,6.60475904278453,6.61657534410524,,6.54897073043264,6.48600543231229,6.57298782747962,6.49493776250622,6.53681608446667
907,Dist L1,1340,5,Additive0.015,739267,3626,55,6.58516013444248,6.60475904278453,6.61516013444248,,6.54897073043265,6.48600543231229,6.57298782747962,6.49493776250621,6.53681608446667
908,Oracle,1340,5,Additive0.015,160800,120,12,6.59431623572638,6.60564645887387,6.62431623572638,,6.54939218838747,6.48626424592748,6.57300644227532,6.49567669809053,6.53838271362825
908,Oracle Vector,1340,5,Additive0.015,2591560,2333,21,6.59334962098259,6.60564645887387,6.62334962098259,,6.54939218838747,6.48626424592747,6.57300644227532,6.49567669809053,6.53838271362825
908,Value,1340,5,Additive0.015,712505,3644,53,6.58516013444248,6.60564645887387,6.61516013444248,,6.54939218838747,6.48626424592747,6.57300644227532,6.49567669809053,6.53838271362825
908,Vector,1340,5,Additive0.015,3205280,2862,30,6.58657534410524,6.60564645887387,6.61657534410524,,6.54939218838747,6.48626424592747,6.57300644227531,6.49567669809053,6.53838271362825
908,Dist L1,1340,5,Additive0.015,739271,3631,55,6.58516013444248,6.60564645887387,6.61516013444248,,6.54939218838747,6.48626424592747,6.57300644227532,6.49567669809053,6.53838271362825
909,Oracle,1340,5,Additive0.015,160800,120,12,6.59431623572638,6.6062141804952,6.62431623572638,,6.54988454789843,6.48714662479627,6.5735888528244,6.49520820530153,6.53803157160289
909,Oracle Vector,1340,5,Additive0.015,2591560,2333,21,6.59334962098259,6.60621418049519,6.62334962098259,,6.54988454789843,6.48714662479627,6.5735888528244,6.49520820530153,6.53803157160289
909,Value,1340,5,Additive0.015,712505,3644,53,6.58516013444248,6.60621418049519,6.61516013444248,,6.54988454789843,6.48714662479626,6.5735888528244,6.49520820530153,6.53803157160289
909,Vector,1340,5,Additive0.015,3210640,2867,30,6.58657534410524,6.6062141804952,6.61657534410524,,6.54988454789843,6.48714662479626,6.5735888528244,6.49520820530153,6.53803157160289
909,Dist L1,1340,5,Additive0.015,739271,3631,55,6.58516013444248,6.6062141804952,6.61516013444248,,6.54988454789843,6.48714662479626,6.5735888528244,6.49520820530153,6.53803157160289
910,Oracle,1340,5,Additive0.015,160800,120,12,6.59431623572638,6.6073703825567,6.62431623572638,,6.55114238669174,6.4874908980834,6.57466979040981,6.49571278025037,6.53784634150196
910,Value,1340,5,Additive0.015,712509,3649,53,6.58516013444248,6.6073703825567,6.61516013444248,,6.55114238669175,6.4874908980834,6.57466979040981,6.49571278025037,6.53784634150196
910,Oracle Vector,1340,5,Additive0.015,2599600,2340,21,6.59334962098259,6.6073703825567,6.62334962098259,,6.55114238669175,6.4874908980834,6.57466979040981,6.49571278025037,6.53784634150196
910,Vector,1340,5,Additive0.015,3221360,2877,30,6.58657534410524,6.6073703825567,6.61657534410524,,6.55114238669175,6.4874908980834,6.57466979040981,6.49571278025037,6.53784634150196
910,Dist L1,1340,5,Additive0.015,739279,3640,55,6.58516013444248,6.6073703825567,6.61516013444248,,6.55114238669174,6.4874908980834,6.57466979040981,6.49571278025037,6.53784634150196
911,Oracle,1340,5,Additive0.015,160800,120,12,6.59431623572638,6.60820317185347,6.62431623572638,,6.55072819427463,6.48795954265226,6.57558834810516,6.49565313593054,6.53900730298078
911,Oracle Vector,1340,5,Additive0.015,2607640,2348,21,6.59334962098259,6.60820317185347,6.62334962098259,,6.55072819427463,6.48795954265225,6.57558834810516,6.49565313593054,6.53900730298078
911,Value,1340,5,Additive0.015,712517,3659,53,6.58516013444248,6.60820317185347,6.61516013444248,,6.55072819427463,6.48795954265225,6.57558834810516,6.49565313593054,6.53900730298078
911,Vector,1340,5,Additive0.015,3234760,2889,30,6.58657534410524,6.60820317185347,6.61657534410524,,6.55072819427463,6.48795954265225,6.57558834810516,6.49565313593054,6.53900730298078
911,Dist L1,1340,5,Additive0.015,739287,3650,55,6.58516013444248,6.60820317185347,6.61516013444248,,6.55072819427463,6.48795954265225,6.57558834810516,6.49565313593054,6.53900730298078
912,Oracle,1340,5,Additive0.015,160800,120,12,6.59431623572638,6.60862544900754,6.62431623572638,,6.55030912861298,6.48883907880756,6.57614662405243,6.49593924724231,6.53987035080133
912,Value,1340,5,Additive0.015,712527,3671,53,6.58516013444248,6.60862544900754,6.61516013444248,,6.55030912861298,6.48883907880756,6.57614662405243,6.49593924724231,6.53987035080133
912,Oracle Vector,1340,5,Additive0.015,2613000,2353,21,6.59334962098259,6.60862544900754,6.62334962098259,,6.55030912861298,6.48883907880756,6.57614662405243,6.49593924724231,6.53987035080133
912,Vector,1340,5,Additive0.015,3248160,2901,31,6.59362544900754,6.60862544900754,6.62362544900754,,6.55030912861298,6.48883907880756,6.57614662405243,6.49593924724231,6.53987035080133
912,Dist L1,1340,5,Additive0.015,739299,3665,55,6.58516013444248,6.60862544900754,6.61516013444248,,6.55030912861298,6.48883907880756,6.57614662405243,6.49593924724231,6.53987035080133
913,Oracle,1340,5,Additive0.015,160800,120,12,6.59431623572638,6.60899109219632,6.62431623572638,,6.55078017139686,6.48851876950787,6.57686704423785,6.49580289870732,6.53981784674215
913,Vector,1340,5,Additive0.015,3248160,2901,31,6.59362544900754,6.60899109219632,6.62362544900754,,6.55078017139686,6.48851876950787,6.57686704423785,6.49580289870732,6.53981784674215
913,Oracle Vector,1340,5,Additive0.015,2626400,2365,21,6.59334962098259,6.60899109219632,6.62334962098259,,6.55078017139686,6.48851876950787,6.57686704423785,6.49580289870732,6.53981784674215
913,Value,1340,5,Additive0.015,725932,3693,54,6.59399109219632,6.60899109219632,6.62399109219632,,6.55078017139686,6.48851876950787,6.57686704423785,6.49580289870732,6.53981784674215
913,Dist L1,1340,5,Additive0.015,752704,3687,56,6.59399109219632,6.60899109219632,6.62399109219632,,6.55078017139686,6.48851876950787,6.57686704423785,6.49580289870732,6.53981784674215
914,Oracle,1340,5,Additive0.015,160800,120,12,6.59431623572638,6.61023343571585,6.62431623572638,,6.55280294624247,6.48941978143344,6.5777573756849,6.49604714028765,6.54058714614514
914,Value,1340,5,Additive0.015,725932,3693,54,6.59399109219632,6.61023343571585,6.62399109219632,,6.55280294624247,6.48941978143344,6.5777573756849,6.49604714028765,6.54058714614514
914,Oracle Vector,1340,5,Additive0.015,2631760,2370,21,6.59334962098259,6.61023343571585,6.62334962098259,,6.55280294624247,6.48941978143344,6.5777573756849,6.49604714028765,6.54058714614514
914,Vector,1340,5,Additive0.015,3248160,2901,31,6.59362544900754,6.61023343571585,6.62362544900754,,6.55280294624247,6.48941978143344,6.5777573756849,6.49604714028765,6.54058714614514
914,Dist L1,1340,5,Additive0.015,752704,3687,56,6.59399109219632,6.61023343571585,6.62399109219632,,6.55280294624247,6.48941978143344,6.5777573756849,6.49604714028765,6.54058714614514
915,Oracle,1340,5,Additive0.015,160800,120,12,6.59431623572638,6.61098109371015,6.62431623572638,,6.55296126597595,6.4898522729929,6.57865148571531,6.49693926084006,6.54123918005323
915,Value,1340,5,Additive0.015,725932,3693,54,6.59399109219632,6.61098109371015,6.62399109219632,,6.55296126597595,6.4898522729929,6.57865148571531,6.49693926084006,6.54123918005323
915,Vector,1340,5,Additive0.015,3248160,2901,31,6.59362544900754,6.61098109371015,6.62362544900754,,6.55296126597595,6.4898522729929,6.57865148571531,6.49693926084006,6.54123918005323
915,Oracle Vector,1340,5,Additive0.015,2639800,2378,21,6.59334962098259,6.61098109371015,6.62334962098259,,6.55296126597595,6.4898522729929,6.57865148571531,6.49693926084006,6.54123918005323
915,Dist L1,1340,5,Additive0.015,752704,3687,56,6.59399109219632,6.61098109371015,6.62399109219632,,6.55296126597595,6.4898522729929,6.57865148571531,6.49693926084006,6.54123918005323
916,Oracle,1340,5,Additive0.015,160800,120,12,6.59431623572638,6.61219742080247,6.62431623572638,,6.55412766390368,6.49053063005646,6.5797199186409,6.49733744047792,6.54246047613373
916,Vector,1340,5,Additive0.015,3248160,2901,31,6.59362544900754,6.61219742080246,6.62362544900754,,6.55412766390368,6.49053063005646,6.5797199186409,6.49733744047792,6.54246047613373
916,Value,1340,5,Additive0.015,725932,3693,54,6.59399109219632,6.61219742080247,6.62399109219632,,6.55412766390368,6.49053063005646,6.5797199186409,6.49733744047792,6.54246047613373
916,Oracle Vector,1340,5,Additive0.015,2653200,2390,21,6.59334962098259,6.61219742080247,6.62334962098259,,6.55412766390368,6.49053063005646,6.5797199186409,6.49733744047792,6.54246047613373
916,Dist L1,1340,5,Additive0.015,752704,3687,56,6.59399109219632,6.61219742080247,6.62399109219632,,6.55412766390368,6.49053063005646,6.5797199186409,6.49733744047792,6.54246047613373
917,Oracle,1340,5,Additive0.015,160800,120,12,6.59431623572638,6.61290468310892,6.62431623572638,,6.55443297350056,6.49078084607691,6.5809067881402,6.4967707501297,6.54190580537578
917,Vector,1340,5,Additive0.015,3248160,2901,31,6.59362544900754,6.61290468310892,6.62362544900754,,6.55443297350056,6.49078084607691,6.5809067881402,6.4967707501297,6.54190580537578
917,Value,1340,5,Additive0.015,725932,3693,54,6.59399109219632,6.61290468310892,6.62399109219632,,6.55443297350056,6.49078084607691,6.5809067881402,6.4967707501297,6.54190580537578
917,Oracle Vector,1340,5,Additive0.015,2666600,2400,22,6.59790468310892,6.61290468310892,6.62790468310892,,6.55443297350056,6.49078084607691,6.5809067881402,6.4967707501297,6.54190580537578
917,Dist L1,1340,5,Additive0.015,752704,3687,56,6.59399109219632,6.61290468310892,6.62399109219632,,6.55443297350056,6.49078084607691,6.5809067881402,6.4967707501297,6.54190580537578
918,Oracle,1340,5,Additive0.015,160800,120,12,6.59431623572638,6.61352972457953,6.62431623572638,,6.55419088965173,6.49110504341249,6.58245224878641,6.49746693274532,6.54178316175373
918,Oracle Vector,1340,5,Additive0.015,2666600,2400,22,6.59790468310892,6.61352972457953,6.62790468310892,,6.55419088965173,6.49110504341249,6.58245224878641,6.49746693274532,6.54178316175373
918,Value,1340,5,Additive0.015,725932,3693,54,6.59399109219632,6.61352972457953,6.62399109219632,,6.55419088965173,6.49110504341249,6.58245224878641,6.49746693274532,6.54178316175373
918,Vector,1340,5,Additive0.015,3248160,2901,31,6.59362544900754,6.61352972457953,6.62362544900754,,6.55419088965173,6.49110504341249,6.58245224878641,6.49746693274532,6.54178316175373
918,Dist L1,1340,5,Additive0.015,752704,3687,56,6.59399109219632,6.61352972457953,6.62399109219632,,6.55419088965173,6.49110504341249,6.58245224878641,6.49746693274532,6.54178316175373
919,Oracle,1340,5,Additive0.015,160800,120,12,6.59431623572638,6.61384342934427,6.62431623572638,,6.55379546966886,6.49110067426507,6.5827571530837,6.49754517107189,6.54117563913571
919,Oracle Vector,1340,5,Additive0.015,2666600,2400,22,6.59790468310892,6.61384342934427,6.62790468310892,,6.55379546966886,6.49110067426506,6.5827571530837,6.49754517107189,6.54117563913571
919,Value,1340,5,Additive0.015,725932,3693,54,6.59399109219632,6.61384342934427,6.62399109219632,,6.55379546966886,6.49110067426506,6.5827571530837,6.49754517107189,6.54117563913571
919,Vector,1340,5,Additive0.015,3248160,2901,31,6.59362544900754,6.61384342934427,6.62362544900754,,6.55379546966886,6.49110067426506,6.5827571530837,6.49754517107189,6.54117563913571
919,Dist L1,1340,5,Additive0.015,752704,3687,56,6.59399109219632,6.61384342934427,6.62399109219632,,6.55379546966886,6.49110067426506,6.5827571530837,6.49754517107189,6.54117563913571
920,Oracle,1340,5,Additive0.015,160800,120,12,6.59431623572638,6.61351820881656,6.62431623572638,,6.55337753723506,6.48974542954417,6.58230839506793,6.4977315879633,6.54127545570288
920,Vector,1340,5,Additive0.015,3248160,2901,31,6.59362544900754,6.61351820881656,6.62362544900754,,6.55337753723506,6.48974542954417,6.58230839506793,6.4977315879633,6.54127545570288
920,Oracle Vector,1340,5,Additive0.015,2666600,2400,22,6.59790468310892,6.61351820881656,6.62790468310892,,6.55337753723506,6.48974542954417,6.58230839506793,6.4977315879633,6.54127545570288
920,Value,1340,5,Additive0.015,725932,3693,54,6.59399109219632,6.61351820881657,6.62399109219632,,6.55337753723506,6.48974542954417,6.58230839506793,6.4977315879633,6.54127545570288
920,Dist L1,1340,5,Additive0.015,752704,3687,56,6.59399109219632,6.61351820881657,6.62399109219632,,6.55337753723506,6.48974542954417,6.58230839506793,6.4977315879633,6.54127545570288
921,Oracle,1340,5,Additive0.015,160800,120,12,6.59431623572638,6.61372130378336,6.62431623572638,,6.55262546760366,6.4884687884796,6.58329623101444,6.49876120031336,6.54155761822432
921,Oracle Vector,1340,5,Additive0.015,2666600,2400,22,6.59790468310892,6.61372130378336,6.62790468310892,,6.55262546760366,6.4884687884796,6.58329623101444,6.49876120031335,6.54155761822432
921,Value,1340,5,Additive0.015,725932,3693,54,6.59399109219632,6.61372130378336,6.62399109219632,,6.55262546760366,6.4884687884796,6.58329623101444,6.49876120031335,6.54155761822432
921,Vector,1340,5,Additive0.015,3248160,2901,31,6.59362544900754,6.61372130378336,6.62362544900754,,6.55262546760366,6.4884687884796,6.58329623101444,6.49876120031335,6.54155761822432
921,Dist L1,1340,5,Additive0.015,752704,3687,56,6.59399109219632,6.61372130378336,6.62399109219632,,6.55262546760366,6.4884687884796,6.58329623101444,6.49876120031335,6.54155761822432
922,Oracle,1340,5,Additive0.015,160800,120,12,6.59431623572638,6.61381910529289,6.62431623572638,,6.55275179362895,6.48806980438291,6.58358736662614,6.498897570031,6.54101328166338
922,Oracle Vector,1340,5,Additive0.015,2666600,2400,22,6.59790468310892,6.61381910529289,6.62790468310892,,6.55275179362895,6.48806980438291,6.58358736662614,6.498897570031,6.54101328166338
922,Value,1340,5,Additive0.015,725932,3693,54,6.59399109219632,6.61381910529289,6.62399109219632,,6.55275179362895,6.48806980438291,6.58358736662614,6.498897570031,6.54101328166338
922,Vector,1340,5,Additive0.015,3248160,2901,31,6.59362544900754,6.61381910529289,6.62362544900754,,6.55275179362895,6.48806980438291,6.58358736662614,6.498897570031,6.54101328166338
922,Dist L1,1340,5,Additive0.015,752704,3687,56,6.59399109219632,6.61381910529289,6.62399109219632,,6.55275179362895,6.48806980438291,6.58358736662614,6.498897570031,6.54101328166338
923,Oracle,1340,5,Additive0.015,160800,120,12,6.59431623572638,6.61307121224791,6.62431623572638,,6.55246372759632,6.48645281718702,6.58259083185999,6.49836449405002,6.54066416314705
923,Oracle Vector,1340,5,Additive0.015,2666600,2400,22,6.59790468310892,6.61307121224791,6.62790468310892,,6.55246372759632,6.48645281718702,6.58259083185999,6.49836449405002,6.54066416314705
923,Value,1340,5,Additive0.015,725932,3693,54,6.59399109219632,6.61307121224791,6.62399109219632,,6.55246372759632,6.48645281718702,6.58259083185999,6.49836449405002,6.54066416314705
923,Vector,1340,5,Additive0.015,3248160,2901,31,6.59362544900754,6.61307121224791,6.62362544900754,,6.55246372759632,6.48645281718702,6.58259083185999,6.49836449405002,6.54066416314705
923,Dist L1,1340,5,Additive0.015,752704,3687,56,6.59399109219632,6.61307121224791,6.62399109219632,,6.55246372759632,6.48645281718702,6.58259083185999,6.49836449405002,6.54066416314705
924,Oracle,1340,5,Additive0.015,160800,120,12,6.59431623572638,6.61233754565607,6.62431623572638,,6.55161131634081,6.48547902571393,6.58206228859889,6.49806816754297,6.53945980230203
924,Oracle Vector,1340,5,Additive0.015,2666600,2400,22,6.59790468310892,6.61233754565607,6.62790468310892,,6.55161131634081,6.48547902571393,6.58206228859889,6.49806816754297,6.53945980230203
924,Value,1340,5,Additive0.015,725932,3693,54,6.59399109219632,6.61233754565607,6.62399109219632,,6.55161131634081,6.48547902571393,6.58206228859889,6.49806816754297,6.53945980230203
924,Vector,1340,5,Additive0.015,3248160,2901,31,6.59362544900754,6.61233754565607,6.62362544900754,,6.55161131634081,6.48547902571393,6.58206228859889,6.49806816754297,6.53945980230203
924,Dist L1,1340,5,Additive0.015,752704,3687,56,6.59399109219632,6.61233754565607,6.62399109219632,,6.55161131634081,6.48547902571393,6.58206228859889,6.49806816754297,6.53945980230203
925,Oracle,1340,5,Additive0.015,160800,120,12,6.59431623572638,6.61215714379898,6.62431623572638,,6.55131950871644,6.48531395807761,6.58226511358485,6.49751955095068,6.53945274491203
925,Oracle Vector,1340,5,Additive0.015,2666600,2400,22,6.59790468310892,6.61215714379898,6.62790468310892,,6.55131950871644,6.48531395807761,6.58226511358485,6.49751955095068,6.53945274491203
925,Vector,1340,5,Additive0.015,3248160,2901,31,6.59362544900754,6.61215714379897,6.62362544900754,,6.55131950871644,6.48531395807761,6.58226511358485,6.49751955095068,6.53945274491203
925,Value,1340,5,Additive0.015,725932,3693,54,6.59399109219632,6.61215714379898,6.62399109219632,,6.55131950871644,6.48531395807761,6.58226511358485,6.49751955095068,6.53945274491203
925,Dist L1,1340,5,Additive0.015,752704,3687,56,6.59399109219632,6.61215714379897,6.62399109219632,,6.55131950871644,6.48531395807761,6.58226511358485,6.49751955095068,6.53945274491203
926,Oracle,1340,5,Additive0.015,160800,120,12,6.59431623572638,6.61192010449082,6.62431623572638,,6.5513759406782,6.48513191859738,6.58220500258153,6.49700490664128,6.53857317191522
926,Oracle Vector,1340,5,Additive0.015,2666600,2400,22,6.59790468310892,6.61192010449082,6.62790468310892,,6.5513759406782,6.48513191859738,6.58220500258153,6.49700490664127,6.53857317191522
926,Value,1340,5,Additive0.015,725932,3693,54,6.59399109219632,6.61192010449082,6.62399109219632,,6.5513759406782,6.48513191859738,6.58220500258153,6.49700490664127,6.53857317191522
926,Vector,1340,5,Additive0.015,3248160,2901,31,6.59362544900754,6.61192010449082,6.62362544900754,,6.5513759406782,6.48513191859738,6.58220500258153,6.49700490664127,6.53857317191522
926,Dist L1,1340,5,Additive0.015,752704,3687,56,6.59399109219632,6.61192010449082,6.62399109219632,,6.5513759406782,6.48513191859738,6.58220500258153,6.49700490664127,6.53857317191522
927,Oracle,1340,5,Additive0.015,160800,120,12,6.59431623572638,6.61187042786295,6.62431623572638,,6.55146581863344,6.48488476890634,6.58192016787294,6.49678710940793,6.53807814207406
927,Oracle Vector,1340,5,Additive0.015,2666600,2400,22,6.59790468310892,6.61187042786295,6.62790468310892,,6.55146581863344,6.48488476890633,6.58192016787294,6.49678710940793,6.53807814207406
927,Value,1340,5,Additive0.015,725932,3693,54,6.59399109219632,6.61187042786295,6.62399109219632,,6.55146581863344,6.48488476890633,6.58192016787294,6.49678710940793,6.53807814207406
927,Vector,1340,5,Additive0.015,3253520,2906,31,6.59362544900754,6.61187042786295,6.62362544900754,,6.55146581863344,6.48488476890633,6.58192016787294,6.49678710940793,6.53807814207406
927,Dist L1,1340,5,Additive0.015,752704,3687,56,6.59399109219632,6.61187042786295,6.62399109219632,,6.55146581863344,6.48488476890633,6.58192016787294,6.49678710940793,6.53807814207406
928,Oracle,1340,5,Additive0.015,160800,120,12,6.59431623572638,6.61127996990943,6.62431623572638,,6.55187918831177,6.48459694253798,6.58118614919353,6.49548959839149,6.53635091264937
928,Oracle Vector,1340,5,Additive0.015,2666600,2400,22,6.59790468310892,6.61127996990943,6.62790468310892,,6.55187918831177,6.48459694253797,6.58118614919353,6.49548959839149,6.53635091264937
928,Vector,1340,5,Additive0.015,3253520,2906,31,6.59362544900754,6.61127996990943,6.62362544900754,,6.55187918831177,6.48459694253797,6.58118614919353,6.49548959839149,6.53635091264937
928,Value,1340,5,Additive0.015,725936,3698,54,6.59399109219632,6.61127996990943,6.62399109219632,,6.55187918831177,6.48459694253797,6.58118614919353,6.49548959839149,6.53635091264937
928,Dist L1,1340,5,Additive0.015,752708,3692,56,6.59399109219632,6.61127996990943,6.62399109219632,,6.55187918831177,6.48459694253797,6.58118614919353,6.49548959839149,6.53635091264937
929,Oracle,1340,5,Additive0.015,160800,120,12,6.59431623572638,6.61090055994443,6.62431623572638,,6.55178568337521,6.48361768276572,6.5811862736847,6.49466020207951,6.53625918249035
929,Oracle Vector,1340,5,Additive0.015,2666600,2400,22,6.59790468310892,6.61090055994443,6.62790468310892,,6.55178568337521,6.48361768276572,6.5811862736847,6.49466020207951,6.53625918249035
929,Value,1340,5,Additive0.015,725936,3698,54,6.59399109219632,6.61090055994443,6.62399109219632,,6.55178568337521,6.48361768276572,6.5811862736847,6.49466020207951,6.53625918249035
929,Vector,1340,5,Additive0.015,3253520,2906,31,6.59362544900754,6.61090055994443,6.62362544900754,,6.55178568337521,6.48361768276572,6.5811862736847,6.49466020207951,6.53625918249035
929,Dist L1,1340,5,Additive0.015,752708,3692,56,6.59399109219632,6.61090055994443,6.62399109219632,,6.55178568337521,6.48361768276572,6.5811862736847,6.49466020207951,6.53625918249035
930,Oracle,1340,5,Additive0.015,160800,120,12,6.59431623572638,6.61033646922678,6.62431623572638,,6.5514273079432,6.48299121713055,6.58091476296047,6.49374093889952,6.53478435229104
930,Oracle Vector,1340,5,Additive0.015,2666600,2400,22,6.59790468310892,6.61033646922678,6.62790468310892,,6.5514273079432,6.48299121713055,6.58091476296047,6.49374093889952,6.53478435229104
930,Vector,1340,5,Additive0.015,3253520,2906,31,6.59362544900754,6.61033646922678,6.62362544900754,,6.5514273079432,6.48299121713055,6.58091476296047,6.49374093889952,6.53478435229104
930,Value,1340,5,Additive0.015,725936,3698,54,6.59399109219632,6.61033646922678,6.62399109219632,,6.5514273079432,6.48299121713055,6.58091476296047,6.49374093889952,6.53478435229104
930,Dist L1,1340,5,Additive0.015,752708,3692,56,6.59399109219632,6.61033646922678,6.62399109219632,,6.5514273079432,6.48299121713055,6.58091476296047,6.49374093889952,6.53478435229104
931,Oracle,1340,5,Additive0.015,160800,120,12,6.59431623572638,6.6100586755394,6.62431623572638,,6.55075691823891,6.48295682466482,6.5803196270462,6.49354572253716,6.534050614269
931,Oracle Vector,1340,5,Additive0.015,2666600,2400,22,6.59790468310892,6.6100586755394,6.62790468310892,,6.55075691823891,6.48295682466482,6.5803196270462,6.49354572253716,6.534050614269
931,Value,1340,5,Additive0.015,725936,3698,54,6.59399109219632,6.61005867553939,6.62399109219632,,6.55075691823891,6.48295682466482,6.5803196270462,6.49354572253716,6.534050614269
931,Vector,1340,5,Additive0.015,3253520,2906,31,6.59362544900754,6.6100586755394,6.62362544900754,,6.55075691823891,6.48295682466482,6.5803196270462,6.49354572253716,6.534050614269
931,Dist L1,1340,5,Additive0.015,752708,3692,56,6.59399109219632,6.6100586755394,6.62399109219632,,6.55075691823891,6.48295682466482,6.5803196270462,6.49354572253716,6.534050614269
932,Oracle,1340,5,Additive0.015,160800,120,12,6.59431623572638,6.60949196930389,6.62431623572638,,6.54933786043735,6.48267754836,6.57989157746837,6.49391969407922,6.53355549086442
932,Oracle Vector,1340,5,Additive0.015,2666600,2400,22,6.59790468310892,6.60949196930389,6.62790468310892,,6.54933786043735,6.48267754836,6.57989157746837,6.49391969407922,6.53355549086442
932,Value,1340,5,Additive0.015,725936,3698,54,6.59399109219632,6.60949196930389,6.62399109219632,,6.54933786043735,6.48267754836,6.57989157746837,6.49391969407922,6.53355549086442
932,Vector,1340,5,Additive0.015,3253520,2906,31,6.59362544900754,6.60949196930389,6.62362544900754,,6.54933786043735,6.48267754836,6.57989157746837,6.49391969407922,6.53355549086442
932,Dist L1,1340,5,Additive0.015,752708,3692,56,6.59399109219632,6.60949196930389,6.62399109219632,,6.54933786043735,6.48267754836,6.57989157746837,6.49391969407922,6.53355549086442
933,Oracle,1340,5,Additive0.015,160800,120,12,6.59431623572638,6.60910866727714,6.62431623572638,,6.54866759013323,6.48161759894281,6.58029524857531,6.49413705842272,6.53443718290159
933,Oracle Vector,1340,5,Additive0.015,2666600,2400,22,6.59790468310892,6.60910866727714,6.62790468310892,,6.54866759013323,6.4816175989428,6.58029524857531,6.49413705842272,6.53443718290159
933,Value,1340,5,Additive0.015,725944,3709,54,6.59399109219632,6.60910866727714,6.62399109219632,,6.54866759013323,6.4816175989428,6.58029524857531,6.49413705842272,6.53443718290159
933,Vector,1340,5,Additive0.015,3258880,2911,31,6.59362544900754,6.60910866727714,6.62362544900754,,6.54866759013323,6.4816175989428,6.58029524857531,6.49413705842272,6.53443718290159
933,Dist L1,1340,5,Additive0.015,752712,3697,56,6.59399109219632,6.60910866727714,6.62399109219632,,6.54866759013323,6.4816175989428,6.58029524857531,6.49413705842272,6.53443718290159
934,Oracle,1340,5,Additive0.015,160800,120,12,6.59431623572638,6.60919729591086,6.62431623572638,,6.54923299362072,6.48175793760837,6.57999365147595,6.49420976376336,6.53458627533163
934,Oracle Vector,1340,5,Additive0.015,2666600,2400,22,6.59790468310892,6.60919729591086,6.62790468310892,,6.54923299362072,6.48175793760837,6.57999365147595,6.49420976376336,6.53458627533163
934,Value,1340,5,Additive0.015,725952,3718,54,6.59399109219632,6.60919729591086,6.62399109219632,,6.54923299362072,6.48175793760837,6.57999365147595,6.49420976376336,6.53458627533163
934,Vector,1340,5,Additive0.015,3258880,2911,31,6.59362544900754,6.60919729591086,6.62362544900754,,6.54923299362072,6.48175793760837,6.57999365147595,6.49420976376336,6.53458627533163
934,Dist L1,1340,5,Additive0.015,752718,3705,56,6.59399109219632,6.60919729591086,6.62399109219632,,6.54923299362072,6.48175793760837,6.57999365147595,6.49420976376336,6.53458627533163
935,Oracle,1340,5,Additive0.015,160800,120,12,6.59431623572638,6.60886951609919,6.62431623572638,,6.54945973098538,6.48195290435374,6.57955257617564,6.49285199121802,6.53369180408554
935,Oracle Vector,1340,5,Additive0.015,2666600,2400,22,6.59790468310892,6.60886951609919,6.62790468310892,,6.54945973098537,6.48195290435373,6.57955257617564,6.49285199121802,6.53369180408554
935,Vector,1340,5,Additive0.015,3264240,2916,31,6.59362544900754,6.60886951609919,6.62362544900754,,6.54945973098537,6.48195290435373,6.57955257617564,6.49285199121802,6.53369180408554
935,Value,1340,5,Additive0.015,739357,3738,55,6.59386951609919,6.60886951609919,6.62386951609919,,6.54945973098537,6.48195290435373,6.57955257617564,6.49285199121802,6.53369180408554
935,Dist L1,1340,5,Additive0.015,766123,3726,57,6.5938695160992,6.60886951609919,6.62386951609919,,6.54945973098537,6.48195290435373,6.57955257617564,6.49285199121802,6.53369180408554
936,Oracle,1340,5,Additive0.015,160800,120,12,6.59431623572638,6.60911575368817,6.62431623572638,,6.54963124813176,6.48203627912904,6.57980569273321,6.49260023140812,6.53408752116175
936,Oracle Vector,1340,5,Additive0.015,2666600,2400,22,6.59790468310892,6.60911575368817,6.62790468310892,,6.54963124813176,6.48203627912904,6.57980569273322,6.49260023140812,6.53408752116175
936,Value,1340,5,Additive0.015,739357,3738,55,6.59386951609919,6.60911575368817,6.62386951609919,,6.54963124813176,6.48203627912904,6.57980569273321,6.49260023140812,6.53408752116175
936,Vector,1340,5,Additive0.015,3264240,2916,31,6.59362544900754,6.60911575368817,6.62362544900754,,6.54963124813176,6.48203627912904,6.57980569273322,6.49260023140812,6.53408752116175
936,Dist L1,1340,5,Additive0.015,766123,3726,57,6.5938695160992,6.60911575368817,6.62386951609919,,6.54963124813176,6.48203627912904,6.57980569273321,6.49260023140812,6.53408752116175
937,Oracle,1340,5,Additive0.015,160800,120,12,6.59431623572638,6.60904175167655,6.62431623572638,,6.54944018856865,6.48150278848714,6.57966144874919,6.49222770435983,6.53422669369254
937,Oracle Vector,1340,5,Additive0.015,2666600,2400,22,6.59790468310892,6.60904175167655,6.62790468310892,,6.54944018856865,6.48150278848715,6.57966144874919,6.49222770435983,6.53422669369254
937,Value,1340,5,Additive0.015,739357,3738,55,6.59386951609919,6.60904175167655,6.62386951609919,,6.54944018856865,6.48150278848715,6.57966144874919,6.49222770435983,6.53422669369254
937,Vector,1340,5,Additive0.015,3264240,2916,31,6.59362544900754,6.60904175167655,6.62362544900754,,6.54944018856865,6.48150278848715,6.57966144874919,6.49222770435983,6.53422669369254
937,Dist L1,1340,5,Additive0.015,766123,3726,57,6.5938695160992,6.60904175167655,6.62386951609919,,6.54944018856865,6.48150278848715,6.57966144874919,6.49222770435983,6.53422669369254
938,Oracle,1340,5,Additive0.015,160800,120,12,6.59431623572638,6.60973461419374,6.62431623572638,,6.54964642610866,6.48202329251586,6.57999197217194,6.4928878232968,6.53495486705547
938,Oracle Vector,1340,5,Additive0.015,2666600,2400,22,6.59790468310892,6.60973461419374,6.62790468310892,,6.54964642610866,6.48202329251586,6.57999197217194,6.4928878232968,6.53495486705547
938,Vector,1340,5,Additive0.015,3264240,2916,31,6.59362544900754,6.60973461419374,6.62362544900754,,6.54964642610866,6.48202329251586,6.57999197217194,6.4928878232968,6.53495486705547
938,Value,1340,5,Additive0.015,739357,3738,55,6.59386951609919,6.60973461419374,6.62386951609919,,6.54964642610866,6.48202329251586,6.57999197217194,6.4928878232968,6.53495486705547
938,Dist L1,1340,5,Additive0.015,766123,3726,57,6.5938695160992,6.60973461419374,6.62386951609919,,6.54964642610866,6.48202329251586,6.57999197217194,6.4928878232968,6.53495486705547
939,Oracle,1340,5,Additive0.015,160800,120,12,6.59431623572638,6.60975873406692,6.62431623572638,,6.54859679594385,6.48238932521201,6.58033181613412,6.49184977451195,6.53449141024681
939,Oracle Vector,1340,5,Additive0.015,2666600,2400,22,6.59790468310892,6.60975873406692,6.62790468310892,,6.54859679594385,6.48238932521201,6.58033181613412,6.49184977451195,6.53449141024681
939,Vector,1340,5,Additive0.015,3264240,2916,31,6.59362544900754,6.60975873406692,6.62362544900754,,6.54859679594385,6.48238932521201,6.58033181613412,6.49184977451195,6.53449141024681
939,Value,1340,5,Additive0.015,739357,3738,55,6.59386951609919,6.60975873406692,6.62386951609919,,6.54859679594385,6.48238932521201,6.58033181613412,6.49184977451195,6.53449141024681
939,Dist L1,1340,5,Additive0.015,766123,3726,57,6.5938695160992,6.60975873406692,6.62386951609919,,6.54859679594385,6.48238932521201,6.58033181613412,6.49184977451195,6.53449141024681
940,Oracle,1340,5,Additive0.015,160800,120,12,6.59431623572638,6.6104510726264,6.62431623572638,,6.54804922563042,6.48297909785585,6.58193077611462,6.49157479511687,6.53559306344876
940,Oracle Vector,1340,5,Additive0.015,2666600,2400,22,6.59790468310892,6.6104510726264,6.62790468310892,,6.54804922563042,6.48297909785585,6.58193077611462,6.49157479511687,6.53559306344877
940,Value,1340,5,Additive0.015,739357,3738,55,6.59386951609919,6.6104510726264,6.62386951609919,,6.54804922563042,6.48297909785585,6.58193077611462,6.49157479511687,6.53559306344877
940,Vector,1340,5,Additive0.015,3264240,2916,31,6.59362544900754,6.6104510726264,6.62362544900754,,6.54804922563042,6.48297909785585,6.58193077611462,6.49157479511687,6.53559306344877
940,Dist L1,1340,5,Additive0.015,766123,3726,57,6.5938695160992,6.6104510726264,6.62386951609919,,6.54804922563042,6.48297909785585,6.58193077611462,6.49157479511687,6.53559306344877
941,Oracle,1340,5,Additive0.015,160800,120,12,6.59431623572638,6.6103536474678,6.62431623572638,,6.54692183419011,6.48161814885004,6.58244556663609,6.49051152057886,6.53633211910263
941,Oracle Vector,1340,5,Additive0.015,2674640,2407,22,6.59790468310892,6.6103536474678,6.62790468310892,,6.54692183419011,6.48161814885004,6.58244556663609,6.49051152057886,6.53633211910263
941,Vector,1340,5,Additive0.015,3264240,2916,31,6.59362544900754,6.6103536474678,6.62362544900754,,6.54692183419011,6.48161814885004,6.58244556663609,6.49051152057886,6.53633211910263
941,Value,1340,5,Additive0.015,739357,3738,55,6.59386951609919,6.6103536474678,6.62386951609919,,6.54692183419011,6.48161814885004,6.58244556663609,6.49051152057886,6.53633211910263
941,Dist L1,1340,5,Additive0.015,766123,3726,57,6.5938695160992,6.6103536474678,6.62386951609919,,6.54692183419011,6.48161814885004,6.58244556663609,6.49051152057886,6.53633211910263
942,Oracle,1340,5,Additive0.015,160800,120,12,6.59431623572638,6.60956345029308,6.62431623572638,,6.54551070187752,6.48014620483237,6.58253939966581,6.48928452667293,6.53575714180259
942,Oracle Vector,1340,5,Additive0.015,2674640,2407,22,6.59790468310892,6.60956345029308,6.62790468310892,,6.54551070187752,6.48014620483237,6.58253939966581,6.48928452667293,6.53575714180259
942,Value,1340,5,Additive0.015,739357,3738,55,6.59386951609919,6.60956345029308,6.62386951609919,,6.54551070187753,6.48014620483237,6.58253939966581,6.48928452667294,6.53575714180259
942,Vector,1340,5,Additive0.015,3269600,2921,31,6.59362544900754,6.60956345029308,6.62362544900754,,6.54551070187752,6.48014620483237,6.58253939966581,6.48928452667293,6.53575714180259
942,Dist L1,1340,5,Additive0.015,766123,3726,57,6.5938695160992,6.60956345029308,6.62386951609919,,6.54551070187753,6.48014620483237,6.58253939966581,6.48928452667294,6.53575714180259
943,Oracle,1340,5,Additive0.015,160800,120,12,6.59431623572638,6.60906862270319,6.62431623572638,,6.54490531891083,6.48073604972504,6.58198916250371,6.4887628719585,6.5349789077073
943,Oracle Vector,1340,5,Additive0.015,2674640,2407,22,6.59790468310892,6.60906862270319,6.62790468310892,,6.54490531891083,6.48073604972504,6.58198916250371,6.4887628719585,6.5349789077073
943,Value,1340,5,Additive0.015,739357,3738,55,6.59386951609919,6.60906862270319,6.62386951609919,,6.54490531891083,6.48073604972504,6.58198916250371,6.4887628719585,6.5349789077073
943,Vector,1340,5,Additive0.015,3274960,2926,31,6.59362544900754,6.60906862270319,6.62362544900754,,6.54490531891083,6.48073604972504,6.58198916250371,6.4887628719585,6.5349789077073
943,Dist L1,1340,5,Additive0.015,766123,3726,57,6.5938695160992,6.60906862270319,6.62386951609919,,6.54490531891083,6.48073604972504,6.58198916250371,6.4887628719585,6.5349789077073
944,Oracle,1340,5,Additive0.015,160800,120,12,6.59431623572638,6.60842408731048,6.62431623572638,,6.54313920281859,6.48067356442906,6.58160277460965,6.48729717960696,6.53505037278514
944,Oracle Vector,1340,5,Additive0.015,2674640,2407,22,6.59790468310892,6.60842408731047,6.62790468310892,,6.54313920281859,6.48067356442906,6.58160277460965,6.48729717960695,6.53505037278514
944,Value,1340,5,Additive0.015,739361,3743,55,6.59386951609919,6.60842408731047,6.62386951609919,,6.54313920281859,6.48067356442906,6.58160277460965,6.48729717960695,6.53505037278514
944,Vector,1340,5,Additive0.015,3274960,2926,31,6.59362544900754,6.60842408731047,6.62362544900754,,6.54313920281859,6.48067356442906,6.58160277460965,6.48729717960695,6.53505037278514
944,Dist L1,1340,5,Additive0.015,766127,3731,57,6.5938695160992,6.60842408731047,6.62386951609919,,6.54313920281859,6.48067356442906,6.58160277460965,6.48729717960695,6.53505037278514
945,Oracle,1340,5,Additive0.015,160800,120,12,6.59431623572638,6.60761354995925,6.62431623572638,,6.54208543278589,6.47979162453289,6.58025076699096,6.48547208545282,6.53501189583911
945,Oracle Vector,1340,5,Additive0.015,2674640,2407,22,6.59790468310892,6.60761354995925,6.62790468310892,,6.54208543278589,6.47979162453289,6.58025076699096,6.48547208545281,6.5350118958391
945,Vector,1340,5,Additive0.015,3274960,2926,31,6.59362544900754,6.60761354995925,6.62362544900754,,6.54208543278589,6.47979162453289,6.58025076699096,6.48547208545281,6.5350118958391
945,Value,1340,5,Additive0.015,739361,3743,55,6.59386951609919,6.60761354995925,6.62386951609919,,6.54208543278589,6.47979162453289,6.58025076699096,6.48547208545281,6.5350118958391
945,Dist L1,1340,5,Additive0.015,766127,3731,57,6.5938695160992,6.60761354995925,6.62386951609919,,6.54208543278589,6.47979162453289,6.58025076699096,6.48547208545281,6.5350118958391
946,Oracle,1340,5,Additive0.015,160800,120,12,6.59431623572638,6.60706902566921,6.62431623572638,,6.54142481545118,6.47984722411518,6.57948002801724,6.48361485600732,6.53504367271588
946,Value,1340,5,Additive0.015,739361,3743,55,6.59386951609919,6.60706902566921,6.62386951609919,,6.54142481545118,6.47984722411518,6.57948002801724,6.48361485600732,6.53504367271588
946,Oracle Vector,1340,5,Additive0.015,2680000,2412,22,6.59790468310892,6.60706902566921,6.62790468310892,,6.54142481545118,6.47984722411518,6.57948002801724,6.48361485600732,6.53504367271588
946,Vector,1340,5,Additive0.015,3280320,2931,31,6.59362544900754,6.60706902566921,6.62362544900754,,6.54142481545118,6.47984722411518,6.57948002801724,6.48361485600732,6.53504367271588
946,Dist L1,1340,5,Additive0.015,766131,3736,57,6.5938695160992,6.60706902566921,6.62386951609919,,6.54142481545118,6.47984722411518,6.57948002801724,6.48361485600732,6.53504367271588
947,Oracle,1340,5,Additive0.015,160800,120,12,6.59431623572638,6.60674896975962,6.62431623572638,,6.54158270271402,6.47988598004524,6.57938664371703,6.48233593039126,6.5344792716965
947,Oracle Vector,1340,5,Additive0.015,2685360,2417,22,6.59790468310892,6.60674896975962,6.62790468310892,,6.54158270271403,6.47988598004524,6.57938664371703,6.48233593039126,6.5344792716965
947,Value,1340,5,Additive0.015,739365,3748,55,6.59386951609919,6.60674896975962,6.62386951609919,,6.54158270271403,6.47988598004524,6.57938664371703,6.48233593039126,6.5344792716965
947,Vector,1340,5,Additive0.015,3280320,2931,31,6.59362544900754,6.60674896975962,6.62362544900754,,6.54158270271403,6.47988598004524,6.57938664371703,6.48233593039126,6.5344792716965
947,Dist L1,1340,5,Additive0.015,766131,3736,57,6.5938695160992,6.60674896975962,6.62386951609919,,6.54158270271403,6.47988598004524,6.57938664371703,6.48233593039126,6.5344792716965
948,Oracle,1340,5,Additive0.015,160800,120,12,6.59431623572638,6.60729474827253,6.62431623572638,,6.54297753373007,6.48139692558649,6.58000717435712,6.48091261567855,6.53410399638028
948,Oracle Vector,1340,5,Additive0.015,2685360,2417,22,6.59790468310892,6.60729474827253,6.62790468310892,,6.54297753373008,6.48139692558649,6.58000717435712,6.48091261567855,6.53410399638028
948,Vector,1340,5,Additive0.015,3280320,2931,31,6.59362544900754,6.60729474827253,6.62362544900754,,6.54297753373008,6.48139692558649,6.58000717435713,6.48091261567855,6.53410399638028
948,Value,1340,5,Additive0.015,739365,3748,55,6.59386951609919,6.60729474827253,6.62386951609919,,6.54297753373008,6.48139692558649,6.58000717435712,6.48091261567855,6.53410399638028
948,Dist L1,1340,5,Additive0.015,766131,3736,57,6.5938695160992,6.60729474827253,6.62386951609919,,6.54297753373008,6.48139692558649,6.58000717435712,6.48091261567855,6.53410399638028
949,Oracle,1340,5,Additive0.015,160800,120,12,6.59431623572638,6.60663154570659,6.62431623572638,,6.54215351737296,6.48152346851831,6.57898237722075,6.47956640295903,6.5334726776032
949,Oracle Vector,1340,5,Additive0.015,2685360,2417,22,6.59790468310892,6.60663154570659,6.62790468310892,,6.54215351737296,6.48152346851831,6.57898237722075,6.47956640295903,6.5334726776032
949,Value,1340,5,Additive0.015,739369,3753,55,6.59386951609919,6.60663154570659,6.62386951609919,,6.54215351737296,6.48152346851831,6.57898237722075,6.47956640295903,6.5334726776032
949,Vector,1340,5,Additive0.015,3285680,2936,31,6.59362544900754,6.60663154570659,6.62362544900754,,6.54215351737296,6.48152346851831,6.57898237722075,6.47956640295903,6.5334726776032
949,Dist L1,1340,5,Additive0.015,766135,3741,57,6.5938695160992,6.60663154570659,6.62386951609919,,6.54215351737296,6.48152346851831,6.57898237722075,6.47956640295903,6.5334726776032
950,Oracle,1340,5,Additive0.015,160800,120,12,6.59431623572638,6.60641870459542,6.62431623572638,,6.54221306799923,6.48215787441694,6.5792528073199,6.47798468692184,6.5327779699591
950,Oracle Vector,1340,5,Additive0.015,2685360,2417,22,6.59790468310892,6.60641870459542,6.62790468310892,,6.54221306799923,6.48215787441694,6.5792528073199,6.47798468692184,6.5327779699591
950,Value,1340,5,Additive0.015,739377,3763,55,6.59386951609919,6.60641870459542,6.62386951609919,,6.54221306799923,6.48215787441694,6.5792528073199,6.47798468692184,6.5327779699591
950,Vector,1340,5,Additive0.015,3285680,2936,31,6.59362544900754,6.60641870459542,6.62362544900754,,6.54221306799923,6.48215787441694,6.5792528073199,6.47798468692184,6.5327779699591
950,Dist L1,1340,5,Additive0.015,766139,3746,57,6.5938695160992,6.60641870459541,6.62386951609919,,6.54221306799923,6.48215787441694,6.5792528073199,6.47798468692184,6.5327779699591
951,Oracle,1340,5,Additive0.015,160800,120,12,6.59431623572638,6.60513244786983,6.62431623572638,,6.54072078107143,6.48191448630615,6.57863186483446,6.47651912198886,6.53170503930799
951,Oracle Vector,1340,5,Additive0.015,2685360,2417,22,6.59790468310892,6.60513244786983,6.62790468310892,,6.54072078107143,6.48191448630615,6.57863186483446,6.47651912198886,6.53170503930799
951,Vector,1340,5,Additive0.015,3291040,2941,31,6.59362544900754,6.60513244786983,6.62362544900754,,6.54072078107143,6.48191448630615,6.57863186483446,6.47651912198886,6.53170503930799
951,Value,1340,5,Additive0.015,752782,3784,56,6.59013244786983,6.60513244786983,6.62013244786982,,6.54072078107143,6.48191448630615,6.57863186483446,6.47651912198886,6.53170503930799
951,Dist L1,1340,5,Additive0.015,779544,3767,58,6.59013244786983,6.60513244786983,6.62013244786983,,6.54072078107143,6.48191448630615,6.57863186483446,6.47651912198886,6.53170503930799
952,Oracle,1340,5,Additive0.015,160800,120,12,6.59431623572638,6.60497795721318,6.62431623572638,,6.53861607896675,6.48346597999758,6.57957797500973,6.47824384476568,6.53370912176567
952,Oracle Vector,1340,5,Additive0.015,2693400,2424,22,6.59790468310892,6.60497795721318,6.62790468310892,,6.53861607896675,6.48346597999758,6.57957797500973,6.47824384476568,6.53370912176567
952,Value,1340,5,Additive0.015,752782,3784,56,6.59013244786983,6.60497795721318,6.62013244786982,,6.53861607896675,6.48346597999758,6.57957797500973,6.47824384476568,6.53370912176567
952,Vector,1340,5,Additive0.015,3299080,2948,31,6.59362544900754,6.60497795721318,6.62362544900754,,6.53861607896674,6.48346597999758,6.57957797500973,6.47824384476568,6.53370912176567
952,Dist L1,1340,5,Additive0.015,779544,3767,58,6.59013244786983,6.60497795721318,6.62013244786983,,6.53861607896675,6.48346597999758,6.57957797500973,6.47824384476568,6.53370912176567
953,Oracle,1340,5,Additive0.015,160800,120,12,6.59431623572638,6.60346598182272,6.62431623572638,,6.53732025771547,6.48260187075386,6.57813586888443,6.47653328697273,6.53301286064923
953,Vector,1340,5,Additive0.015,3299080,2948,31,6.59362544900754,6.60346598182273,6.62362544900754,,6.53732025771547,6.48260187075386,6.57813586888443,6.47653328697273,6.53301286064923
953,Oracle Vector,1340,5,Additive0.015,2698760,2429,22,6.59790468310892,6.60346598182272,6.62790468310892,,6.53732025771547,6.48260187075386,6.57813586888443,6.47653328697273,6.53301286064923
953,Value,1340,5,Additive0.015,752782,3784,56,6.59013244786983,6.60346598182272,6.62013244786982,,6.53732025771547,6.48260187075386,6.57813586888443,6.47653328697273,6.53301286064924
953,Dist L1,1340,5,Additive0.015,779544,3767,58,6.59013244786983,6.60346598182272,6.62013244786983,,6.53732025771547,6.48260187075387,6.57813586888443,6.47653328697273,6.53301286064924
954,Oracle,1340,5,Additive0.015,160800,120,12,6.59431623572638,6.60152591473705,6.62431623572638,,6.53529862991766,6.48024211508646,6.57675111093105,6.47527556806069,6.53280623972731
954,Oracle Vector,1340,5,Additive0.015,2698760,2429,22,6.59790468310892,6.60152591473705,6.62790468310892,,6.53529862991766,6.48024211508646,6.57675111093106,6.47527556806069,6.53280623972731
954,Value,1340,5,Additive0.015,752782,3784,56,6.59013244786983,6.60152591473705,6.62013244786982,,6.53529862991766,6.48024211508646,6.57675111093105,6.47527556806069,6.53280623972731
954,Vector,1340,5,Additive0.015,3309800,2957,31,6.59362544900754,6.60152591473705,6.62362544900754,,6.53529862991766,6.48024211508646,6.57675111093106,6.47527556806069,6.53280623972731
954,Dist L1,1340,5,Additive0.015,779544,3767,58,6.59013244786983,6.60152591473705,6.62013244786983,,6.53529862991766,6.48024211508646,6.57675111093105,6.47527556806069,6.53280623972731
955,Oracle,1340,5,Additive0.015,160800,120,12,6.59431623572638,6.59975941086891,6.62431623572638,,6.53449298631556,6.47908525182716,6.57582609212005,6.47301467934421,6.53209529045672
955,Oracle Vector,1340,5,Additive0.015,2709480,2438,22,6.59790468310892,6.5997594108689,6.62790468310892,,6.53449298631556,6.47908525182717,6.57582609212005,6.47301467934421,6.53209529045672
955,Value,1340,5,Additive0.015,752788,3791,56,6.59013244786983,6.5997594108689,6.62013244786982,,6.53449298631556,6.47908525182717,6.57582609212005,6.47301467934421,6.53209529045672
955,Vector,1340,5,Additive0.015,3317840,2964,31,6.59362544900754,6.5997594108689,6.62362544900754,,6.53449298631556,6.47908525182717,6.57582609212005,6.47301467934421,6.53209529045672
955,Dist L1,1340,5,Additive0.015,779550,3774,58,6.59013244786983,6.5997594108689,6.62013244786983,,6.53449298631556,6.47908525182717,6.57582609212005,6.47301467934421,6.53209529045672
956,Oracle,1340,5,Additive0.015,160800,120,12,6.59431623572638,6.59749646987334,6.62431623572638,,6.53170513925176,6.47710736185951,6.5744336753294,6.47099840719974,6.53128429382114
956,Value,1340,5,Additive0.015,752794,3798,56,6.59013244786983,6.59749646987334,6.62013244786982,,6.53170513925176,6.47710736185951,6.5744336753294,6.47099840719973,6.53128429382113
956,Oracle Vector,1340,5,Additive0.015,2722880,2448,23,6.58249646987334,6.59749646987334,6.61249646987334,,6.53170513925176,6.47710736185951,6.5744336753294,6.47099840719973,6.53128429382114
956,Vector,1340,5,Additive0.015,3331240,2975,32,6.58249646987334,6.59749646987334,6.61249646987334,,6.53170513925176,6.47710736185951,6.5744336753294,6.47099840719973,6.53128429382113
956,Dist L1,1340,5,Additive0.015,779560,3786,58,6.59013244786983,6.59749646987334,6.62013244786983,,6.53170513925176,6.47710736185951,6.5744336753294,6.47099840719973,6.53128429382113
957,Oracle,1340,5,Additive0.015,160800,120,12,6.59431623572638,6.59659797536444,6.62431623572638,,6.53157293803847,6.47637056013197,6.57368910099872,6.46982256903205,6.53072287043018
957,Oracle Vector,1340,5,Additive0.015,2722880,2448,23,6.58249646987334,6.59659797536444,6.61249646987334,,6.53157293803847,6.47637056013197,6.57368910099872,6.46982256903205,6.53072287043018
957,Vector,1340,5,Additive0.015,3331240,2975,32,6.58249646987334,6.59659797536444,6.61249646987334,,6.53157293803847,6.47637056013197,6.57368910099872,6.46982256903205,6.53072287043018
957,Value,1340,5,Additive0.015,766199,3819,57,6.58159797536444,6.59659797536444,6.61159797536444,,6.53157293803847,6.47637056013197,6.57368910099872,6.46982256903205,6.53072287043018
957,Dist L1,1340,5,Additive0.015,792965,3807,59,6.58159797536444,6.59659797536444,6.61159797536444,,6.53157293803847,6.47637056013197,6.57368910099872,6.46982256903205,6.53072287043018
958,Oracle,1340,5,Additive0.015,160800,120,12,6.59431623572638,6.59600590301677,6.62431623572638,,6.53249267630158,6.47597272056051,6.57338244283022,6.46887571120311,6.52934092961483
958,Oracle Vector,1340,5,Additive0.015,2722880,2448,23,6.58249646987334,6.59600590301677,6.61249646987334,,6.53249267630158,6.47597272056051,6.57338244283022,6.46887571120311,6.52934092961483
958,Vector,1340,5,Additive0.015,3331240,2975,32,6.58249646987334,6.59600590301677,6.61249646987334,,6.53249267630158,6.47597272056051,6.57338244283022,6.46887571120311,6.52934092961483
958,Value,1340,5,Additive0.015,766199,3819,57,6.58159797536444,6.59600590301677,6.61159797536444,,6.53249267630158,6.47597272056051,6.57338244283022,6.46887571120311,6.52934092961483
958,Dist L1,1340,5,Additive0.015,792965,3807,59,6.58159797536444,6.59600590301677,6.61159797536444,,6.53249267630158,6.47597272056051,6.57338244283022,6.46887571120311,6.52934092961483
959,Oracle,1340,5,Additive0.015,160800,120,12,6.59431623572638,6.59572239082937,6.62431623572638,,6.53412303799832,6.47553873006909,6.57302090944476,6.46876729010909,6.52877468410607
959,Oracle Vector,1340,5,Additive0.015,2722880,2448,23,6.58249646987334,6.59572239082937,6.61249646987334,,6.53412303799832,6.47553873006909,6.57302090944476,6.46876729010909,6.52877468410607
959,Value,1340,5,Additive0.015,766199,3819,57,6.58159797536444,6.59572239082937,6.61159797536444,,6.53412303799832,6.47553873006909,6.57302090944476,6.46876729010909,6.52877468410607
959,Vector,1340,5,Additive0.015,3331240,2975,32,6.58249646987334,6.59572239082937,6.61249646987334,,6.53412303799832,6.47553873006909,6.57302090944476,6.46876729010909,6.52877468410607
959,Dist L1,1340,5,Additive0.015,792965,3807,59,6.58159797536444,6.59572239082937,6.61159797536444,,6.53412303799832,6.47553873006909,6.57302090944476,6.46876729010909,6.52877468410607
960,Oracle,1340,5,Additive0.015,160800,120,12,6.59431623572638,6.59559579080612,6.62431623572638,,6.53400042011844,6.47572585492949,6.57333755231546,6.46905008467662,6.52857510489684
960,Oracle Vector,1340,5,Additive0.015,2722880,2448,23,6.58249646987334,6.59559579080612,6.61249646987334,,6.53400042011844,6.47572585492949,6.57333755231546,6.46905008467662,6.52857510489685
960,Value,1340,5,Additive0.015,766199,3819,57,6.58159797536444,6.59559579080612,6.61159797536444,,6.53400042011844,6.47572585492949,6.57333755231546,6.46905008467662,6.52857510489685
960,Vector,1340,5,Additive0.015,3331240,2975,32,6.58249646987334,6.59559579080612,6.61249646987334,,6.53400042011844,6.47572585492949,6.57333755231546,6.46905008467662,6.52857510489685
960,Dist L1,1340,5,Additive0.015,792965,3807,59,6.58159797536444,6.59559579080612,6.61159797536444,,6.53400042011844,6.47572585492949,6.57333755231546,6.46905008467662,6.52857510489685
961,Oracle,1340,5,Additive0.015,160800,120,12,6.59431623572638,6.59467384029318,6.62431623572638,,6.5343353683952,6.4751267782767,6.57211765094846,6.46840024097778,6.527921200617
961,Oracle Vector,1340,5,Additive0.015,2722880,2448,23,6.58249646987334,6.59467384029318,6.61249646987334,,6.5343353683952,6.4751267782767,6.57211765094846,6.46840024097778,6.527921200617
961,Value,1340,5,Additive0.015,766199,3819,57,6.58159797536444,6.59467384029318,6.61159797536444,,6.5343353683952,6.4751267782767,6.57211765094846,6.46840024097778,6.527921200617
961,Vector,1340,5,Additive0.015,3331240,2975,32,6.58249646987334,6.59467384029318,6.61249646987334,,6.5343353683952,6.4751267782767,6.57211765094846,6.46840024097778,6.527921200617
961,Dist L1,1340,5,Additive0.015,792965,3807,59,6.58159797536444,6.59467384029318,6.61159797536444,,6.5343353683952,6.4751267782767,6.57211765094846,6.46840024097778,6.527921200617
962,Oracle,1340,5,Additive0.015,174200,130,13,6.57874267718892,6.59374267718892,6.60874267718892,,6.53417650011638,6.47331450549333,6.57070805040121,6.46748933993955,6.52757258723548
962,Oracle Vector,1340,5,Additive0.015,2722880,2448,23,6.58249646987334,6.59374267718892,6.61249646987334,,6.53417650011638,6.47331450549333,6.57070805040121,6.46748933993955,6.52757258723548
962,Value,1340,5,Additive0.015,766199,3819,57,6.58159797536444,6.59374267718892,6.61159797536444,,6.53417650011638,6.47331450549333,6.57070805040121,6.46748933993955,6.52757258723548
962,Vector,1340,5,Additive0.015,3336600,2980,32,6.58249646987334,6.59374267718892,6.61249646987334,,6.53417650011638,6.47331450549333,6.57070805040121,6.46748933993955,6.52757258723548
962,Dist L1,1340,5,Additive0.015,792965,3807,59,6.58159797536444,6.59374267718892,6.61159797536444,,6.53417650011638,6.47331450549333,6.57070805040121,6.46748933993955,6.52757258723548
963,Oracle,1340,5,Additive0.015,174200,130,13,6.57874267718892,6.59297279437625,6.60874267718892,,6.5331382910688,6.47231202799759,6.57013863417517,6.46715902704362,6.52756742202054
963,Oracle Vector,1340,5,Additive0.015,2722880,2448,23,6.58249646987334,6.59297279437625,6.61249646987334,,6.5331382910688,6.47231202799759,6.57013863417517,6.46715902704362,6.52756742202054
963,Vector,1340,5,Additive0.015,3336600,2980,32,6.58249646987334,6.59297279437625,6.61249646987334,,6.5331382910688,6.47231202799759,6.57013863417516,6.46715902704362,6.52756742202054
963,Value,1340,5,Additive0.015,766199,3819,57,6.58159797536444,6.59297279437625,6.61159797536444,,6.5331382910688,6.47231202799759,6.57013863417516,6.46715902704362,6.52756742202054
963,Dist L1,1340,5,Additive0.015,792965,3807,59,6.58159797536444,6.59297279437625,6.61159797536444,,6.5331382910688,6.47231202799759,6.57013863417516,6.46715902704362,6.52756742202054
964,Oracle,1340,5,Additive0.015,174200,130,13,6.57874267718892,6.59176682701729,6.60874267718892,,6.53104440799065,6.471421769244,6.56926286403878,6.46684312414052,6.52682632052115
964,Oracle Vector,1340,5,Additive0.015,2728240,2453,23,6.58249646987334,6.59176682701729,6.61249646987334,,6.53104440799065,6.471421769244,6.56926286403878,6.46684312414052,6.52682632052115
964,Value,1340,5,Additive0.015,766207,3829,57,6.58159797536444,6.59176682701729,6.61159797536444,,6.53104440799065,6.471421769244,6.56926286403878,6.46684312414052,6.52682632052115
964,Vector,1340,5,Additive0.015,3344640,2987,32,6.58249646987334,6.59176682701729,6.61249646987334,,6.53104440799065,6.471421769244,6.56926286403878,6.46684312414052,6.52682632052115
964,Dist L1,1340,5,Additive0.015,792971,3814,59,6.58159797536444,6.59176682701729,6.61159797536444,,6.53104440799065,6.471421769244,6.56926286403878,6.46684312414052,6.52682632052115
965,Oracle,1340,5,Additive0.015,174200,130,13,6.57874267718892,6.59108511125641,6.60874267718892,,6.52998859425937,6.47079000939421,6.5685897739523,6.46688677831234,6.52654743427036
965,Oracle Vector,1340,5,Additive0.015,2728240,2453,23,6.58249646987334,6.5910851112564,6.61249646987334,,6.52998859425937,6.47079000939421,6.5685897739523,6.46688677831234,6.52654743427036
965,Value,1340,5,Additive0.015,766217,3842,57,6.58159797536444,6.5910851112564,6.61159797536444,,6.52998859425937,6.47079000939421,6.5685897739523,6.46688677831234,6.52654743427036
965,Vector,1340,5,Additive0.015,3352680,2994,32,6.58249646987334,6.5910851112564,6.61249646987334,,6.52998859425937,6.47079000939421,6.5685897739523,6.46688677831234,6.52654743427036
965,Dist L1,1340,5,Additive0.015,792979,3824,59,6.58159797536444,6.5910851112564,6.61159797536444,,6.52998859425937,6.47079000939421,6.5685897739523,6.46688677831234,6.52654743427036
966,Oracle,1340,5,Additive0.015,174200,130,13,6.57874267718892,6.59006300695515,6.60874267718892,,6.52966308221044,6.46968332149551,6.56684726981579,6.46597377425863,6.52579161147876
966,Oracle Vector,1340,5,Additive0.015,2736280,2461,23,6.58249646987334,6.59006300695515,6.61249646987334,,6.52966308221044,6.46968332149551,6.56684726981579,6.46597377425863,6.52579161147876
966,Vector,1340,5,Additive0.015,3363400,3003,32,6.58249646987334,6.59006300695515,6.61249646987334,,6.52966308221044,6.46968332149551,6.56684726981579,6.46597377425863,6.52579161147876
966,Value,1340,5,Additive0.015,779622,3864,58,6.57506300695515,6.59006300695515,6.60506300695515,,6.52966308221044,6.46968332149551,6.56684726981579,6.46597377425863,6.52579161147876
966,Dist L1,1340,5,Additive0.015,806384,3845,60,6.57506300695515,6.59006300695515,6.60506300695515,,6.52966308221044,6.46968332149551,6.56684726981579,6.46597377425863,6.52579161147876
967,Oracle,1340,5,Additive0.015,174200,130,13,6.57874267718892,6.58886909498474,6.60874267718892,,6.52852015896246,6.46891620784579,6.56563407080823,6.4649109544463,6.52579212687115
967,Oracle Vector,1340,5,Additive0.015,2736280,2461,23,6.58249646987334,6.58886909498474,6.61249646987334,,6.52852015896246,6.46891620784579,6.56563407080823,6.4649109544463,6.52579212687115
967,Value,1340,5,Additive0.015,779622,3864,58,6.57506300695515,6.58886909498474,6.60506300695515,,6.52852015896246,6.46891620784579,6.56563407080823,6.4649109544463,6.52579212687115
967,Vector,1340,5,Additive0.015,3374120,3012,32,6.58249646987334,6.58886909498474,6.61249646987334,,6.52852015896246,6.46891620784579,6.56563407080823,6.4649109544463,6.52579212687115
967,Dist L1,1340,5,Additive0.015,806384,3845,60,6.57506300695515,6.58886909498474,6.60506300695515,,6.52852015896246,6.46891620784579,6.56563407080823,6.4649109544463,6.52579212687115
968,Oracle,1340,5,Additive0.015,174200,130,13,6.57874267718892,6.58823798182707,6.60874267718892,,6.52805509682386,6.46931849399977,6.56441836259602,6.46390300236104,6.52564613331984
968,Oracle Vector,1340,5,Additive0.015,2736280,2461,23,6.58249646987334,6.58823798182708,6.61249646987334,,6.52805509682386,6.46931849399977,6.56441836259603,6.46390300236104,6.52564613331984
968,Value,1340,5,Additive0.015,779622,3864,58,6.57506300695515,6.58823798182707,6.60506300695515,,6.52805509682386,6.46931849399977,6.56441836259603,6.46390300236104,6.52564613331984
968,Vector,1340,5,Additive0.015,3387520,3023,32,6.58249646987334,6.58823798182708,6.61249646987334,,6.52805509682386,6.46931849399977,6.56441836259603,6.46390300236104,6.52564613331984
968,Dist L1,1340,5,Additive0.015,806384,3845,60,6.57506300695515,6.58823798182707,6.60506300695515,,6.52805509682386,6.46931849399977,6.56441836259603,6.46390300236104,6.52564613331984
969,Oracle,1340,5,Additive0.015,174200,130,13,6.57874267718892,6.58835190200203,6.60874267718892,,6.52824288814633,6.46910080649962,6.56423590316984,6.46410088066289,6.52655809146476
969,Oracle Vector,1340,5,Additive0.015,2736280,2461,23,6.58249646987334,6.58835190200203,6.61249646987334,,6.52824288814633,6.46910080649962,6.56423590316984,6.46410088066289,6.52655809146476
969,Vector,1340,5,Additive0.015,3387520,3023,32,6.58249646987334,6.58835190200203,6.61249646987334,,6.52824288814633,6.46910080649962,6.56423590316984,6.46410088066289,6.52655809146476
969,Value,1340,5,Additive0.015,779622,3864,58,6.57506300695515,6.58835190200203,6.60506300695515,,6.52824288814633,6.46910080649962,6.56423590316984,6.46410088066289,6.52655809146476
969,Dist L1,1340,5,Additive0.015,806384,3845,60,6.57506300695515,6.58835190200203,6.60506300695515,,6.52824288814633,6.46910080649962,6.56423590316984,6.46410088066289,6.52655809146476
970,Oracle,1340,5,Additive0.015,174200,130,13,6.57874267718892,6.58914550727853,6.60874267718892,,6.52925278807006,6.47033630804191,6.56547082946179,6.46481138713101,6.52668593565715
970,Oracle Vector,1340,5,Additive0.015,2736280,2461,23,6.58249646987334,6.58914550727852,6.61249646987334,,6.52925278807006,6.47033630804191,6.56547082946179,6.46481138713101,6.52668593565715
970,Vector,1340,5,Additive0.015,3387520,3023,32,6.58249646987334,6.58914550727852,6.61249646987334,,6.52925278807006,6.47033630804191,6.56547082946179,6.46481138713101,6.52668593565715
970,Value,1340,5,Additive0.015,779622,3864,58,6.57506300695515,6.58914550727852,6.60506300695515,,6.52925278807006,6.47033630804191,6.56547082946179,6.46481138713101,6.52668593565715
970,Dist L1,1340,5,Additive0.015,806384,3845,60,6.57506300695515,6.58914550727852,6.60506300695515,,6.52925278807006,6.47033630804191,6.56547082946179,6.46481138713101,6.52668593565715
971,Oracle,1340,5,Additive0.015,174200,130,13,6.57874267718892,6.58896659977703,6.60874267718892,,6.52923770415744,6.47057456561823,6.56520841967156,6.46442953227049,6.52690045804202
971,Oracle Vector,1340,5,Additive0.015,2736280,2461,23,6.58249646987334,6.58896659977703,6.61249646987334,,6.52923770415743,6.47057456561823,6.56520841967156,6.46442953227049,6.52690045804202
971,Value,1340,5,Additive0.015,779622,3864,58,6.57506300695515,6.58896659977703,6.60506300695515,,6.52923770415744,6.47057456561823,6.56520841967156,6.46442953227049,6.52690045804202
971,Vector,1340,5,Additive0.015,3392880,3028,32,6.58249646987334,6.58896659977703,6.61249646987334,,6.52923770415743,6.47057456561823,6.56520841967156,6.46442953227049,6.52690045804202
971,Dist L1,1340,5,Additive0.015,806384,3845,60,6.57506300695515,6.58896659977703,6.60506300695515,,6.52923770415744,6.47057456561823,6.56520841967156,6.46442953227049,6.52690045804202
972,Oracle,1340,5,Additive0.015,174200,130,13,6.57874267718892,6.58850420508532,6.60874267718892,,6.52852397326427,6.47080306903123,6.56480900503683,6.46393596650902,6.52641714044875
972,Oracle Vector,1340,5,Additive0.015,2741640,2466,23,6.58249646987334,6.58850420508532,6.61249646987334,,6.52852397326427,6.47080306903123,6.56480900503683,6.46393596650902,6.52641714044875
972,Value,1340,5,Additive0.015,779622,3864,58,6.57506300695515,6.58850420508532,6.60506300695515,,6.52852397326427,6.47080306903123,6.56480900503683,6.46393596650902,6.52641714044875
972,Vector,1340,5,Additive0.015,3400920,3035,32,6.58249646987334,6.58850420508532,6.61249646987334,,6.52852397326427,6.47080306903123,6.56480900503683,6.46393596650902,6.52641714044875
972,Dist L1,1340,5,Additive0.015,806384,3845,60,6.57506300695515,6.58850420508532,6.60506300695515,,6.52852397326427,6.47080306903123,6.56480900503683,6.46393596650902,6.52641714044875
973,Oracle,1340,5,Additive0.015,174200,130,13,6.57874267718892,6.58930555197233,6.60874267718892,,6.52850088255614,6.47220022833245,6.56609977696284,6.46526874227817,6.52665257284429
973,Oracle Vector,1340,5,Additive0.015,2741640,2466,23,6.58249646987334,6.58930555197233,6.61249646987334,,6.52850088255614,6.47220022833245,6.56609977696283,6.46526874227817,6.52665257284429
973,Value,1340,5,Additive0.015,779622,3864,58,6.57506300695515,6.58930555197233,6.60506300695515,,6.52850088255614,6.47220022833245,6.56609977696284,6.46526874227817,6.52665257284429
973,Vector,1340,5,Additive0.015,3400920,3035,32,6.58249646987334,6.58930555197233,6.61249646987334,,6.52850088255614,6.47220022833245,6.56609977696284,6.46526874227817,6.52665257284429
973,Dist L1,1340,5,Additive0.015,806384,3845,60,6.57506300695515,6.58930555197233,6.60506300695515,,6.52850088255614,6.47220022833245,6.56609977696284,6.46526874227817,6.52665257284429
974,Oracle,1340,5,Additive0.015,174200,130,13,6.57874267718892,6.58995983434925,6.60874267718892,,6.52884344375847,6.47311553329959,6.56729759097623,6.46620404839913,6.52735731364258
974,Oracle Vector,1340,5,Additive0.015,2741640,2466,23,6.58249646987334,6.58995983434925,6.61249646987334,,6.52884344375847,6.47311553329959,6.56729759097623,6.46620404839913,6.52735731364258
974,Value,1340,5,Additive0.015,779622,3864,58,6.57506300695515,6.58995983434925,6.60506300695515,,6.52884344375847,6.47311553329959,6.56729759097623,6.46620404839913,6.52735731364258
974,Vector,1340,5,Additive0.015,3406280,3040,32,6.58249646987334,6.58995983434925,6.61249646987334,,6.52884344375847,6.47311553329959,6.56729759097623,6.46620404839913,6.52735731364259
974,Dist L1,1340,5,Additive0.015,806384,3845,60,6.57506300695515,6.58995983434925,6.60506300695515,,6.52884344375847,6.47311553329959,6.56729759097623,6.46620404839913,6.52735731364258
975,Oracle,1340,5,Additive0.015,174200,130,13,6.57874267718892,6.59073532187668,6.60874267718892,,6.52919492004779,6.4747112217704,6.56825745259057,6.46704958049002,6.52734244665914
975,Oracle Vector,1340,5,Additive0.015,2741640,2466,23,6.58249646987334,6.59073532187668,6.61249646987334,,6.52919492004779,6.4747112217704,6.56825745259058,6.46704958049002,6.52734244665914
975,Vector,1340,5,Additive0.015,3406280,3040,32,6.58249646987334,6.59073532187668,6.61249646987334,,6.52919492004779,6.4747112217704,6.56825745259058,6.46704958049002,6.52734244665914
975,Value,1340,5,Additive0.015,779622,3864,58,6.57506300695515,6.59073532187668,6.60506300695515,,6.52919492004779,6.4747112217704,6.56825745259058,6.46704958049002,6.52734244665914
975,Dist L1,1340,5,Additive0.015,806384,3845,60,6.57506300695515,6.59073532187668,6.60506300695515,,6.52919492004779,6.4747112217704,6.56825745259058,6.46704958049002,6.52734244665914
976,Oracle,1340,5,Additive0.015,174200,130,13,6.57874267718892,6.59097646015235,6.60874267718892,,6.52910439400264,6.4753866633427,6.56859603883894,6.46714062367013,6.52800760387304
976,Oracle Vector,1340,5,Additive0.015,2741640,2466,23,6.58249646987334,6.59097646015235,6.61249646987334,,6.52910439400264,6.4753866633427,6.56859603883894,6.46714062367013,6.52800760387305
976,Value,1340,5,Additive0.015,779622,3864,58,6.57506300695515,6.59097646015235,6.60506300695515,,6.52910439400264,6.4753866633427,6.56859603883894,6.46714062367013,6.52800760387305
976,Vector,1340,5,Additive0.015,3406280,3040,32,6.58249646987334,6.59097646015235,6.61249646987334,,6.52910439400264,6.4753866633427,6.56859603883894,6.46714062367013,6.52800760387305
976,Dist L1,1340,5,Additive0.015,806384,3845,60,6.57506300695515,6.59097646015235,6.60506300695515,,6.52910439400264,6.47538666334271,6.56859603883894,6.46714062367013,6.52800760387305
977,Oracle,1340,5,Additive0.015,174200,130,13,6.57874267718892,6.59120306496018,6.60874267718892,,6.52901798881572,6.47546890836342,6.56933245363356,6.46684036210256,6.52824237691948
977,Oracle Vector,1340,5,Additive0.015,2741640,2466,23,6.58249646987334,6.59120306496018,6.61249646987334,,6.52901798881572,6.47546890836342,6.56933245363356,6.46684036210256,6.52824237691948
977,Value,1340,5,Additive0.015,779626,3869,58,6.57506300695515,6.59120306496018,6.60506300695515,,6.52901798881572,6.47546890836342,6.56933245363357,6.46684036210256,6.52824237691948
977,Vector,1340,5,Additive0.015,3411640,3045,32,6.58249646987334,6.59120306496018,6.61249646987334,,6.52901798881572,6.47546890836342,6.56933245363357,6.46684036210256,6.52824237691948
977,Dist L1,1340,5,Additive0.015,806388,3850,60,6.57506300695515,6.59120306496018,6.60506300695515,,6.52901798881572,6.47546890836342,6.56933245363357,6.46684036210256,6.52824237691948
978,Oracle,1340,5,Additive0.015,174200,130,13,6.57874267718892,6.59159475003431,6.60874267718892,,6.52888749136347,6.47581607041427,6.56925622922401,6.46712125112488,6.53001119577475
978,Oracle Vector,1340,5,Additive0.015,2741640,2466,23,6.58249646987334,6.59159475003431,6.61249646987334,,6.52888749136347,6.47581607041427,6.56925622922401,6.46712125112488,6.53001119577475
978,Value,1340,5,Additive0.015,779626,3869,58,6.57506300695515,6.59159475003431,6.60506300695515,,6.52888749136347,6.47581607041427,6.56925622922401,6.46712125112488,6.53001119577475
978,Vector,1340,5,Additive0.015,3411640,3045,32,6.58249646987334,6.59159475003431,6.61249646987334,,6.52888749136347,6.47581607041427,6.56925622922401,6.46712125112488,6.53001119577475
978,Dist L1,1340,5,Additive0.015,806388,3850,60,6.57506300695515,6.59159475003431,6.60506300695515,,6.52888749136347,6.47581607041427,6.56925622922401,6.46712125112488,6.53001119577475
979,Oracle,1340,5,Additive0.015,174200,130,13,6.57874267718892,6.59238519843643,6.60874267718892,,6.52900632875987,6.47698215438665,6.57094008036278,6.46732424325486,6.53009605130921
979,Oracle Vector,1340,5,Additive0.015,2741640,2466,23,6.58249646987334,6.59238519843644,6.61249646987334,,6.52900632875987,6.47698215438665,6.57094008036278,6.46732424325486,6.53009605130921
979,Vector,1340,5,Additive0.015,3411640,3045,32,6.58249646987334,6.59238519843644,6.61249646987334,,6.52900632875987,6.47698215438665,6.57094008036278,6.46732424325486,6.53009605130921
979,Value,1340,5,Additive0.015,779626,3869,58,6.57506300695515,6.59238519843644,6.60506300695515,,6.52900632875987,6.47698215438665,6.57094008036278,6.46732424325486,6.53009605130921
979,Dist L1,1340,5,Additive0.015,806388,3850,60,6.57506300695515,6.59238519843644,6.60506300695515,,6.52900632875987,6.47698215438665,6.57094008036278,6.46732424325486,6.53009605130921
980,Oracle,1340,5,Additive0.015,174200,130,13,6.57874267718892,6.59417125543037,6.60874267718892,,6.53074739218543,6.47895480988891,6.57248510270509,6.46893608752051,6.53191588240637
980,Oracle Vector,1340,5,Additive0.015,2741640,2466,23,6.58249646987334,6.59417125543037,6.61249646987334,,6.53074739218543,6.47895480988891,6.57248510270509,6.46893608752051,6.53191588240637
980,Value,1340,5,Additive0.015,779626,3869,58,6.57506300695515,6.59417125543037,6.60506300695515,,6.53074739218543,6.47895480988891,6.57248510270509,6.46893608752051,6.53191588240637
980,Vector,1340,5,Additive0.015,3411640,3045,32,6.58249646987334,6.59417125543037,6.61249646987334,,6.53074739218543,6.47895480988891,6.57248510270509,6.46893608752051,6.53191588240637
980,Dist L1,1340,5,Additive0.015,806388,3850,60,6.57506300695515,6.59417125543037,6.60506300695515,,6.53074739218543,6.47895480988891,6.57248510270509,6.46893608752051,6.53191588240637
981,Oracle,1340,5,Additive0.015,174200,130,13,6.57874267718892,6.59463039977555,6.60874267718892,,6.53095317792729,6.4783649943832,6.57411867728698,6.46922228458489,6.53307078574435
981,Oracle Vector,1340,5,Additive0.015,2741640,2466,23,6.58249646987334,6.59463039977555,6.61249646987334,,6.53095317792729,6.4783649943832,6.57411867728698,6.46922228458489,6.53307078574434
981,Value,1340,5,Additive0.015,779626,3869,58,6.57506300695515,6.59463039977555,6.60506300695515,,6.53095317792729,6.4783649943832,6.57411867728698,6.46922228458489,6.53307078574434
981,Vector,1340,5,Additive0.015,3411640,3045,32,6.58249646987334,6.59463039977555,6.61249646987334,,6.53095317792729,6.4783649943832,6.57411867728698,6.46922228458489,6.53307078574434
981,Dist L1,1340,5,Additive0.015,806388,3850,60,6.57506300695515,6.59463039977555,6.60506300695515,,6.53095317792729,6.4783649943832,6.57411867728698,6.46922228458489,6.53307078574434
982,Oracle,1340,5,Additive0.015,174200,130,13,6.57874267718892,6.59527183657173,6.60874267718892,,6.53116713730242,6.47886707032074,6.57522518167185,6.46980732467142,6.53302017783109
982,Oracle Vector,1340,5,Additive0.015,2747000,2471,23,6.58249646987334,6.59527183657173,6.61249646987334,,6.53116713730242,6.47886707032074,6.57522518167186,6.46980732467142,6.53302017783109
982,Value,1340,5,Additive0.015,779626,3869,58,6.57506300695515,6.59527183657173,6.60506300695515,,6.53116713730242,6.47886707032074,6.57522518167185,6.46980732467142,6.53302017783109
982,Vector,1340,5,Additive0.015,3417000,3050,32,6.58249646987334,6.59527183657173,6.61249646987334,,6.53116713730242,6.47886707032074,6.57522518167185,6.46980732467142,6.53302017783109
982,Dist L1,1340,5,Additive0.015,806388,3850,60,6.57506300695515,6.59527183657173,6.60506300695515,,6.53116713730242,6.47886707032074,6.57522518167185,6.46980732467142,6.53302017783109
983,Oracle,1340,5,Additive0.015,174200,130,13,6.57874267718892,6.59573894923936,6.60874267718892,,6.53112383709822,6.47963625768346,6.5750071467142,6.46969159167009,6.53346701513126
983,Oracle Vector,1340,5,Additive0.015,2747000,2471,23,6.58249646987334,6.59573894923936,6.61249646987334,,6.53112383709823,6.47963625768346,6.5750071467142,6.46969159167009,6.53346701513126
983,Value,1340,5,Additive0.015,779636,3882,58,6.57506300695515,6.59573894923936,6.60506300695515,,6.53112383709823,6.47963625768346,6.5750071467142,6.46969159167009,6.53346701513126
983,Vector,1340,5,Additive0.015,3417000,3050,32,6.58249646987334,6.59573894923936,6.61249646987334,,6.53112383709823,6.47963625768346,6.5750071467142,6.46969159167009,6.53346701513126
983,Dist L1,1340,5,Additive0.015,806396,3860,60,6.57506300695515,6.59573894923936,6.60506300695515,,6.53112383709823,6.47963625768346,6.5750071467142,6.46969159167009,6.53346701513126
984,Oracle,1340,5,Additive0.015,174200,130,13,6.57874267718892,6.59586351609397,6.60874267718892,,6.53010258225725,6.47893116377807,6.57586775190709,6.47095249793159,6.53339047625021
984,Oracle Vector,1340,5,Additive0.015,2747000,2471,23,6.58249646987334,6.59586351609397,6.61249646987334,,6.53010258225725,6.47893116377807,6.57586775190709,6.47095249793159,6.53339047625021
984,Value,1340,5,Additive0.015,779636,3882,58,6.57506300695515,6.59586351609397,6.60506300695515,,6.53010258225725,6.47893116377807,6.57586775190709,6.47095249793159,6.53339047625021
984,Vector,1340,5,Additive0.015,3417000,3050,32,6.58249646987334,6.59586351609397,6.61249646987334,,6.53010258225725,6.47893116377807,6.57586775190709,6.47095249793159,6.53339047625021
984,Dist L1,1340,5,Additive0.015,806404,3870,60,6.57506300695515,6.59586351609396,6.60506300695515,,6.53010258225725,6.47893116377807,6.57586775190709,6.47095249793159,6.53339047625021
985,Oracle,1340,5,Additive0.015,174200,130,13,6.57874267718892,6.59649189945936,6.60874267718892,,6.52989401029465,6.47933528470749,6.57706329559058,6.4722115875766,6.53368397025859
985,Oracle Vector,1340,5,Additive0.015,2747000,2471,23,6.58249646987334,6.59649189945936,6.61249646987334,,6.52989401029465,6.47933528470749,6.57706329559058,6.47221158757659,6.53368397025859
985,Value,1340,5,Additive0.015,779636,3882,58,6.57506300695515,6.59649189945936,6.60506300695515,,6.52989401029465,6.47933528470749,6.57706329559058,6.47221158757659,6.53368397025859
985,Vector,1340,5,Additive0.015,3417000,3050,32,6.58249646987334,6.59649189945936,6.61249646987334,,6.52989401029465,6.47933528470749,6.57706329559058,6.47221158757659,6.53368397025859
985,Dist L1,1340,5,Additive0.015,806408,3875,60,6.57506300695515,6.59649189945936,6.60506300695515,,6.52989401029465,6.47933528470749,6.57706329559058,6.47221158757659,6.53368397025859
986,Oracle,1340,5,Additive0.015,174200,130,13,6.57874267718892,6.59664169837807,6.60874267718892,,6.5301565023703,6.47912666358177,6.5770001850917,6.47292353884688,6.53432051455769
986,Oracle Vector,1340,5,Additive0.015,2747000,2471,23,6.58249646987334,6.59664169837807,6.61249646987334,,6.53015650237031,6.47912666358177,6.57700018509171,6.47292353884689,6.53432051455769
986,Value,1340,5,Additive0.015,779636,3882,58,6.57506300695515,6.59664169837807,6.60506300695515,,6.53015650237031,6.47912666358177,6.5770001850917,6.47292353884689,6.53432051455769
986,Vector,1340,5,Additive0.015,3422360,3055,32,6.58249646987334,6.59664169837807,6.61249646987334,,6.53015650237031,6.47912666358177,6.57700018509171,6.47292353884689,6.53432051455769
986,Dist L1,1340,5,Additive0.015,806412,3880,60,6.57506300695515,6.59664169837807,6.60506300695515,,6.53015650237031,6.47912666358177,6.5770001850917,6.47292353884689,6.53432051455769
987,Oracle,1340,5,Additive0.015,174200,130,13,6.57874267718892,6.59662227533274,6.60874267718892,,6.53014880730106,6.47908230259598,6.57741512654477,6.47296347462717,6.5343472427961
987,Oracle Vector,1340,5,Additive0.015,2747000,2471,23,6.58249646987334,6.59662227533274,6.61249646987334,,6.53014880730106,6.47908230259598,6.57741512654477,6.47296347462717,6.5343472427961
987,Value,1340,5,Additive0.015,779640,3887,58,6.57506300695515,6.59662227533274,6.60506300695515,,6.53014880730106,6.47908230259598,6.57741512654477,6.47296347462717,6.5343472427961
987,Vector,1340,5,Additive0.015,3422360,3055,32,6.58249646987334,6.59662227533274,6.61249646987334,,6.53014880730106,6.47908230259598,6.57741512654477,6.47296347462717,6.5343472427961
987,Dist L1,1340,5,Additive0.015,806420,3890,60,6.57506300695515,6.59662227533274,6.60506300695515,,6.53014880730106,6.47908230259598,6.57741512654477,6.47296347462717,6.5343472427961
988,Oracle,1340,5,Additive0.015,174200,130,13,6.57874267718892,6.59588519143186,6.60874267718892,,6.52923527925072,6.47796366847964,6.57740468619863,6.47280930837138,6.53364733070958
988,Oracle Vector,1340,5,Additive0.015,2747000,2471,23,6.58249646987334,6.59588519143186,6.61249646987334,,6.52923527925072,6.47796366847964,6.57740468619863,6.47280930837138,6.53364733070958
988,Vector,1340,5,Additive0.015,3422360,3055,32,6.58249646987334,6.59588519143186,6.61249646987334,,6.52923527925072,6.47796366847964,6.57740468619863,6.47280930837138,6.53364733070958
988,Value,1340,5,Additive0.015,779644,3892,58,6.57506300695515,6.59588519143186,6.60506300695515,,6.52923527925072,6.47796366847964,6.57740468619863,6.47280930837138,6.53364733070958
988,Dist L1,1340,5,Additive0.015,806424,3895,60,6.57506300695515,6.59588519143186,6.60506300695515,,6.52923527925072,6.47796366847964,6.57740468619863,6.47280930837138,6.53364733070958
989,Oracle,1340,5,Additive0.015,174200,130,13,6.57874267718892,6.59564611505056,6.60874267718892,,6.52980198129934,6.47763822369648,6.5764610151921,6.47239180027074,6.53374000673745
989,Oracle Vector,1340,5,Additive0.015,2747000,2471,23,6.58249646987334,6.59564611505056,6.61249646987334,,6.52980198129934,6.47763822369648,6.5764610151921,6.47239180027074,6.53374000673746
989,Value,1340,5,Additive0.015,779648,3897,58,6.57506300695515,6.59564611505056,6.60506300695515,,6.52980198129934,6.47763822369648,6.5764610151921,6.47239180027074,6.53374000673746
989,Vector,1340,5,Additive0.015,3427720,3060,32,6.58249646987334,6.59564611505056,6.61249646987334,,6.52980198129934,6.47763822369648,6.5764610151921,6.47239180027074,6.53374000673746
989,Dist L1,1340,5,Additive0.015,806428,3900,60,6.57506300695515,6.59564611505056,6.60506300695515,,6.52980198129934,6.47763822369648,6.5764610151921,6.47239180027074,6.53374000673745
990,Oracle,1340,5,Additive0.015,174200,130,13,6.57874267718892,6.59529473359264,6.60874267718892,,6.53028203032276,6.47621344163484,6.57605256090813,6.47289866248097,6.53363624468412
990,Oracle Vector,1340,5,Additive0.015,2747000,2471,23,6.58249646987334,6.59529473359265,6.61249646987334,,6.53028203032276,6.47621344163484,6.57605256090813,6.47289866248097,6.53363624468412
990,Value,1340,5,Additive0.015,779648,3897,58,6.57506300695515,6.59529473359264,6.60506300695515,,6.53028203032276,6.47621344163484,6.57605256090813,6.47289866248097,6.53363624468412
990,Vector,1340,5,Additive0.015,3427720,3060,32,6.58249646987334,6.59529473359265,6.61249646987334,,6.53028203032276,6.47621344163484,6.57605256090813,6.47289866248097,6.53363624468412
990,Dist L1,1340,5,Additive0.015,806428,3900,60,6.57506300695515,6.59529473359265,6.60506300695515,,6.53028203032276,6.47621344163484,6.57605256090813,6.47289866248097,6.53363624468412
991,Oracle,1340,5,Additive0.015,174200,130,13,6.57874267718892,6.59532951166139,6.60874267718892,,6.5314606736385,6.47693116416706,6.57597778119003,6.47323369348776,6.53254943875961
991,Oracle Vector,1340,5,Additive0.015,2747000,2471,23,6.58249646987334,6.59532951166139,6.61249646987334,,6.5314606736385,6.47693116416706,6.57597778119003,6.47323369348776,6.53254943875961
991,Vector,1340,5,Additive0.015,3427720,3060,32,6.58249646987334,6.59532951166139,6.61249646987334,,6.5314606736385,6.47693116416706,6.57597778119003,6.47323369348776,6.53254943875961
991,Value,1340,5,Additive0.015,779648,3897,58,6.57506300695515,6.59532951166139,6.60506300695515,,6.5314606736385,6.47693116416706,6.57597778119003,6.47323369348776,6.53254943875961
991,Dist L1,1340,5,Additive0.015,806432,3905,60,6.57506300695515,6.59532951166139,6.60506300695515,,6.5314606736385,6.47693116416706,6.57597778119003,6.47323369348776,6.53254943875961
992,Oracle,1340,5,Additive0.015,174200,130,13,6.57874267718892,6.59571812916619,6.60874267718892,,6.53150450906894,6.47706881305926,6.57626930658423,6.47450414768913,6.5324333527545
992,Oracle Vector,1340,5,Additive0.015,2747000,2471,23,6.58249646987334,6.59571812916619,6.61249646987334,,6.53150450906894,6.47706881305926,6.57626930658423,6.47450414768913,6.5324333527545
992,Vector,1340,5,Additive0.015,3427720,3060,32,6.58249646987334,6.59571812916619,6.61249646987334,,6.53150450906894,6.47706881305926,6.57626930658423,6.47450414768914,6.5324333527545
992,Value,1340,5,Additive0.015,779648,3897,58,6.57506300695515,6.59571812916619,6.60506300695515,,6.53150450906894,6.47706881305926,6.57626930658423,6.47450414768914,6.5324333527545
992,Dist L1,1340,5,Additive0.015,806432,3905,60,6.57506300695515,6.59571812916619,6.60506300695515,,6.53150450906894,6.47706881305926,6.57626930658423,6.47450414768914,6.5324333527545
993,Oracle,1340,5,Additive0.015,174200,130,13,6.57874267718892,6.5963236304552,6.60874267718892,,6.53136468916404,6.47678111170393,6.57679275249656,6.47556325736353,6.53387626422474
993,Oracle Vector,1340,5,Additive0.015,2747000,2471,23,6.58249646987334,6.5963236304552,6.61249646987334,,6.53136468916405,6.47678111170393,6.57679275249656,6.47556325736353,6.53387626422474
993,Value,1340,5,Additive0.015,779648,3897,58,6.57506300695515,6.5963236304552,6.60506300695515,,6.53136468916405,6.47678111170393,6.57679275249656,6.47556325736353,6.53387626422474
993,Vector,1340,5,Additive0.015,3427720,3060,32,6.58249646987334,6.5963236304552,6.61249646987334,,6.53136468916405,6.47678111170393,6.57679275249656,6.47556325736353,6.53387626422474
993,Dist L1,1340,5,Additive0.015,806436,3910,60,6.57506300695515,6.5963236304552,6.60506300695515,,6.53136468916405,6.47678111170393,6.57679275249656,6.47556325736353,6.53387626422474
994,Oracle,1340,5,Additive0.015,174200,130,13,6.57874267718892,6.59679071315338,6.60874267718892,,6.53159037115434,6.47675191490463,6.57758910235005,6.4757197923513,6.53345579411531
994,Oracle Vector,1340,5,Additive0.015,2752360,2476,23,6.58249646987334,6.59679071315339,6.61249646987334,,6.53159037115434,6.47675191490463,6.57758910235005,6.47571979235131,6.53345579411531
994,Value,1340,5,Additive0.015,779656,3907,58,6.57506300695515,6.59679071315339,6.60506300695515,,6.53159037115434,6.47675191490463,6.57758910235005,6.47571979235131,6.53345579411531
994,Vector,1340,5,Additive0.015,3427720,3060,32,6.58249646987334,6.59679071315339,6.61249646987334,,6.53159037115434,6.47675191490463,6.57758910235005,6.47571979235131,6.53345579411531
994,Dist L1,1340,5,Additive0.015,806446,3923,60,6.57506300695515,6.59679071315339,6.60506300695515,,6.53159037115434,6.47675191490464,6.57758910235005,6.47571979235131,6.53345579411531
995,Oracle,1340,5,Additive0.015,174200,130,13,6.57874267718892,6.59731243956647,6.60874267718892,,6.53190523691626,6.47730836196758,6.57878564876956,6.47600863149211,6.53374645279871
995,Oracle Vector,1340,5,Additive0.015,2752360,2476,23,6.58249646987334,6.59731243956647,6.61249646987334,,6.53190523691626,6.47730836196758,6.57878564876956,6.4760086314921,6.53374645279872
995,Vector,1340,5,Additive0.015,3427720,3060,32,6.58249646987334,6.59731243956647,6.61249646987334,,6.53190523691626,6.47730836196758,6.57878564876956,6.4760086314921,6.53374645279872
995,Value,1340,5,Additive0.015,779660,3912,58,6.57506300695515,6.59731243956647,6.60506300695515,,6.53190523691626,6.47730836196758,6.57878564876956,6.4760086314921,6.53374645279872
995,Dist L1,1340,5,Additive0.015,806446,3923,60,6.57506300695515,6.59731243956647,6.60506300695515,,6.53190523691626,6.47730836196758,6.57878564876956,6.4760086314921,6.53374645279872
996,Oracle,1340,5,Additive0.015,174200,130,13,6.57874267718892,6.59748571849115,6.60874267718892,,6.53193419899229,6.47764591002143,6.57880422670893,6.47684049835572,6.53277255631242
996,Oracle Vector,1340,5,Additive0.015,2752360,2476,23,6.58249646987334,6.59748571849115,6.61249646987334,,6.53193419899229,6.47764591002143,6.57880422670894,6.47684049835573,6.53277255631242
996,Value,1340,5,Additive0.015,779666,3920,58,6.57506300695515,6.59748571849115,6.60506300695515,,6.53193419899229,6.47764591002143,6.57880422670893,6.47684049835573,6.53277255631242
996,Vector,1340,5,Additive0.015,3427720,3060,32,6.58249646987334,6.59748571849115,6.61249646987334,,6.53193419899229,6.47764591002143,6.57880422670893,6.47684049835573,6.53277255631242
996,Dist L1,1340,5,Additive0.015,806456,3935,60,6.57506300695515,6.59748571849115,6.60506300695515,,6.53193419899229,6.47764591002143,6.57880422670893,6.47684049835573,6.53277255631242
997,Oracle,1340,5,Additive0.015,174200,130,13,6.57874267718892,6.59738827826626,6.60874267718892,,6.53200343928385,6.47718352214331,6.57839192252757,6.47686185119401,6.53252654539341
997,Oracle Vector,1340,5,Additive0.015,2752360,2476,23,6.58249646987334,6.59738827826626,6.61249646987334,,6.53200343928385,6.47718352214331,6.57839192252757,6.47686185119401,6.53252654539341
997,Value,1340,5,Additive0.015,779670,3925,58,6.57506300695515,6.59738827826626,6.60506300695515,,6.53200343928385,6.47718352214331,6.57839192252757,6.47686185119401,6.53252654539341
997,Vector,1340,5,Additive0.015,3427720,3060,32,6.58249646987334,6.59738827826626,6.61249646987334,,6.53200343928385,6.47718352214331,6.57839192252757,6.47686185119401,6.53252654539341
997,Dist L1,1340,5,Additive0.015,806464,3945,60,6.57506300695515,6.59738827826626,6.60506300695515,,6.53200343928385,6.47718352214331,6.57839192252757,6.47686185119401,6.53252654539341
998,Oracle,1340,5,Additive0.015,174200,130,13,6.57874267718892,6.59675314249784,6.60874267718892,,6.53019947607827,6.47546865288012,6.57784021807536,6.47859605045541,6.53245242104366
998,Oracle Vector,1340,5,Additive0.015,2752360,2476,23,6.58249646987334,6.59675314249783,6.61249646987334,,6.53019947607827,6.47546865288012,6.57784021807536,6.47859605045541,6.53245242104366
998,Value,1340,5,Additive0.015,779670,3925,58,6.57506300695515,6.59675314249783,6.60506300695515,,6.53019947607827,6.47546865288012,6.57784021807536,6.47859605045541,6.53245242104366
998,Vector,1340,5,Additive0.015,3433080,3065,32,6.58249646987334,6.59675314249783,6.61249646987334,,6.53019947607827,6.47546865288012,6.57784021807536,6.47859605045541,6.53245242104366
998,Dist L1,1340,5,Additive0.015,806474,3957,60,6.57506300695515,6.59675314249783,6.60506300695515,,6.53019947607827,6.47546865288012,6.57784021807536,6.47859605045541,6.53245242104366
999,Oracle,1340,5,Additive0.015,174200,130,13,6.57874267718892,6.59714509410653,6.60874267718892,,6.52987945382722,6.47606671248499,6.57920186589727,6.47932736335072,6.53173453236811
999,Oracle Vector,1340,5,Additive0.015,2757720,2481,23,6.58249646987334,6.59714509410653,6.61249646987334,,6.52987945382722,6.47606671248499,6.57920186589727,6.47932736335072,6.53173453236811
999,Value,1340,5,Additive0.015,779684,3942,58,6.57506300695515,6.59714509410653,6.60506300695515,,6.52987945382722,6.47606671248499,6.57920186589727,6.47932736335072,6.53173453236811
999,Vector,1340,5,Additive0.015,3443800,3075,32,6.58249646987334,6.59714509410653,6.61249646987334,,6.52987945382722,6.47606671248499,6.57920186589728,6.47932736335072,6.53173453236811
999,Dist L1,1340,5,Additive0.015,806488,3975,60,6.57506300695515,6.59714509410653,6.60506300695515,,6.52987945382722,6.476066712485,6.57920186589727,6.47932736335072,6.53173453236811
1000,Oracle,1340,5,Additive0.015,174200,130,13,6.57874267718892,6.59731745732581,6.60874267718892,,6.52983113519736,6.47515118222359,6.58013876003113,6.48040423358193,6.53191910850125
1000,Vector,1340,5,Additive0.015,3443800,3075,32,6.58249646987334,6.59731745732581,6.61249646987334,,6.52983113519736,6.47515118222359,6.58013876003113,6.48040423358193,6.53191910850125
1000,Oracle Vector,1340,5,Additive0.015,2757720,2481,23,6.58249646987334,6.59731745732581,6.61249646987334,,6.52983113519736,6.47515118222359,6.58013876003113,6.48040423358193,6.53191910850125
1000,Value,1340,5,Additive0.015,779700,3962,58,6.57506300695515,6.59731745732581,6.60506300695515,,6.52983113519736,6.47515118222359,6.58013876003113,6.48040423358193,6.53191910850125
1000,Dist L1,1340,5,Additive0.015,819893,3997,61,6.58231745732581,6.59731745732581,6.61231745732581,,6.52983113519736,6.47515118222359,6.58013876003113,6.48040423358193,6.53191910850125
1001,Oracle,1340,5,Additive0.015,174200,130,13,6.57874267718892,6.59800196188368,6.60874267718892,,6.52994268683957,6.47607916991464,6.58058938353647,6.48096479902011,6.53253599592104
1001,Oracle Vector,1340,5,Additive0.015,2757720,2481,23,6.58249646987334,6.59800196188368,6.61249646987334,,6.52994268683957,6.47607916991464,6.58058938353647,6.48096479902011,6.53253599592104
1001,Vector,1340,5,Additive0.015,3443800,3075,32,6.58249646987334,6.59800196188368,6.61249646987334,,6.52994268683957,6.47607916991464,6.58058938353647,6.48096479902011,6.53253599592104
1001,Value,1340,5,Additive0.015,793113,3994,59,6.58300196188368,6.59800196188368,6.61300196188368,,6.52994268683957,6.47607916991464,6.58058938353647,6.48096479902011,6.53253599592104
1001,Dist L1,1340,5,Additive0.015,819893,3997,61,6.58231745732581,6.59800196188368,6.61231745732581,,6.52994268683957,6.47607916991464,6.58058938353647,6.48096479902011,6.53253599592104
1002,Oracle,1340,5,Additive0.015,174200,130,13,6.57874267718892,6.59768439323547,6.60874267718892,,6.53015694640539,6.4751569847309,6.57890223978057,6.47869974388324,6.53088575917675
1002,Oracle Vector,1340,5,Additive0.015,2763080,2486,23,6.58249646987334,6.59768439323547,6.61249646987334,,6.53015694640539,6.4751569847309,6.57890223978056,6.47869974388324,6.53088575917675
1002,Value,1340,5,Additive0.015,793113,3994,59,6.58300196188368,6.59768439323547,6.61300196188368,,6.53015694640539,6.4751569847309,6.57890223978056,6.47869974388324,6.53088575917675
1002,Vector,1340,5,Additive0.015,3454520,3085,32,6.58249646987334,6.59768439323547,6.61249646987334,,6.53015694640539,6.4751569847309,6.57890223978056,6.47869974388324,6.53088575917675
1002,Dist L1,1340,5,Additive0.015,819893,3997,61,6.58231745732581,6.59768439323547,6.61231745732581,,6.53015694640539,6.4751569847309,6.57890223978056,6.47869974388324,6.53088575917675
1003,Oracle,1340,5,Additive0.015,174200,130,13,6.57874267718892,6.5988655351341,6.60874267718892,,6.53039535135277,6.47709129089645,6.57962736650074,6.47983373973028,6.53184609391491
1003,Value,1340,5,Additive0.015,793113,3994,59,6.58300196188368,6.59886553513409,6.61300196188368,,6.53039535135277,6.47709129089645,6.57962736650074,6.47983373973028,6.5318460939149
1003,Oracle Vector,1340,5,Additive0.015,2768440,2491,23,6.58249646987334,6.5988655351341,6.61249646987334,,6.53039535135277,6.47709129089645,6.57962736650074,6.47983373973028,6.5318460939149
1003,Vector,1340,5,Additive0.015,3465240,3095,32,6.58249646987334,6.59886553513409,6.61249646987334,,6.53039535135277,6.47709129089645,6.57962736650074,6.47983373973028,6.5318460939149
1003,Dist L1,1340,5,Additive0.015,819893,3997,61,6.58231745732581,6.5988655351341,6.61231745732581,,6.53039535135277,6.47709129089645,6.57962736650074,6.47983373973028,6.5318460939149
1004,Oracle,1340,5,Additive0.015,174200,130,13,6.57874267718892,6.59991359016061,6.60874267718892,,6.53074806266937,6.47916029565827,6.58039750779152,6.48018002254214,6.53190021511024
1004,Oracle Vector,1340,5,Additive0.015,2779160,2501,23,6.58249646987334,6.59991359016061,6.61249646987334,,6.53074806266937,6.47916029565827,6.58039750779153,6.48018002254214,6.53190021511024
1004,Value,1340,5,Additive0.015,793113,3994,59,6.58300196188368,6.59991359016061,6.61300196188368,,6.53074806266937,6.47916029565827,6.58039750779153,6.48018002254214,6.53190021511024
1004,Vector,1340,5,Additive0.015,3465240,3095,32,6.58249646987334,6.59991359016061,6.61249646987334,,6.53074806266937,6.47916029565827,6.58039750779152,6.48018002254214,6.53190021511024
1004,Dist L1,1340,5,Additive0.015,819893,3997,61,6.58231745732581,6.59991359016061,6.61231745732581,,6.53074806266937,6.47916029565827,6.58039750779152,6.48018002254214,6.53190021511024
1005,Oracle,1340,5,Additive0.015,174200,130,13,6.57874267718892,6.60114845010383,6.60874267718892,,6.53094653296202,6.48013252121815,6.58108489870331,6.48191523167875,6.53228217825634
1005,Vector,1340,5,Additive0.015,3465240,3095,32,6.58249646987334,6.60114845010383,6.61249646987334,,6.53094653296202,6.48013252121816,6.58108489870331,6.48191523167875,6.53228217825634
1005,Value,1340,5,Additive0.015,793113,3994,59,6.58300196188368,6.60114845010383,6.61300196188368,,6.53094653296202,6.48013252121816,6.58108489870331,6.48191523167875,6.53228217825634
1005,Oracle Vector,1340,5,Additive0.015,2792560,2513,23,6.58249646987334,6.60114845010383,6.61249646987334,,6.53094653296202,6.48013252121816,6.58108489870331,6.48191523167875,6.53228217825634
1005,Dist L1,1340,5,Additive0.015,819893,3997,61,6.58231745732581,6.60114845010383,6.61231745732581,,6.53094653296202,6.48013252121816,6.58108489870331,6.48191523167875,6.53228217825634
1006,Oracle,1340,5,Additive0.015,174200,130,13,6.57874267718892,6.60263773009419,6.60874267718892,,6.53302668054337,6.48094475984179,6.58218293241163,6.48298797675696,6.53264435089541
1006,Value,1340,5,Additive0.015,793113,3994,59,6.58300196188368,6.60263773009419,6.61300196188368,,6.53302668054337,6.48094475984179,6.58218293241163,6.48298797675696,6.53264435089541
1006,Oracle Vector,1340,5,Additive0.015,2805960,2524,24,6.58763773009419,6.60263773009419,6.61763773009419,,6.53302668054337,6.48094475984179,6.58218293241163,6.48298797675696,6.53264435089541
1006,Vector,1340,5,Additive0.015,3478640,3108,33,6.58763773009419,6.60263773009419,6.61763773009419,,6.53302668054337,6.48094475984179,6.58218293241163,6.48298797675696,6.53264435089541
1006,Dist L1,1340,5,Additive0.015,819893,3997,61,6.58231745732581,6.60263773009419,6.61231745732581,,6.53302668054337,6.48094475984179,6.58218293241163,6.48298797675696,6.53264435089541
1007,Oracle,1340,5,Additive0.015,174200,130,13,6.57874267718892,6.60286051233744,6.60874267718892,,6.53204997383285,6.48076950405185,6.58311231367867,6.48337762118233,6.53319149869191
1007,Oracle Vector,1340,5,Additive0.015,2805960,2524,24,6.58763773009419,6.60286051233744,6.61763773009419,,6.53204997383285,6.48076950405185,6.58311231367867,6.48337762118233,6.53319149869191
1007,Value,1340,5,Additive0.015,793113,3994,59,6.58300196188368,6.60286051233744,6.61300196188368,,6.53204997383285,6.48076950405185,6.58311231367867,6.48337762118233,6.5331914986919
1007,Vector,1340,5,Additive0.015,3478640,3108,33,6.58763773009419,6.60286051233744,6.61763773009419,,6.53204997383285,6.48076950405185,6.58311231367867,6.48337762118233,6.53319149869191
1007,Dist L1,1340,5,Additive0.015,819893,3997,61,6.58231745732581,6.60286051233744,6.61231745732581,,6.53204997383285,6.48076950405185,6.58311231367867,6.48337762118233,6.53319149869191
1008,Oracle,1340,5,Additive0.015,174200,130,13,6.57874267718892,6.60285946184776,6.60874267718892,,6.53034059323593,6.48055215860171,6.58354020832416,6.48450332723894,6.53365084798324
1008,Oracle Vector,1340,5,Additive0.015,2805960,2524,24,6.58763773009419,6.60285946184776,6.61763773009419,,6.53034059323593,6.48055215860171,6.58354020832415,6.48450332723894,6.53365084798324
1008,Vector,1340,5,Additive0.015,3478640,3108,33,6.58763773009419,6.60285946184776,6.61763773009419,,6.53034059323593,6.48055215860171,6.58354020832416,6.48450332723894,6.53365084798324
1008,Value,1340,5,Additive0.015,793113,3994,59,6.58300196188368,6.60285946184776,6.61300196188368,,6.53034059323593,6.48055215860171,6.58354020832416,6.48450332723895,6.53365084798324
1008,Dist L1,1340,5,Additive0.015,819893,3997,61,6.58231745732581,6.60285946184776,6.61231745732581,,6.53034059323593,6.48055215860171,6.58354020832416,6.48450332723895,6.53365084798324
1009,Oracle,1340,5,Additive0.015,174200,130,13,6.57874267718892,6.60295788148977,6.60874267718892,,6.52995956510509,6.48126981133629,6.58323668596078,6.4843508410254,6.53389993659371
1009,Oracle Vector,1340,5,Additive0.015,2805960,2524,24,6.58763773009419,6.60295788148977,6.61763773009419,,6.52995956510509,6.48126981133629,6.58323668596078,6.4843508410254,6.53389993659371
1009,Vector,1340,5,Additive0.015,3478640,3108,33,6.58763773009419,6.60295788148977,6.61763773009419,,6.52995956510509,6.48126981133629,6.58323668596078,6.4843508410254,6.53389993659371
1009,Value,1340,5,Additive0.015,793113,3994,59,6.58300196188368,6.60295788148977,6.61300196188368,,6.52995956510509,6.48126981133629,6.58323668596078,6.4843508410254,6.53389993659371
1009,Dist L1,1340,5,Additive0.015,819893,3997,61,6.58231745732581,6.60295788148977,6.61231745732581,,6.52995956510509,6.48126981133629,6.58323668596078,6.4843508410254,6.53389993659371
1010,Oracle,1340,5,Additive0.015,174200,130,13,6.57874267718892,6.60243715998789,6.60874267718892,,6.52889735553444,6.48072781268024,6.58188533286956,6.48409677792691,6.53480681992919
1010,Oracle Vector,1340,5,Additive0.015,2805960,2524,24,6.58763773009419,6.60243715998789,6.61763773009419,,6.52889735553444,6.48072781268024,6.58188533286956,6.48409677792691,6.53480681992919
1010,Value,1340,5,Additive0.015,793113,3994,59,6.58300196188368,6.60243715998789,6.61300196188368,,6.52889735553444,6.48072781268024,6.58188533286956,6.48409677792691,6.53480681992919
1010,Vector,1340,5,Additive0.015,3478640,3108,33,6.58763773009419,6.60243715998789,6.61763773009419,,6.52889735553444,6.48072781268024,6.58188533286956,6.48409677792691,6.53480681992919
1010,Dist L1,1340,5,Additive0.015,819897,4002,61,6.58231745732581,6.60243715998789,6.61231745732581,,6.52889735553444,6.48072781268024,6.58188533286956,6.48409677792691,6.53480681992919
1011,Oracle,1340,5,Additive0.015,174200,130,13,6.57874267718892,6.60219466786589,6.60874267718892,,6.52772594764985,6.48019729047964,6.58211853797955,6.48396569871025,6.5351356565418
1011,Oracle Vector,1340,5,Additive0.015,2805960,2524,24,6.58763773009419,6.60219466786589,6.61763773009419,,6.52772594764985,6.48019729047965,6.58211853797955,6.48396569871025,6.5351356565418
1011,Value,1340,5,Additive0.015,793117,3999,59,6.58300196188368,6.60219466786589,6.61300196188368,,6.52772594764985,6.48019729047964,6.58211853797955,6.48396569871025,6.5351356565418
1011,Vector,1340,5,Additive0.015,3478640,3108,33,6.58763773009419,6.60219466786589,6.61763773009419,,6.52772594764985,6.48019729047964,6.58211853797955,6.48396569871025,6.5351356565418
1011,Dist L1,1340,5,Additive0.015,819901,4007,61,6.58231745732581,6.60219466786589,6.61231745732581,,6.52772594764985,6.48019729047964,6.58211853797955,6.48396569871025,6.5351356565418
1012,Oracle,1340,5,Additive0.015,174200,130,13,6.57874267718892,6.60221331765183,6.60874267718892,,6.52676347830117,6.48004644331501,6.58203614783014,6.48375985410307,6.53540680250055
1012,Oracle Vector,1340,5,Additive0.015,2805960,2524,24,6.58763773009419,6.60221331765183,6.61763773009419,,6.52676347830117,6.48004644331501,6.58203614783014,6.48375985410307,6.53540680250055
1012,Value,1340,5,Additive0.015,793121,4004,59,6.58300196188368,6.60221331765183,6.61300196188368,,6.52676347830117,6.48004644331501,6.58203614783014,6.48375985410307,6.53540680250055
1012,Vector,1340,5,Additive0.015,3478640,3108,33,6.58763773009419,6.60221331765183,6.61763773009419,,6.52676347830117,6.48004644331501,6.58203614783014,6.48375985410307,6.53540680250055
1012,Dist L1,1340,5,Additive0.015,819901,4007,61,6.58231745732581,6.60221331765183,6.61231745732581,,6.52676347830117,6.48004644331501,6.58203614783014,6.48375985410307,6.53540680250055
1013,Oracle,1340,5,Additive0.015,174200,130,13,6.57874267718892,6.60225904806578,6.60874267718892,,6.5263261254805,6.48064594148266,6.58177382073966,6.4835830084568,6.53589055126239
1013,Oracle Vector,1340,5,Additive0.015,2805960,2524,24,6.58763773009419,6.60225904806578,6.61763773009419,,6.5263261254805,6.48064594148266,6.58177382073966,6.4835830084568,6.53589055126239
1013,Vector,1340,5,Additive0.015,3478640,3108,33,6.58763773009419,6.60225904806578,6.61763773009419,,6.5263261254805,6.48064594148266,6.58177382073966,6.4835830084568,6.53589055126239
1013,Value,1340,5,Additive0.015,793121,4004,59,6.58300196188368,6.60225904806578,6.61300196188368,,6.5263261254805,6.48064594148266,6.58177382073966,6.4835830084568,6.53589055126239
1013,Dist L1,1340,5,Additive0.015,819901,4007,61,6.58231745732581,6.60225904806578,6.61231745732581,,6.5263261254805,6.48064594148266,6.58177382073966,6.4835830084568,6.53589055126239
1014,Oracle,1340,5,Additive0.015,174200,130,13,6.57874267718892,6.60250781356011,6.60874267718892,,6.52690885621759,6.48085717156621,6.58155078172443,6.48355771342411,6.53569499042593
1014,Oracle Vector,1340,5,Additive0.015,2805960,2524,24,6.58763773009419,6.60250781356011,6.61763773009419,,6.52690885621759,6.4808571715662,6.58155078172443,6.48355771342411,6.53569499042592
1014,Vector,1340,5,Additive0.015,3478640,3108,33,6.58763773009419,6.60250781356011,6.61763773009419,,6.52690885621759,6.48085717156621,6.58155078172443,6.48355771342411,6.53569499042592
1014,Value,1340,5,Additive0.015,793121,4004,59,6.58300196188368,6.60250781356011,6.61300196188368,,6.52690885621759,6.48085717156621,6.58155078172443,6.48355771342411,6.53569499042592
1014,Dist L1,1340,5,Additive0.015,819901,4007,61,6.58231745732581,6.60250781356011,6.61231745732581,,6.52690885621759,6.4808571715662,6.58155078172443,6.48355771342411,6.53569499042592
1015,Oracle,1340,5,Additive0.015,174200,130,13,6.57874267718892,6.60210083759458,6.60874267718892,,6.52636994675662,6.48022898388956,6.58134677160034,6.48323572521552,6.53574427583208
1015,Oracle Vector,1340,5,Additive0.015,2805960,2524,24,6.58763773009419,6.60210083759458,6.61763773009419,,6.52636994675662,6.48022898388955,6.58134677160034,6.48323572521552,6.53574427583208
1015,Value,1340,5,Additive0.015,793129,4014,59,6.58300196188368,6.60210083759458,6.61300196188368,,6.52636994675662,6.48022898388955,6.58134677160034,6.48323572521552,6.53574427583208
1015,Vector,1340,5,Additive0.015,3484000,3113,33,6.58763773009419,6.60210083759458,6.61763773009419,,6.52636994675662,6.48022898388955,6.58134677160034,6.48323572521553,6.53574427583208
1015,Dist L1,1340,5,Additive0.015,819901,4007,61,6.58231745732581,6.60210083759458,6.61231745732581,,6.52636994675662,6.48022898388955,6.58134677160034,6.48323572521552,6.53574427583208
1016,Oracle,1340,5,Additive0.015,174200,130,13,6.57874267718892,6.6016792142284,6.60874267718892,,6.52561150956782,6.47923904279,6.58142802975552,6.4836933787084,6.53573648156845
1016,Oracle Vector,1340,5,Additive0.015,2805960,2524,24,6.58763773009419,6.60167921422841,6.61763773009419,,6.52561150956782,6.47923904279,6.58142802975553,6.4836933787084,6.53573648156845
1016,Value,1340,5,Additive0.015,793133,4019,59,6.58300196188368,6.60167921422841,6.61300196188368,,6.52561150956782,6.47923904279,6.58142802975552,6.4836933787084,6.53573648156845
1016,Vector,1340,5,Additive0.015,3484000,3113,33,6.58763773009419,6.60167921422841,6.61763773009419,,6.52561150956782,6.47923904279,6.58142802975552,6.4836933787084,6.53573648156845
1016,Dist L1,1340,5,Additive0.015,819901,4007,61,6.58231745732581,6.60167921422841,6.61231745732581,,6.52561150956782,6.47923904279,6.58142802975552,6.4836933787084,6.53573648156845
1017,Oracle,1340,5,Additive0.015,174200,130,13,6.57874267718892,6.60153968812924,6.60874267718892,,6.52553197112285,6.47959832010347,6.58122510339955,6.48376369155826,6.53425406574528
1017,Oracle Vector,1340,5,Additive0.015,2805960,2524,24,6.58763773009419,6.60153968812923,6.61763773009419,,6.52553197112284,6.47959832010347,6.58122510339955,6.48376369155826,6.53425406574528
1017,Value,1340,5,Additive0.015,793133,4019,59,6.58300196188368,6.60153968812923,6.61300196188368,,6.52553197112284,6.47959832010347,6.58122510339955,6.48376369155826,6.53425406574528
1017,Vector,1340,5,Additive0.015,3484000,3113,33,6.58763773009419,6.60153968812923,6.61763773009419,,6.52553197112284,6.47959832010347,6.58122510339955,6.48376369155826,6.53425406574528
1017,Dist L1,1340,5,Additive0.015,819901,4007,61,6.58231745732581,6.60153968812923,6.61231745732581,,6.52553197112284,6.47959832010347,6.58122510339955,6.48376369155826,6.53425406574528
1018,Oracle,1340,5,Additive0.015,174200,130,13,6.57874267718892,6.60098425180299,6.60874267718892,,6.52469631383556,6.47900801173478,6.58092966708396,6.48394531412779,6.53390184096234
1018,Oracle Vector,1340,5,Additive0.015,2805960,2524,24,6.58763773009419,6.60098425180299,6.61763773009419,,6.52469631383556,6.47900801173478,6.58092966708396,6.48394531412779,6.53390184096234
1018,Vector,1340,5,Additive0.015,3484000,3113,33,6.58763773009419,6.60098425180299,6.61763773009419,,6.52469631383556,6.47900801173478,6.58092966708396,6.48394531412779,6.53390184096234
1018,Value,1340,5,Additive0.015,793133,4019,59,6.58300196188368,6.60098425180299,6.61300196188368,,6.52469631383556,6.47900801173478,6.58092966708396,6.48394531412779,6.53390184096234
1018,Dist L1,1340,5,Additive0.015,819901,4007,61,6.58231745732581,6.60098425180299,6.61231745732581,,6.52469631383556,6.47900801173478,6.58092966708396,6.48394531412779,6.53390184096234
1019,Oracle,1340,5,Additive0.015,174200,130,13,6.57874267718892,6.59963482991961,6.60874267718892,,6.52431095084477,6.47843735751641,6.5789598563047,6.48272148208073,6.53240210936165
1019,Oracle Vector,1340,5,Additive0.015,2805960,2524,24,6.58763773009419,6.59963482991961,6.61763773009419,,6.52431095084477,6.47843735751642,6.5789598563047,6.48272148208073,6.53240210936165
1019,Vector,1340,5,Additive0.015,3484000,3113,33,6.58763773009419,6.59963482991961,6.61763773009419,,6.52431095084477,6.47843735751642,6.5789598563047,6.48272148208073,6.53240210936165
1019,Value,1340,5,Additive0.015,793137,4024,59,6.58300196188368,6.59963482991961,6.61300196188368,,6.52431095084477,6.47843735751642,6.5789598563047,6.48272148208073,6.53240210936165
1019,Dist L1,1340,5,Additive0.015,819901,4007,61,6.58231745732581,6.59963482991961,6.61231745732581,,6.52431095084477,6.47843735751642,6.5789598563047,6.48272148208073,6.53240210936165
1020,Oracle,1340,5,Additive0.015,174200,130,13,6.57874267718892,6.59891823867351,6.60874267718892,,6.52311778071874,6.47814661066593,6.57858813425185,6.48270892731612,6.53141989097312
1020,Oracle Vector,1340,5,Additive0.015,2805960,2524,24,6.58763773009419,6.59891823867351,6.61763773009419,,6.52311778071874,6.47814661066593,6.57858813425185,6.48270892731612,6.53141989097312
1020,Vector,1340,5,Additive0.015,3484000,3113,33,6.58763773009419,6.59891823867351,6.61763773009419,,6.52311778071874,6.47814661066593,6.57858813425185,6.48270892731612,6.53141989097312
1020,Value,1340,5,Additive0.015,793143,4031,59,6.58300196188368,6.59891823867351,6.61300196188368,,6.52311778071874,6.47814661066593,6.57858813425185,6.48270892731612,6.53141989097312
1020,Dist L1,1340,5,Additive0.015,819907,4014,61,6.58231745732581,6.59891823867351,6.61231745732581,,6.52311778071874,6.47814661066593,6.57858813425185,6.48270892731612,6.53141989097312
1021,Oracle,1340,5,Additive0.015,174200,130,13,6.57874267718892,6.59890309559604,6.60874267718892,,6.52278722892609,6.47970319603801,6.57737994257287,6.48315112139949,6.53111503589982
1021,Oracle Vector,1340,5,Additive0.015,2811320,2529,24,6.58763773009419,6.59890309559604,6.61763773009419,,6.52278722892609,6.47970319603801,6.57737994257287,6.48315112139949,6.53111503589982
1021,Value,1340,5,Additive0.015,793147,4036,59,6.58300196188368,6.59890309559604,6.61300196188368,,6.52278722892609,6.47970319603801,6.57737994257287,6.4831511213995,6.53111503589982
1021,Vector,1340,5,Additive0.015,3492040,3120,33,6.58763773009419,6.59890309559604,6.61763773009419,,6.52278722892609,6.47970319603801,6.57737994257287,6.4831511213995,6.53111503589982
1021,Dist L1,1340,5,Additive0.015,819911,4019,61,6.58231745732581,6.59890309559604,6.61231745732581,,6.52278722892609,6.47970319603801,6.57737994257287,6.4831511213995,6.53111503589982
1022,Oracle,1340,5,Additive0.015,174200,130,13,6.57874267718892,6.59917920648152,6.60874267718892,,6.52294441085797,6.48043594093156,6.57732106551405,6.48409612684066,6.53122728094805
1022,Oracle Vector,1340,5,Additive0.015,2811320,2529,24,6.58763773009419,6.59917920648152,6.61763773009419,,6.52294441085797,6.48043594093157,6.57732106551405,6.48409612684066,6.53122728094805
1022,Value,1340,5,Additive0.015,793147,4036,59,6.58300196188368,6.59917920648152,6.61300196188368,,6.52294441085797,6.48043594093157,6.57732106551405,6.48409612684066,6.53122728094805
1022,Vector,1340,5,Additive0.015,3492040,3120,33,6.58763773009419,6.59917920648152,6.61763773009419,,6.52294441085797,6.48043594093157,6.57732106551405,6.48409612684066,6.53122728094805
1022,Dist L1,1340,5,Additive0.015,819911,4019,61,6.58231745732581,6.59917920648152,6.61231745732581,,6.52294441085797,6.48043594093157,6.57732106551405,6.48409612684066,6.53122728094805
1023,Oracle,1340,5,Additive0.015,174200,130,13,6.57874267718892,6.59822778694126,6.60874267718892,,6.52185835055001,6.47956862931638,6.57641116980717,6.48320917735228,6.53070666193879
1023,Oracle Vector,1340,5,Additive0.015,2811320,2529,24,6.58763773009419,6.59822778694126,6.61763773009419,,6.52185835055001,6.47956862931638,6.57641116980717,6.48320917735228,6.53070666193879
1023,Vector,1340,5,Additive0.015,3500080,3127,33,6.58763773009419,6.59822778694126,6.61763773009419,,6.52185835055001,6.47956862931638,6.57641116980717,6.48320917735228,6.53070666193879
1023,Value,1340,5,Additive0.015,806552,4057,60,6.58322778694126,6.59822778694126,6.61322778694126,,6.52185835055001,6.47956862931638,6.57641116980717,6.48320917735228,6.53070666193879
1023,Dist L1,1340,5,Additive0.015,833316,4042,62,6.58322778694126,6.59822778694126,6.61322778694126,,6.52185835055001,6.47956862931638,6.57641116980717,6.48320917735228,6.53070666193879
1024,Oracle,1340,5,Additive0.015,174200,130,13,6.57874267718892,6.5969565230211,6.60874267718892,,6.52139896505684,6.4785261354506,6.57445485411696,6.48249110454514,6.52967443108781
1024,Oracle Vector,1340,5,Additive0.015,2811320,2529,24,6.58763773009419,6.59695652302109,6.61763773009419,,6.52139896505685,6.4785261354506,6.57445485411697,6.48249110454514,6.52967443108781
1024,Vector,1340,5,Additive0.015,3500080,3127,33,6.58763773009419,6.59695652302109,6.61763773009419,,6.52139896505685,6.4785261354506,6.57445485411696,6.48249110454514,6.52967443108781
1024,Value,1340,5,Additive0.015,806552,4057,60,6.58322778694126,6.59695652302109,6.61322778694126,,6.52139896505685,6.4785261354506,6.57445485411697,6.48249110454514,6.52967443108781
1024,Dist L1,1340,5,Additive0.015,833316,4042,62,6.58322778694126,6.59695652302109,6.61322778694126,,6.52139896505685,6.47852613545061,6.57445485411697,6.48249110454514,6.52967443108781
1025,Oracle,1340,5,Additive0.015,174200,130,13,6.57874267718892,6.59641473856952,6.60874267718892,,6.52089870538362,6.47840881490002,6.57248363290505,6.48324194447196,6.52993865476985
1025,Oracle Vector,1340,5,Additive0.015,2811320,2529,24,6.58763773009419,6.59641473856952,6.61763773009419,,6.52089870538362,6.47840881490002,6.57248363290505,6.48324194447196,6.52993865476985
1025,Value,1340,5,Additive0.015,806552,4057,60,6.58322778694126,6.59641473856952,6.61322778694126,,6.52089870538362,6.47840881490002,6.57248363290505,6.48324194447195,6.52993865476985
1025,Vector,1340,5,Additive0.015,3505440,3132,33,6.58763773009419,6.59641473856952,6.61763773009419,,6.52089870538362,6.47840881490002,6.57248363290505,6.48324194447196,6.52993865476985
1025,Dist L1,1340,5,Additive0.015,833316,4042,62,6.58322778694126,6.59641473856952,6.61322778694126,,6.52089870538362,6.47840881490002,6.57248363290505,6.48324194447195,6.52993865476985
1026,Oracle,1340,5,Additive0.015,174200,130,13,6.57874267718892,6.59595184817913,6.60874267718892,,6.52074709027667,6.47898062215172,6.57245332302203,6.4836716720755,6.52849226107506
1026,Oracle Vector,1340,5,Additive0.015,2816680,2534,24,6.58763773009419,6.59595184817913,6.61763773009419,,6.52074709027667,6.47898062215172,6.57245332302202,6.4836716720755,6.52849226107506
1026,Vector,1340,5,Additive0.015,3505440,3132,33,6.58763773009419,6.59595184817913,6.61763773009419,,6.52074709027667,6.47898062215172,6.57245332302202,6.4836716720755,6.52849226107506
1026,Value,1340,5,Additive0.015,806552,4057,60,6.58322778694126,6.59595184817913,6.61322778694126,,6.52074709027667,6.47898062215172,6.57245332302202,6.4836716720755,6.52849226107506
1026,Dist L1,1340,5,Additive0.015,833316,4042,62,6.58322778694126,6.59595184817913,6.61322778694126,,6.52074709027667,6.47898062215171,6.57245332302202,6.4836716720755,6.52849226107506
1027,Oracle,1340,5,Additive0.015,174200,130,13,6.57874267718892,6.59569880885853,6.60874267718892,,6.52052706896047,6.4798659599232,6.57138153477357,6.48463617175135,6.52832510840026
1027,Oracle Vector,1340,5,Additive0.015,2822040,2539,24,6.58763773009419,6.59569880885853,6.61763773009419,,6.52052706896047,6.4798659599232,6.57138153477357,6.48463617175135,6.52832510840026
1027,Value,1340,5,Additive0.015,806552,4057,60,6.58322778694126,6.59569880885853,6.61322778694126,,6.52052706896047,6.4798659599232,6.57138153477357,6.48463617175135,6.52832510840026
1027,Vector,1340,5,Additive0.015,3513480,3139,33,6.58763773009419,6.59569880885853,6.61763773009419,,6.52052706896046,6.4798659599232,6.57138153477357,6.48463617175135,6.52832510840026
1027,Dist L1,1340,5,Additive0.015,833316,4042,62,6.58322778694126,6.59569880885853,6.61322778694126,,6.52052706896046,6.4798659599232,6.57138153477357,6.48463617175135,6.52832510840026
1028,Oracle,1340,5,Additive0.015,174200,130,13,6.57874267718892,6.59589137139303,6.60874267718892,,6.52052788954614,6.48091520145407,6.57186973148921,6.48531112944901,6.52813857738551
1028,Oracle Vector,1340,5,Additive0.015,2822040,2539,24,6.58763773009419,6.59589137139303,6.61763773009419,,6.52052788954614,6.48091520145407,6.57186973148921,6.48531112944901,6.52813857738551
1028,Vector,1340,5,Additive0.015,3513480,3139,33,6.58763773009419,6.59589137139302,6.61763773009419,,6.52052788954614,6.48091520145407,6.57186973148921,6.48531112944901,6.52813857738551
1028,Value,1340,5,Additive0.015,806552,4057,60,6.58322778694126,6.59589137139303,6.61322778694126,,6.52052788954614,6.48091520145407,6.57186973148921,6.48531112944901,6.52813857738551
1028,Dist L1,1340,5,Additive0.015,833316,4042,62,6.58322778694126,6.59589137139303,6.61322778694126,,6.52052788954614,6.48091520145407,6.57186973148921,6.48531112944901,6.52813857738551
1029,Oracle,1340,5,Additive0.015,174200,130,13,6.57874267718892,6.59516447550856,6.60874267718892,,6.5202475934803,6.48162921888705,6.57058210869304,6.48513111726382,6.52740380446072
1029,Oracle Vector,1340,5,Additive0.015,2822040,2539,24,6.58763773009419,6.59516447550856,6.61763773009419,,6.5202475934803,6.48162921888705,6.57058210869304,6.48513111726383,6.52740380446072
1029,Value,1340,5,Additive0.015,806552,4057,60,6.58322778694126,6.59516447550856,6.61322778694126,,6.5202475934803,6.48162921888705,6.57058210869304,6.48513111726382,6.52740380446072
1029,Vector,1340,5,Additive0.015,3518840,3144,33,6.58763773009419,6.59516447550856,6.61763773009419,,6.5202475934803,6.48162921888705,6.57058210869304,6.48513111726383,6.52740380446072
1029,Dist L1,1340,5,Additive0.015,833316,4042,62,6.58322778694126,6.59516447550856,6.61322778694126,,6.5202475934803,6.48162921888705,6.57058210869304,6.48513111726383,6.52740380446072
1030,Oracle,1340,5,Additive0.015,174200,130,13,6.57874267718892,6.59376022457347,6.60874267718892,,6.51805669809627,6.4799453492251,6.56892574906405,6.48447627814749,6.52649856509976
1030,Oracle Vector,1340,5,Additive0.015,2827400,2544,24,6.58763773009419,6.59376022457347,6.61763773009419,,6.51805669809627,6.4799453492251,6.56892574906405,6.48447627814749,6.52649856509976
1030,Value,1340,5,Additive0.015,806558,4064,60,6.58322778694126,6.59376022457347,6.61322778694126,,6.51805669809627,6.4799453492251,6.56892574906405,6.48447627814749,6.52649856509976
1030,Vector,1340,5,Additive0.015,3529560,3154,33,6.58763773009419,6.59376022457347,6.61763773009419,,6.51805669809627,6.4799453492251,6.56892574906405,6.48447627814749,6.52649856509976
1030,Dist L1,1340,5,Additive0.015,833324,4052,62,6.58322778694126,6.59376022457347,6.61322778694126,,6.51805669809627,6.4799453492251,6.56892574906405,6.48447627814749,6.52649856509976
1031,Oracle,1340,5,Additive0.015,174200,130,13,6.57874267718892,6.59337910593245,6.60874267718892,,6.51742001948079,6.48009117838552,6.56738320209971,6.48492316903035,6.5257610952213
1031,Oracle Vector,1340,5,Additive0.015,2832760,2549,24,6.58763773009419,6.59337910593245,6.61763773009419,,6.51742001948079,6.48009117838552,6.56738320209971,6.48492316903035,6.5257610952213
1031,Value,1340,5,Additive0.015,806562,4069,60,6.58322778694126,6.59337910593245,6.61322778694126,,6.51742001948079,6.48009117838552,6.56738320209971,6.48492316903035,6.5257610952213
1031,Vector,1340,5,Additive0.015,3537600,3161,33,6.58763773009419,6.59337910593245,6.61763773009419,,6.51742001948079,6.48009117838552,6.56738320209971,6.48492316903035,6.5257610952213
1031,Dist L1,1340,5,Additive0.015,833328,4057,62,6.58322778694126,6.59337910593245,6.61322778694126,,6.51742001948079,6.48009117838552,6.56738320209971,6.48492316903035,6.5257610952213
1032,Oracle,1340,5,Additive0.015,174200,130,13,6.57874267718892,6.59303110077357,6.60874267718892,,6.51707038839043,6.48067898486046,6.56579429968069,6.48500639724105,6.52502774359289
1032,Oracle Vector,1340,5,Additive0.015,2838120,2554,24,6.58763773009419,6.59303110077357,6.61763773009419,,6.51707038839043,6.48067898486046,6.56579429968069,6.48500639724105,6.52502774359289
1032,Value,1340,5,Additive0.015,806570,4078,60,6.58322778694126,6.59303110077357,6.61322778694126,,6.51707038839043,6.48067898486046,6.56579429968069,6.48500639724105,6.52502774359289
1032,Vector,1340,5,Additive0.015,3548320,3170,33,6.58763773009419,6.59303110077357,6.61763773009419,,6.51707038839043,6.48067898486045,6.56579429968069,6.48500639724105,6.52502774359288
1032,Dist L1,1340,5,Additive0.015,833338,4069,62,6.58322778694126,6.59303110077357,6.61322778694126,,6.51707038839043,6.48067898486046,6.56579429968069,6.48500639724105,6.52502774359289
1033,Oracle,1340,5,Additive0.015,174200,130,13,6.57874267718892,6.59226593337206,6.60874267718892,,6.5160107209344,6.48031994826203,6.56453099526723,6.48468826577723,6.52509088609912
1033,Oracle Vector,1340,5,Additive0.015,2838120,2554,24,6.58763773009419,6.59226593337207,6.61763773009419,,6.5160107209344,6.48031994826203,6.56453099526723,6.48468826577723,6.52509088609912
1033,Vector,1340,5,Additive0.015,3561720,3181,33,6.58763773009419,6.59226593337207,6.61763773009419,,6.5160107209344,6.48031994826203,6.56453099526723,6.48468826577723,6.52509088609912
1033,Value,1340,5,Additive0.015,819975,4099,61,6.57726593337207,6.59226593337207,6.60726593337206,,6.5160107209344,6.48031994826203,6.56453099526723,6.48468826577723,6.52509088609912
1033,Dist L1,1340,5,Additive0.015,846743,4090,63,6.57726593337207,6.59226593337207,6.60726593337206,,6.5160107209344,6.48031994826203,6.56453099526723,6.48468826577723,6.52509088609912
1034,Oracle,1340,5,Additive0.015,174200,130,13,6.57874267718892,6.58713829141111,6.60874267718892,,6.51502253017193,6.47928354481923,6.56021392078429,6.4787617321689,6.51305223318754
1034,Value,1340,5,Additive0.015,819979,4104,61,6.57726593337207,6.5871382914111,6.60726593337206,,6.51502253017193,6.47928354481922,6.56021392078429,6.4787617321689,6.51305223318753
1034,Oracle Vector,1340,5,Additive0.015,2851520,2565,25,6.5721382914111,6.5871382914111,6.6021382914111,,6.51502253017193,6.47928354481922,6.56021392078429,6.4787617321689,6.51305223318753
1034,Vector,1340,5,Additive0.015,3575120,3191,34,6.5721382914111,6.5871382914111,6.6021382914111,,6.51502253017193,6.47928354481922,6.56021392078429,6.4787617321689,6.51305223318753
1034,Dist L1,1340,5,Additive0.015,846747,4095,63,6.57726593337207,6.5871382914111,6.60726593337206,,6.51502253017193,6.47928354481922,6.56021392078429,6.4787617321689,6.51305223318753
1035,Oracle,1340,5,Additive0.015,174200,130,13,6.57874267718892,6.58736935165614,6.60874267718892,,6.51539385254507,6.48060126561401,6.55910897177159,6.47937474322268,6.51294374905715
1035,Oracle Vector,1340,5,Additive0.015,2851520,2565,25,6.5721382914111,6.58736935165614,6.6021382914111,,6.51539385254507,6.48060126561401,6.55910897177159,6.47937474322268,6.51294374905716
1035,Value,1340,5,Additive0.015,819979,4104,61,6.57726593337207,6.58736935165614,6.60726593337206,,6.51539385254507,6.48060126561401,6.55910897177159,6.47937474322268,6.51294374905716
1035,Vector,1340,5,Additive0.015,3575120,3191,34,6.5721382914111,6.58736935165614,6.6021382914111,,6.51539385254507,6.48060126561401,6.55910897177159,6.47937474322268,6.51294374905716
1035,Dist L1,1340,5,Additive0.015,846747,4095,63,6.57726593337207,6.58736935165614,6.60726593337206,,6.51539385254507,6.48060126561401,6.55910897177159,6.47937474322268,6.51294374905716
1036,Oracle,1340,5,Additive0.015,174200,130,13,6.57874267718892,6.58785548539411,6.60874267718892,,6.51498784590871,6.48206236061692,6.55908681944473,6.48031048225473,6.51270606421689
1036,Oracle Vector,1340,5,Additive0.015,2851520,2565,25,6.5721382914111,6.58785548539411,6.6021382914111,,6.51498784590871,6.48206236061692,6.55908681944473,6.48031048225473,6.51270606421689
1036,Vector,1340,5,Additive0.015,3575120,3191,34,6.5721382914111,6.58785548539411,6.6021382914111,,6.51498784590871,6.48206236061692,6.55908681944473,6.48031048225473,6.51270606421689
1036,Value,1340,5,Additive0.015,819979,4104,61,6.57726593337207,6.58785548539411,6.60726593337206,,6.51498784590871,6.48206236061692,6.55908681944473,6.48031048225473,6.51270606421689
1036,Dist L1,1340,5,Additive0.015,846747,4095,63,6.57726593337207,6.58785548539411,6.60726593337206,,6.51498784590871,6.48206236061692,6.55908681944473,6.48031048225473,6.51270606421689
1037,Oracle,1340,5,Additive0.015,174200,130,13,6.57874267718892,6.588013400828,6.60874267718892,,6.51397176312623,6.48337550182223,6.55796384780791,6.48074683038305,6.51291762984441
1037,Oracle Vector,1340,5,Additive0.015,2851520,2565,25,6.5721382914111,6.588013400828,6.6021382914111,,6.51397176312623,6.48337550182223,6.55796384780791,6.48074683038305,6.51291762984441
1037,Value,1340,5,Additive0.015,819979,4104,61,6.57726593337207,6.588013400828,6.60726593337206,,6.51397176312623,6.48337550182223,6.55796384780791,6.48074683038306,6.51291762984441
1037,Vector,1340,5,Additive0.015,3575120,3191,34,6.5721382914111,6.588013400828,6.6021382914111,,6.51397176312623,6.48337550182223,6.55796384780791,6.48074683038306,6.51291762984441
1037,Dist L1,1340,5,Additive0.015,846751,4100,63,6.57726593337207,6.588013400828,6.60726593337206,,6.51397176312623,6.48337550182223,6.55796384780791,6.48074683038306,6.51291762984441
1038,Oracle,1340,5,Additive0.015,174200,130,13,6.57874267718892,6.5882602552698,6.60874267718892,,6.51411191795548,6.48486085478672,6.55669614202854,6.48061430402635,6.51293587547199
1038,Oracle Vector,1340,5,Additive0.015,2851520,2565,25,6.5721382914111,6.5882602552698,6.6021382914111,,6.51411191795548,6.48486085478672,6.55669614202854,6.48061430402634,6.51293587547199
1038,Vector,1340,5,Additive0.015,3575120,3191,34,6.5721382914111,6.5882602552698,6.6021382914111,,6.51411191795547,6.48486085478672,6.55669614202854,6.48061430402634,6.51293587547199
1038,Value,1340,5,Additive0.015,819979,4104,61,6.57726593337207,6.5882602552698,6.60726593337206,,6.51411191795547,6.48486085478672,6.55669614202854,6.48061430402635,6.51293587547199
1038,Dist L1,1340,5,Additive0.015,846751,4100,63,6.57726593337207,6.5882602552698,6.60726593337206,,6.51411191795547,6.48486085478672,6.55669614202854,6.48061430402635,6.51293587547199
1039,Oracle,1340,5,Additive0.015,174200,130,13,6.57874267718892,6.58818156086292,6.60874267718892,,6.51335392404657,6.4858967878571,6.55661071538843,6.48046252441797,6.5126662978746
1039,Oracle Vector,1340,5,Additive0.015,2851520,2565,25,6.5721382914111,6.58818156086292,6.6021382914111,,6.51335392404656,6.4858967878571,6.55661071538843,6.48046252441797,6.51266629787459
1039,Vector,1340,5,Additive0.015,3575120,3191,34,6.5721382914111,6.58818156086292,6.6021382914111,,6.51335392404656,6.4858967878571,6.55661071538843,6.48046252441797,6.51266629787459
1039,Value,1340,5,Additive0.015,819985,4111,61,6.57726593337207,6.58818156086292,6.60726593337206,,6.51335392404656,6.4858967878571,6.55661071538843,6.48046252441797,6.51266629787459
1039,Dist L1,1340,5,Additive0.015,846755,4105,63,6.57726593337207,6.58818156086292,6.60726593337206,,6.51335392404656,6.4858967878571,6.55661071538843,6.48046252441797,6.51266629787459
1040,Oracle,1340,5,Additive0.015,174200,130,13,6.57874267718892,6.58859849353316,6.60874267718892,,6.51303252176337,6.48800314076655,6.55588966255258,6.48085120291315,6.51223734504243
1040,Oracle Vector,1340,5,Additive0.015,2851520,2565,25,6.5721382914111,6.58859849353316,6.6021382914111,,6.51303252176337,6.48800314076655,6.55588966255258,6.48085120291315,6.51223734504243
1040,Value,1340,5,Additive0.015,819989,4116,61,6.57726593337207,6.58859849353316,6.60726593337206,,6.51303252176337,6.48800314076655,6.55588966255258,6.48085120291315,6.51223734504244
1040,Vector,1340,5,Additive0.015,3575120,3191,34,6.5721382914111,6.58859849353316,6.6021382914111,,6.51303252176337,6.48800314076655,6.55588966255258,6.48085120291315,6.51223734504243
1040,Dist L1,1340,5,Additive0.015,846759,4110,63,6.57726593337207,6.58859849353316,6.60726593337206,,6.51303252176337,6.48800314076655,6.55588966255258,6.48085120291315,6.51223734504244
1041,Oracle,1340,5,Additive0.015,174200,130,13,6.57874267718892,6.58904286373059,6.60874267718892,,6.51241291671998,6.48922023140384,6.55623690840237,6.48157134152096,6.51248991248726
1041,Oracle Vector,1340,5,Additive0.015,2851520,2565,25,6.5721382914111,6.58904286373059,6.6021382914111,,6.51241291671998,6.48922023140384,6.55623690840236,6.48157134152096,6.51248991248726
1041,Value,1340,5,Additive0.015,819989,4116,61,6.57726593337207,6.58904286373059,6.60726593337206,,6.51241291671998,6.48922023140384,6.55623690840236,6.48157134152096,6.51248991248726
1041,Vector,1340,5,Additive0.015,3580480,3196,34,6.5721382914111,6.5890428637306,6.6021382914111,,6.51241291671998,6.48922023140384,6.55623690840236,6.48157134152096,6.51248991248726
1041,Dist L1,1340,5,Additive0.015,846759,4110,63,6.57726593337207,6.58904286373059,6.60726593337206,,6.51241291671998,6.48922023140384,6.55623690840236,6.48157134152096,6.51248991248726
1042,Oracle,1340,5,Additive0.015,174200,130,13,6.57874267718892,6.59052751653194,6.60874267718892,,6.51496028282718,6.49343568442495,6.55690420705907,6.48246017494893,6.51408646096132
1042,Oracle Vector,1340,5,Additive0.015,2851520,2565,25,6.5721382914111,6.59052751653194,6.6021382914111,,6.51496028282719,6.49343568442495,6.55690420705907,6.48246017494893,6.51408646096132
1042,Value,1340,5,Additive0.015,819989,4116,61,6.57726593337207,6.59052751653194,6.60726593337206,,6.51496028282719,6.49343568442495,6.55690420705907,6.48246017494893,6.51408646096132
1042,Vector,1340,5,Additive0.015,3580480,3196,34,6.5721382914111,6.59052751653194,6.6021382914111,,6.51496028282719,6.49343568442495,6.55690420705907,6.48246017494893,6.51408646096132
1042,Dist L1,1340,5,Additive0.015,846763,4115,63,6.57726593337207,6.59052751653194,6.60726593337206,,6.51496028282719,6.49343568442495,6.55690420705907,6.48246017494893,6.51408646096132
1043,Oracle,1340,5,Additive0.015,174200,130,13,6.57874267718892,6.59146299402388,6.60874267718892,,6.5156554049304,6.49639648881655,6.55758679597417,6.48353809856776,6.51422764691292
1043,Value,1340,5,Additive0.015,819993,4121,61,6.57726593337207,6.59146299402388,6.60726593337206,,6.5156554049304,6.49639648881654,6.55758679597417,6.48353809856776,6.51422764691292
1043,Oracle Vector,1340,5,Additive0.015,2856880,2570,25,6.5721382914111,6.59146299402388,6.6021382914111,,6.5156554049304,6.49639648881655,6.55758679597417,6.48353809856776,6.51422764691292
1043,Vector,1340,5,Additive0.015,3591200,3206,34,6.5721382914111,6.59146299402388,6.6021382914111,,6.5156554049304,6.49639648881654,6.55758679597417,6.48353809856776,6.51422764691292
1043,Dist L1,1340,5,Additive0.015,846763,4115,63,6.57726593337207,6.59146299402388,6.60726593337206,,6.5156554049304,6.49639648881654,6.55758679597417,6.48353809856776,6.51422764691292
1044,Oracle,1340,5,Additive0.015,174200,130,13,6.57874267718892,6.59177821171291,6.60874267718892,,6.5157001787355,6.49771819438931,6.55740624543618,6.48390088628207,6.51466297326646
1044,Oracle Vector,1340,5,Additive0.015,2862240,2575,25,6.5721382914111,6.59177821171291,6.6021382914111,,6.5157001787355,6.49771819438931,6.55740624543618,6.48390088628207,6.51466297326646
1044,Vector,1340,5,Additive0.015,3591200,3206,34,6.5721382914111,6.59177821171291,6.6021382914111,,6.5157001787355,6.49771819438931,6.55740624543619,6.48390088628207,6.51466297326646
1044,Value,1340,5,Additive0.015,819993,4121,61,6.57726593337207,6.59177821171291,6.60726593337206,,6.5157001787355,6.49771819438931,6.55740624543619,6.48390088628207,6.51466297326646
1044,Dist L1,1340,5,Additive0.015,846769,4122,63,6.57726593337207,6.59177821171291,6.60726593337206,,6.5157001787355,6.49771819438931,6.55740624543619,6.48390088628207,6.51466297326646
1045,Oracle,1340,5,Additive0.015,174200,130,13,6.57874267718892,6.59200356630965,6.60874267718892,,6.51561431164379,6.49872685105896,6.55700833398537,6.48483684360129,6.5144630937468
1045,Value,1340,5,Additive0.015,819997,4126,61,6.57726593337207,6.59200356630965,6.60726593337206,,6.51561431164379,6.49872685105896,6.55700833398537,6.48483684360129,6.5144630937468
1045,Oracle Vector,1340,5,Additive0.015,2867600,2580,25,6.5721382914111,6.59200356630965,6.6021382914111,,6.51561431164379,6.49872685105896,6.55700833398537,6.48483684360129,6.5144630937468
1045,Vector,1340,5,Additive0.015,3596560,3211,34,6.5721382914111,6.59200356630965,6.6021382914111,,6.51561431164379,6.49872685105896,6.55700833398537,6.48483684360129,6.5144630937468
1045,Dist L1,1340,5,Additive0.015,846769,4122,63,6.57726593337207,6.59200356630965,6.60726593337206,,6.51561431164379,6.49872685105896,6.55700833398537,6.48483684360129,6.5144630937468
1046,Oracle,1340,5,Additive0.015,174200,130,13,6.57874267718892,6.59181990023183,6.60874267718892,,6.51456322880421,6.49970357892239,6.5559437221957,6.48466953515002,6.51469261199571
1046,Oracle Vector,1340,5,Additive0.015,2872960,2585,25,6.5721382914111,6.59181990023183,6.6021382914111,,6.51456322880421,6.49970357892239,6.5559437221957,6.48466953515002,6.51469261199571
1046,Value,1340,5,Additive0.015,820001,4131,61,6.57726593337207,6.59181990023183,6.60726593337206,,6.51456322880421,6.49970357892239,6.5559437221957,6.48466953515001,6.51469261199571
1046,Vector,1340,5,Additive0.015,3601920,3216,34,6.5721382914111,6.59181990023183,6.6021382914111,,6.51456322880421,6.49970357892239,6.5559437221957,6.48466953515001,6.51469261199571
1046,Dist L1,1340,5,Additive0.015,846773,4127,63,6.57726593337207,6.59181990023183,6.60726593337206,,6.51456322880421,6.49970357892238,6.5559437221957,6.48466953515001,6.51469261199571
1047,Oracle,1340,5,Additive0.015,174200,130,13,6.57874267718892,6.59190278482831,6.60874267718892,,6.51384470351137,6.50046585770293,6.55605473539397,6.48457249571932,6.51470521416882
1047,Oracle Vector,1340,5,Additive0.015,2872960,2585,25,6.5721382914111,6.59190278482831,6.6021382914111,,6.51384470351136,6.50046585770292,6.55605473539397,6.48457249571932,6.51470521416882
1047,Vector,1340,5,Additive0.015,3601920,3216,34,6.5721382914111,6.59190278482831,6.6021382914111,,6.51384470351136,6.50046585770292,6.55605473539397,6.48457249571932,6.51470521416882
1047,Value,1340,5,Additive0.015,820005,4136,61,6.57726593337207,6.59190278482831,6.60726593337206,,6.51384470351136,6.50046585770292,6.55605473539397,6.48457249571932,6.51470521416882
1047,Dist L1,1340,5,Additive0.015,846781,4136,63,6.57726593337207,6.59190278482831,6.60726593337206,,6.51384470351136,6.50046585770292,6.55605473539397,6.48457249571932,6.51470521416882
1048,Oracle,1340,5,Additive0.015,174200,130,13,6.57874267718892,6.5922719560261,6.60874267718892,,6.51396672490242,6.50187923126431,6.55546783708147,6.48444273246906,6.51529397062102
1048,Vector,1340,5,Additive0.015,3601920,3216,34,6.5721382914111,6.5922719560261,6.6021382914111,,6.51396672490241,6.50187923126431,6.55546783708147,6.48444273246905,6.51529397062102
1048,Oracle Vector,1340,5,Additive0.015,2881000,2592,25,6.5721382914111,6.5922719560261,6.6021382914111,,6.51396672490241,6.50187923126431,6.55546783708147,6.48444273246906,6.51529397062102
1048,Value,1340,5,Additive0.015,820015,4148,61,6.57726593337207,6.59227195602609,6.60726593337206,,6.51396672490241,6.50187923126431,6.55546783708147,6.48444273246905,6.51529397062102
1048,Dist L1,1340,5,Additive0.015,846789,4146,63,6.57726593337207,6.59227195602609,6.60726593337206,,6.51396672490241,6.50187923126431,6.55546783708147,6.48444273246905,6.51529397062102
1049,Oracle,1340,5,Additive0.015,174200,130,13,6.57874267718892,6.59306782703658,6.60874267718892,,6.51449055582939,6.50333388442679,6.55634047535379,6.48519882712041,6.5153958667012
1049,Value,1340,5,Additive0.015,820015,4148,61,6.57726593337207,6.59306782703658,6.60726593337206,,6.51449055582939,6.50333388442679,6.5563404753538,6.48519882712041,6.5153958667012
1049,Vector,1340,5,Additive0.015,3601920,3216,34,6.5721382914111,6.59306782703658,6.6021382914111,,6.51449055582939,6.50333388442679,6.5563404753538,6.48519882712042,6.5153958667012
1049,Oracle Vector,1340,5,Additive0.015,2891720,2602,25,6.5721382914111,6.59306782703658,6.6021382914111,,6.51449055582939,6.50333388442679,6.55634047535379,6.48519882712041,6.5153958667012
1049,Dist L1,1340,5,Additive0.015,846793,4151,63,6.57726593337207,6.59306782703658,6.60726593337206,,6.51449055582939,6.50333388442679,6.5563404753538,6.48519882712041,6.5153958667012
1050,Oracle,1340,5,Additive0.015,174200,130,13,6.57874267718892,6.5938080712057,6.60874267718892,,6.51425489221735,6.50542188060494,6.55547757268572,6.486253650262,6.51543121672312
1050,Value,1340,5,Additive0.015,820023,4158,61,6.57726593337207,6.5938080712057,6.60726593337206,,6.51425489221735,6.50542188060494,6.55547757268573,6.486253650262,6.51543121672312
1050,Oracle Vector,1340,5,Additive0.015,2905120,2613,25,6.5721382914111,6.5938080712057,6.6021382914111,,6.51425489221735,6.50542188060494,6.55547757268573,6.486253650262,6.51543121672312
1050,Vector,1340,5,Additive0.015,3607280,3221,34,6.5721382914111,6.5938080712057,6.6021382914111,,6.51425489221735,6.50542188060494,6.55547757268573,6.486253650262,6.51543121672312
1050,Dist L1,1340,5,Additive0.015,846803,4163,63,6.57726593337207,6.5938080712057,6.60726593337206,,6.51425489221736,6.50542188060494,6.55547757268573,6.486253650262,6.51543121672312
1051,Oracle,1340,5,Additive0.015,174200,130,13,6.57874267718892,6.59446551013542,6.60874267718892,,6.51475511916342,6.50663904285036,6.55545424295186,6.4869336257335,6.51625830020402
1051,Oracle Vector,1340,5,Additive0.015,2905120,2613,25,6.5721382914111,6.59446551013542,6.6021382914111,,6.51475511916342,6.50663904285036,6.55545424295187,6.4869336257335,6.51625830020402
1051,Vector,1340,5,Additive0.015,3607280,3221,34,6.5721382914111,6.59446551013542,6.6021382914111,,6.51475511916342,6.50663904285036,6.55545424295187,6.4869336257335,6.51625830020402
1051,Value,1340,5,Additive0.015,820027,4163,61,6.57726593337207,6.59446551013542,6.60726593337206,,6.51475511916342,6.50663904285036,6.55545424295187,6.4869336257335,6.51625830020402
1051,Dist L1,1340,5,Additive0.015,846803,4163,63,6.57726593337207,6.59446551013542,6.60726593337206,,6.51475511916342,6.50663904285036,6.55545424295187,6.4869336257335,6.51625830020402
1052,Oracle,1340,5,Additive0.015,174200,130,13,6.57874267718892,6.59555076246822,6.60874267718892,,6.51638293507942,6.50808545836012,6.55624892265041,6.488261406593,6.51737836106898
1052,Oracle Vector,1340,5,Additive0.015,2910480,2618,25,6.5721382914111,6.59555076246822,6.6021382914111,,6.51638293507942,6.50808545836012,6.55624892265041,6.488261406593,6.51737836106898
1052,Value,1340,5,Additive0.015,820027,4163,61,6.57726593337207,6.59555076246822,6.60726593337206,,6.51638293507942,6.50808545836012,6.55624892265041,6.488261406593,6.51737836106898
1052,Vector,1340,5,Additive0.015,3618000,3231,34,6.5721382914111,6.59555076246822,6.6021382914111,,6.51638293507942,6.50808545836012,6.55624892265041,6.488261406593,6.51737836106898
1052,Dist L1,1340,5,Additive0.015,846809,4170,63,6.57726593337207,6.59555076246822,6.60726593337206,,6.51638293507942,6.50808545836012,6.55624892265041,6.488261406593,6.51737836106898
1053,Oracle,1340,5,Additive0.015,174200,130,13,6.57874267718892,6.5961983299999,6.60874267718892,,6.51770593969935,6.50912015390229,6.55674716611386,6.48849659853811,6.51655419988867
1053,Oracle Vector,1340,5,Additive0.015,2918520,2625,25,6.5721382914111,6.5961983299999,6.6021382914111,,6.51770593969935,6.50912015390229,6.55674716611386,6.48849659853811,6.51655419988866
1053,Value,1340,5,Additive0.015,820037,4175,61,6.57726593337207,6.5961983299999,6.60726593337206,,6.51770593969935,6.50912015390229,6.55674716611386,6.48849659853811,6.51655419988866
1053,Vector,1340,5,Additive0.015,3628720,3241,34,6.5721382914111,6.5961983299999,6.6021382914111,,6.51770593969935,6.50912015390229,6.55674716611386,6.48849659853811,6.51655419988866
1053,Dist L1,1340,5,Additive0.015,846809,4170,63,6.57726593337207,6.5961983299999,6.60726593337206,,6.51770593969935,6.50912015390229,6.55674716611386,6.48849659853811,6.51655419988866
1054,Oracle,1340,5,Additive0.015,174200,130,13,6.57874267718892,6.59667119545891,6.60874267718892,,6.51766260298247,6.50988981505631,6.55675510757154,6.48882632987819,6.5165925251434
1054,Value,1340,5,Additive0.015,820037,4175,61,6.57726593337207,6.59667119545891,6.60726593337206,,6.51766260298247,6.50988981505631,6.55675510757154,6.48882632987819,6.51659252514341
1054,Oracle Vector,1340,5,Additive0.015,2931920,2637,25,6.5721382914111,6.59667119545891,6.6021382914111,,6.51766260298247,6.50988981505631,6.55675510757154,6.48882632987819,6.51659252514341
1054,Vector,1340,5,Additive0.015,3644800,3255,34,6.5721382914111,6.59667119545891,6.6021382914111,,6.51766260298247,6.50988981505631,6.55675510757154,6.48882632987819,6.51659252514341
1054,Dist L1,1340,5,Additive0.015,846813,4175,63,6.57726593337207,6.59667119545891,6.60726593337206,,6.51766260298247,6.50988981505631,6.55675510757154,6.48882632987819,6.51659252514341
1055,Oracle,1340,5,Additive0.015,174200,130,13,6.57874267718892,6.59789559007566,6.60874267718892,,6.51809679703812,6.51144808542108,6.55787957683329,6.48988371495869,6.51716514149776
1055,Value,1340,5,Additive0.015,820047,4187,61,6.57726593337207,6.59789559007566,6.60726593337206,,6.51809679703812,6.51144808542108,6.55787957683329,6.48988371495869,6.51716514149776
1055,Oracle Vector,1340,5,Additive0.015,2945320,2648,26,6.58289559007566,6.59789559007566,6.61289559007566,,6.51809679703812,6.51144808542108,6.55787957683329,6.48988371495869,6.51716514149776
1055,Vector,1340,5,Additive0.015,3658200,3266,35,6.58289559007565,6.59789559007565,6.61289559007565,,6.51809679703812,6.51144808542108,6.55787957683329,6.48988371495869,6.51716514149776
1055,Dist L1,1340,5,Additive0.015,846813,4175,63,6.57726593337207,6.59789559007566,6.60726593337206,,6.51809679703812,6.51144808542108,6.55787957683329,6.48988371495869,6.51716514149776
1056,Oracle,1340,5,Additive0.015,174200,130,13,6.57874267718892,6.59871019990491,6.60874267718892,,6.51814625289723,6.51325999234161,6.55786819756099,6.49006594992906,6.51668575593678
1056,Oracle Vector,1340,5,Additive0.015,2945320,2648,26,6.58289559007566,6.59871019990491,6.61289559007566,,6.51814625289723,6.51325999234161,6.55786819756099,6.49006594992906,6.51668575593678
1056,Value,1340,5,Additive0.015,820047,4187,61,6.57726593337207,6.59871019990491,6.60726593337206,,6.51814625289723,6.51325999234161,6.55786819756099,6.49006594992906,6.51668575593678
1056,Vector,1340,5,Additive0.015,3658200,3266,35,6.58289559007565,6.59871019990491,6.61289559007565,,6.51814625289723,6.51325999234161,6.55786819756099,6.49006594992906,6.51668575593678
1056,Dist L1,1340,5,Additive0.015,846823,4188,63,6.57726593337207,6.59871019990491,6.60726593337206,,6.51814625289723,6.51325999234161,6.55786819756099,6.49006594992906,6.51668575593678
1057,Oracle,1340,5,Additive0.015,174200,130,13,6.57874267718892,6.5990781665723,6.60874267718892,,6.51852684849918,6.51378814911267,6.55756329735756,6.49037086362829,6.51642698691011
1057,Oracle Vector,1340,5,Additive0.015,2945320,2648,26,6.58289559007566,6.5990781665723,6.61289559007566,,6.51852684849918,6.51378814911267,6.55756329735756,6.49037086362829,6.51642698691011
1057,Vector,1340,5,Additive0.015,3658200,3266,35,6.58289559007565,6.5990781665723,6.61289559007565,,6.51852684849918,6.51378814911267,6.55756329735756,6.49037086362829,6.51642698691011
1057,Value,1340,5,Additive0.015,820057,4200,61,6.57726593337207,6.5990781665723,6.60726593337206,,6.51852684849918,6.51378814911267,6.55756329735756,6.49037086362829,6.51642698691011
1057,Dist L1,1340,5,Additive0.015,846827,4193,63,6.57726593337207,6.5990781665723,6.60726593337206,,6.51852684849918,6.51378814911267,6.55756329735756,6.49037086362829,6.51642698691011
1058,Oracle,1340,5,Additive0.015,174200,130,13,6.57874267718892,6.59951738813426,6.60874267718892,,6.51939737834453,6.5151104690678,6.55731802507326,6.49031602030466,6.51547848626311
1058,Oracle Vector,1340,5,Additive0.015,2945320,2648,26,6.58289559007566,6.59951738813426,6.61289559007566,,6.51939737834453,6.5151104690678,6.55731802507326,6.49031602030466,6.5154784862631
1058,Value,1340,5,Additive0.015,820061,4205,61,6.57726593337207,6.59951738813426,6.60726593337206,,6.51939737834453,6.5151104690678,6.55731802507326,6.49031602030466,6.51547848626311
1058,Vector,1340,5,Additive0.015,3658200,3266,35,6.58289559007565,6.59951738813426,6.61289559007565,,6.51939737834453,6.5151104690678,6.55731802507326,6.49031602030466,6.5154784862631
1058,Dist L1,1340,5,Additive0.015,846827,4193,63,6.57726593337207,6.59951738813426,6.60726593337206,,6.51939737834453,6.5151104690678,6.55731802507326,6.49031602030466,6.51547848626311
1059,Oracle,1340,5,Additive0.015,174200,130,13,6.57874267718892,6.59979943271385,6.60874267718892,,6.51879280572356,6.51548681416332,6.55748062617665,6.49127396253169,6.51519189857975
1059,Oracle Vector,1340,5,Additive0.015,2945320,2648,26,6.58289559007566,6.59979943271385,6.61289559007566,,6.51879280572356,6.51548681416332,6.55748062617666,6.49127396253169,6.51519189857975
1059,Value,1340,5,Additive0.015,820071,4217,61,6.57726593337207,6.59979943271385,6.60726593337206,,6.51879280572356,6.51548681416332,6.55748062617666,6.49127396253169,6.51519189857975
1059,Vector,1340,5,Additive0.015,3658200,3266,35,6.58289559007565,6.59979943271385,6.61289559007565,,6.51879280572356,6.51548681416332,6.55748062617666,6.49127396253169,6.51519189857975
1059,Dist L1,1340,5,Additive0.015,846841,4211,63,6.57726593337207,6.59979943271385,6.60726593337206,,6.51879280572356,6.51548681416332,6.55748062617666,6.49127396253169,6.51519189857975
1060,Oracle,1340,5,Additive0.015,174200,130,13,6.57874267718892,6.600493290787,6.60874267718892,,6.5196984277416,6.51636391975081,6.5582934042995,6.49189156484248,6.51402140339552
1060,Oracle Vector,1340,5,Additive0.015,2945320,2648,26,6.58289559007566,6.600493290787,6.61289559007566,,6.51969842774161,6.51636391975081,6.5582934042995,6.49189156484248,6.51402140339552
1060,Vector,1340,5,Additive0.015,3658200,3266,35,6.58289559007565,6.600493290787,6.61289559007565,,6.5196984277416,6.51636391975081,6.5582934042995,6.49189156484248,6.51402140339552
1060,Value,1340,5,Additive0.015,833476,4237,62,6.585493290787,6.600493290787,6.615493290787,,6.51969842774161,6.51636391975081,6.5582934042995,6.49189156484248,6.51402140339552
1060,Dist L1,1340,5,Additive0.015,860246,4231,64,6.585493290787,6.600493290787,6.615493290787,,6.51969842774161,6.51636391975081,6.5582934042995,6.49189156484248,6.51402140339552
1061,Oracle,1340,5,Additive0.015,174200,130,13,6.57874267718892,6.60111786315825,6.60874267718892,,6.51989339840653,6.51768525268821,6.55881798213573,6.49274755069379,6.51331524236321
1061,Oracle Vector,1340,5,Additive0.015,2945320,2648,26,6.58289559007566,6.60111786315825,6.61289559007566,,6.51989339840653,6.51768525268821,6.55881798213573,6.49274755069379,6.51331524236322
1061,Vector,1340,5,Additive0.015,3658200,3266,35,6.58289559007565,6.60111786315825,6.61289559007565,,6.51989339840653,6.51768525268821,6.55881798213573,6.49274755069379,6.51331524236322
1061,Value,1340,5,Additive0.015,833476,4237,62,6.585493290787,6.60111786315825,6.615493290787,,6.51989339840653,6.51768525268821,6.55881798213573,6.49274755069379,6.51331524236322
1061,Dist L1,1340,5,Additive0.015,860246,4231,64,6.585493290787,6.60111786315825,6.615493290787,,6.51989339840653,6.51768525268821,6.55881798213573,6.49274755069379,6.51331524236322
1062,Oracle,1340,5,Additive0.015,174200,130,13,6.57874267718892,6.60219053180499,6.60874267718892,,6.52107194617719,6.51976877948379,6.55882775483393,6.49328781365725,6.51288897632172
1062,Oracle Vector,1340,5,Additive0.015,2945320,2648,26,6.58289559007566,6.60219053180499,6.61289559007566,,6.52107194617719,6.51976877948379,6.55882775483393,6.49328781365725,6.51288897632172
1062,Vector,1340,5,Additive0.015,3658200,3266,35,6.58289559007565,6.60219053180499,6.61289559007565,,6.52107194617719,6.51976877948379,6.55882775483393,6.49328781365725,6.51288897632172
1062,Value,1340,5,Additive0.015,833476,4237,62,6.585493290787,6.60219053180499,6.615493290787,,6.52107194617719,6.51976877948379,6.55882775483393,6.49328781365725,6.51288897632172
1062,Dist L1,1340,5,Additive0.015,860246,4231,64,6.585493290787,6.60219053180499,6.615493290787,,6.52107194617719,6.51976877948379,6.55882775483393,6.49328781365725,6.51288897632172
1063,Oracle,1340,5,Additive0.015,174200,130,13,6.57874267718892,6.60250889962251,6.60874267718892,,6.52062657324484,6.52066227846878,6.5585062396174,6.49334622350554,6.51294743747035
1063,Oracle Vector,1340,5,Additive0.015,2945320,2648,26,6.58289559007566,6.60250889962251,6.61289559007566,,6.52062657324484,6.52066227846878,6.55850623961741,6.49334622350553,6.51294743747035
1063,Value,1340,5,Additive0.015,833476,4237,62,6.585493290787,6.60250889962251,6.615493290787,,6.52062657324484,6.52066227846878,6.55850623961741,6.49334622350553,6.51294743747035
1063,Vector,1340,5,Additive0.015,3658200,3266,35,6.58289559007565,6.60250889962251,6.61289559007565,,6.52062657324484,6.52066227846878,6.55850623961741,6.49334622350553,6.51294743747035
1063,Dist L1,1340,5,Additive0.015,860246,4231,64,6.585493290787,6.60250889962251,6.615493290787,,6.52062657324484,6.52066227846878,6.55850623961741,6.49334622350553,6.51294743747035
1064,Oracle,1340,5,Additive0.015,174200,130,13,6.57874267718892,6.60307712607716,6.60874267718892,,6.52121612512367,6.52114222106918,6.55865754419625,6.49384304833595,6.51307510688525
1064,Oracle Vector,1340,5,Additive0.015,2945320,2648,26,6.58289559007566,6.60307712607716,6.61289559007566,,6.52121612512368,6.52114222106918,6.55865754419625,6.49384304833595,6.51307510688525
1064,Value,1340,5,Additive0.015,833476,4237,62,6.585493290787,6.60307712607716,6.615493290787,,6.52121612512368,6.52114222106918,6.55865754419625,6.49384304833595,6.51307510688525
1064,Vector,1340,5,Additive0.015,3658200,3266,35,6.58289559007565,6.60307712607716,6.61289559007565,,6.52121612512368,6.52114222106918,6.55865754419625,6.49384304833595,6.51307510688525
1064,Dist L1,1340,5,Additive0.015,860246,4231,64,6.585493290787,6.60307712607716,6.615493290787,,6.52121612512368,6.52114222106918,6.55865754419625,6.49384304833595,6.51307510688525
1065,Oracle,1340,5,Additive0.015,174200,130,13,6.57874267718892,6.60399064475736,6.60874267718892,,6.52187542446769,6.52264376878257,6.55939946742834,6.49413563875722,6.51230379099227
1065,Oracle Vector,1340,5,Additive0.015,2945320,2648,26,6.58289559007566,6.60399064475737,6.61289559007566,,6.52187542446769,6.52264376878257,6.55939946742834,6.49413563875722,6.51230379099227
1065,Value,1340,5,Additive0.015,833476,4237,62,6.585493290787,6.60399064475737,6.615493290787,,6.52187542446769,6.52264376878257,6.55939946742834,6.49413563875722,6.51230379099227
1065,Vector,1340,5,Additive0.015,3658200,3266,35,6.58289559007565,6.60399064475737,6.61289559007565,,6.52187542446769,6.52264376878257,6.55939946742834,6.49413563875722,6.51230379099227
1065,Dist L1,1340,5,Additive0.015,860246,4231,64,6.585493290787,6.60399064475737,6.615493290787,,6.52187542446769,6.52264376878257,6.55939946742834,6.49413563875722,6.51230379099227
1066,Oracle,1340,5,Additive0.015,174200,130,13,6.57874267718892,6.60461146150015,6.60874267718892,,6.52221704369302,6.52350468064112,6.56006408306269,6.49477606441881,6.51184909409977
1066,Oracle Vector,1340,5,Additive0.015,2945320,2648,26,6.58289559007566,6.60461146150015,6.61289559007566,,6.52221704369302,6.52350468064112,6.56006408306269,6.49477606441881,6.51184909409977
1066,Vector,1340,5,Additive0.015,3658200,3266,35,6.58289559007565,6.60461146150015,6.61289559007565,,6.52221704369302,6.52350468064112,6.56006408306269,6.49477606441881,6.51184909409977
1066,Value,1340,5,Additive0.015,833476,4237,62,6.585493290787,6.60461146150015,6.615493290787,,6.52221704369302,6.52350468064112,6.56006408306269,6.49477606441881,6.51184909409977
1066,Dist L1,1340,5,Additive0.015,860246,4231,64,6.585493290787,6.60461146150015,6.615493290787,,6.52221704369302,6.52350468064112,6.56006408306269,6.49477606441881,6.51184909409977
1067,Oracle,1340,5,Additive0.015,174200,130,13,6.57874267718892,6.60561225453674,6.60874267718892,,6.52244155166783,6.52450551700004,6.56107826605567,6.49576435057476,6.51213582919616
1067,Oracle Vector,1340,5,Additive0.015,2945320,2648,26,6.58289559007566,6.60561225453674,6.61289559007566,,6.52244155166782,6.52450551700004,6.56107826605567,6.49576435057476,6.51213582919616
1067,Vector,1340,5,Additive0.015,3658200,3266,35,6.58289559007565,6.60561225453674,6.61289559007565,,6.52244155166782,6.52450551700004,6.56107826605567,6.49576435057476,6.51213582919616
1067,Value,1340,5,Additive0.015,833476,4237,62,6.585493290787,6.60561225453674,6.615493290787,,6.52244155166782,6.52450551700004,6.56107826605567,6.49576435057475,6.51213582919616
1067,Dist L1,1340,5,Additive0.015,860246,4231,64,6.585493290787,6.60561225453674,6.615493290787,,6.52244155166782,6.52450551700004,6.56107826605567,6.49576435057475,6.51213582919616
1068,Oracle,1340,5,Additive0.015,174200,130,13,6.57874267718892,6.60611484093625,6.60874267718892,,6.52263273709543,6.52547724794509,6.56140461249771,6.49614936911243,6.51211054448938
1068,Oracle Vector,1340,5,Additive0.015,2945320,2648,26,6.58289559007566,6.60611484093625,6.61289559007566,,6.52263273709543,6.52547724794509,6.56140461249771,6.49614936911244,6.51211054448938
1068,Vector,1340,5,Additive0.015,3658200,3266,35,6.58289559007565,6.60611484093625,6.61289559007565,,6.52263273709543,6.52547724794509,6.56140461249771,6.49614936911243,6.51211054448938
1068,Value,1340,5,Additive0.015,833476,4237,62,6.585493290787,6.60611484093625,6.615493290787,,6.52263273709543,6.52547724794509,6.56140461249771,6.49614936911244,6.51211054448938
1068,Dist L1,1340,5,Additive0.015,860246,4231,64,6.585493290787,6.60611484093625,6.615493290787,,6.52263273709543,6.52547724794509,6.56140461249771,6.49614936911244,6.51211054448938
1069,Oracle,1340,5,Additive0.015,174200,130,13,6.57874267718892,6.6066917893644,6.60874267718892,,6.52246144008615,6.52615077472456,6.56205033631826,6.49645725240229,6.51252566285025
1069,Oracle Vector,1340,5,Additive0.015,2950680,2653,26,6.58289559007566,6.6066917893644,6.61289559007566,,6.52246144008614,6.52615077472456,6.56205033631825,6.49645725240228,6.51252566285025
1069,Value,1340,5,Additive0.015,833476,4237,62,6.585493290787,6.6066917893644,6.615493290787,,6.52246144008614,6.52615077472456,6.56205033631825,6.49645725240228,6.51252566285025
1069,Vector,1340,5,Additive0.015,3663560,3271,35,6.58289559007565,6.6066917893644,6.61289559007565,,6.52246144008614,6.52615077472456,6.56205033631826,6.49645725240228,6.51252566285025
1069,Dist L1,1340,5,Additive0.015,860246,4231,64,6.585493290787,6.6066917893644,6.615493290787,,6.52246144008614,6.52615077472456,6.56205033631825,6.49645725240228,6.51252566285025
1070,Oracle,1340,5,Additive0.015,174200,130,13,6.57874267718892,6.60686743588801,6.60874267718892,,6.52169972792323,6.52634400914217,6.56205447530837,6.49697619393051,6.51229637231514
1070,Oracle Vector,1340,5,Additive0.015,2950680,2653,26,6.58289559007566,6.60686743588801,6.61289559007566,,6.52169972792323,6.52634400914217,6.56205447530837,6.49697619393051,6.51229637231514
1070,Value,1340,5,Additive0.015,833476,4237,62,6.585493290787,6.60686743588801,6.615493290787,,6.52169972792323,6.52634400914217,6.56205447530837,6.4969761939305,6.51229637231514
1070,Vector,1340,5,Additive0.015,3663560,3271,35,6.58289559007565,6.60686743588802,6.61289559007565,,6.52169972792323,6.52634400914217,6.56205447530837,6.49697619393051,6.51229637231514
1070,Dist L1,1340,5,Additive0.015,860246,4231,64,6.585493290787,6.60686743588802,6.615493290787,,6.52169972792323,6.52634400914217,6.56205447530837,6.4969761939305,6.51229637231514
1071,Oracle,1340,5,Additive0.015,174200,130,13,6.57874267718892,6.60718813117253,6.60874267718892,,6.52163559088425,6.52509690304552,6.56310522204674,6.49792274501098,6.51183672069423
1071,Oracle Vector,1340,5,Additive0.015,2950680,2653,26,6.58289559007566,6.60718813117253,6.61289559007566,,6.52163559088425,6.52509690304552,6.56310522204674,6.49792274501098,6.51183672069423
1071,Vector,1340,5,Additive0.015,3663560,3271,35,6.58289559007565,6.60718813117253,6.61289559007565,,6.52163559088425,6.52509690304552,6.56310522204674,6.49792274501098,6.51183672069423
1071,Value,1340,5,Additive0.015,833476,4237,62,6.585493290787,6.60718813117253,6.615493290787,,6.52163559088425,6.52509690304552,6.56310522204674,6.49792274501098,6.51183672069423
1071,Dist L1,1340,5,Additive0.015,860246,4231,64,6.585493290787,6.60718813117253,6.615493290787,,6.52163559088425,6.52509690304552,6.56310522204674,6.49792274501098,6.51183672069423
1072,Oracle,1340,5,Additive0.015,174200,130,13,6.57874267718892,6.60698265379355,6.60874267718892,,6.52234254674855,6.52520462857605,6.56181946835668,6.49677797491691,6.51054415672642
1072,Oracle Vector,1340,5,Additive0.015,2950680,2653,26,6.58289559007566,6.60698265379355,6.61289559007566,,6.52234254674855,6.52520462857605,6.56181946835668,6.49677797491691,6.51054415672642
1072,Vector,1340,5,Additive0.015,3663560,3271,35,6.58289559007565,6.60698265379355,6.61289559007565,,6.52234254674855,6.52520462857605,6.56181946835668,6.49677797491691,6.51054415672642
1072,Value,1340,5,Additive0.015,833476,4237,62,6.585493290787,6.60698265379355,6.615493290787,,6.52234254674855,6.52520462857605,6.56181946835668,6.49677797491691,6.51054415672642
1072,Dist L1,1340,5,Additive0.015,860246,4231,64,6.585493290787,6.60698265379355,6.615493290787,,6.52234254674855,6.52520462857605,6.56181946835668,6.49677797491691,6.51054415672642
1073,Oracle,1340,5,Additive0.015,174200,130,13,6.57874267718892,6.60708265935844,6.60874267718892,,6.52266856450291,6.52571742189024,6.56104235063892,6.49679932819704,6.51037322195376
1073,Oracle Vector,1340,5,Additive0.015,2956040,2658,26,6.58289559007566,6.60708265935844,6.61289559007566,,6.52266856450291,6.52571742189024,6.56104235063892,6.49679932819704,6.51037322195376
1073,Value,1340,5,Additive0.015,833476,4237,62,6.585493290787,6.60708265935844,6.615493290787,,6.52266856450291,6.52571742189024,6.56104235063892,6.49679932819704,6.51037322195376
1073,Vector,1340,5,Additive0.015,3668920,3276,35,6.58289559007565,6.60708265935844,6.61289559007565,,6.52266856450291,6.52571742189024,6.56104235063892,6.49679932819704,6.51037322195376
1073,Dist L1,1340,5,Additive0.015,860246,4231,64,6.585493290787,6.60708265935844,6.615493290787,,6.52266856450291,6.52571742189024,6.56104235063892,6.49679932819704,6.51037322195376
1074,Oracle,1340,5,Additive0.015,174200,130,13,6.57874267718892,6.60788398144585,6.60874267718892,,6.52310235262658,6.52705934544788,6.56161039442094,6.49725390817391,6.51019880023286
1074,Oracle Vector,1340,5,Additive0.015,2956040,2658,26,6.58289559007566,6.60788398144585,6.61289559007566,,6.52310235262658,6.52705934544788,6.56161039442094,6.49725390817391,6.51019880023286
1074,Vector,1340,5,Additive0.015,3674280,3281,35,6.58289559007565,6.60788398144585,6.61289559007565,,6.52310235262658,6.52705934544788,6.56161039442094,6.49725390817391,6.51019880023286
1074,Value,1340,5,Additive0.015,833476,4237,62,6.585493290787,6.60788398144585,6.615493290787,,6.52310235262658,6.52705934544788,6.56161039442094,6.49725390817391,6.51019880023286
1074,Dist L1,1340,5,Additive0.015,860246,4231,64,6.585493290787,6.60788398144585,6.615493290787,,6.52310235262658,6.52705934544788,6.56161039442094,6.49725390817391,6.51019880023286
1075,Oracle,1340,5,Additive0.015,174200,130,13,6.57874267718892,6.60801098894854,6.60874267718892,,6.52216360756985,6.52759935152961,6.56255095824644,6.49696251048692,6.50972230459048
1075,Oracle Vector,1340,5,Additive0.015,2956040,2658,26,6.58289559007566,6.60801098894853,6.61289559007566,,6.52216360756985,6.52759935152961,6.56255095824643,6.49696251048692,6.50972230459048
1075,Value,1340,5,Additive0.015,833476,4237,62,6.585493290787,6.60801098894853,6.615493290787,,6.52216360756985,6.52759935152961,6.56255095824643,6.49696251048692,6.50972230459048
1075,Vector,1340,5,Additive0.015,3682320,3289,35,6.58289559007565,6.60801098894853,6.61289559007565,,6.52216360756985,6.52759935152961,6.56255095824643,6.49696251048692,6.50972230459048
1075,Dist L1,1340,5,Additive0.015,860246,4231,64,6.585493290787,6.60801098894853,6.615493290787,,6.52216360756985,6.52759935152961,6.56255095824643,6.49696251048692,6.50972230459049
1076,Oracle,1340,5,Additive0.015,174200,130,13,6.57874267718892,6.60817573771422,6.60874267718892,,6.52205629972138,6.52701221414385,6.56204247603937,6.49703185865499,6.51041659918179
1076,Oracle Vector,1340,5,Additive0.015,2961400,2663,26,6.58289559007566,6.60817573771422,6.61289559007566,,6.52205629972138,6.52701221414385,6.56204247603937,6.49703185865498,6.51041659918179
1076,Value,1340,5,Additive0.015,833476,4237,62,6.585493290787,6.60817573771422,6.615493290787,,6.52205629972138,6.52701221414385,6.56204247603937,6.49703185865498,6.51041659918179
1076,Vector,1340,5,Additive0.015,3693040,3298,35,6.58289559007565,6.60817573771422,6.61289559007565,,6.52205629972138,6.52701221414385,6.56204247603937,6.49703185865498,6.51041659918179
1076,Dist L1,1340,5,Additive0.015,860246,4231,64,6.585493290787,6.60817573771422,6.615493290787,,6.52205629972138,6.52701221414385,6.56204247603937,6.49703185865498,6.51041659918179
1077,Oracle,1340,5,Additive0.015,187600,140,14,6.59425485089639,6.60925485089639,6.62425485089639,,6.52612954207638,6.53113928867783,6.56360335919309,6.49631348431938,6.50975986895182
1077,Value,1340,5,Additive0.015,833480,4242,62,6.585493290787,6.60925485089639,6.615493290787,,6.52612954207638,6.53113928867783,6.56360335919309,6.49631348431938,6.50975986895182
1077,Oracle Vector,1340,5,Additive0.015,2974800,2674,27,6.59425485089639,6.60925485089639,6.62425485089639,,6.52612954207638,6.53113928867783,6.56360335919309,6.49631348431938,6.50975986895182
1077,Vector,1340,5,Additive0.015,3706440,3310,36,6.59425485089639,6.60925485089639,6.62425485089639,,6.52612954207638,6.53113928867783,6.56360335919309,6.49631348431938,6.50975986895182
1077,Dist L1,1340,5,Additive0.015,860250,4236,64,6.585493290787,6.60925485089639,6.615493290787,,6.52612954207638,6.53113928867783,6.56360335919309,6.49631348431938,6.50975986895182
1078,Oracle,1340,5,Additive0.015,187600,140,14,6.59425485089639,6.6085361621382,6.62425485089639,,6.52556315006618,6.52998877672989,6.56261216408031,6.49553994253091,6.50992273898826
1078,Oracle Vector,1340,5,Additive0.015,2974800,2674,27,6.59425485089639,6.6085361621382,6.62425485089639,,6.52556315006618,6.52998877672989,6.56261216408031,6.49553994253092,6.50992273898826
1078,Value,1340,5,Additive0.015,833480,4242,62,6.585493290787,6.6085361621382,6.615493290787,,6.52556315006618,6.52998877672989,6.56261216408031,6.49553994253092,6.50992273898826
1078,Vector,1340,5,Additive0.015,3706440,3310,36,6.59425485089639,6.6085361621382,6.62425485089639,,6.52556315006618,6.52998877672989,6.56261216408031,6.49553994253092,6.50992273898826
1078,Dist L1,1340,5,Additive0.015,860250,4236,64,6.585493290787,6.6085361621382,6.615493290787,,6.52556315006618,6.52998877672989,6.56261216408031,6.49553994253092,6.50992273898826
1079,Oracle,1340,5,Additive0.015,187600,140,14,6.59425485089639,6.60851252645903,6.62425485089639,,6.5249284278376,6.52931456787786,6.5629939228467,6.4955995108188,6.50912252926528
1079,Oracle Vector,1340,5,Additive0.015,2974800,2674,27,6.59425485089639,6.60851252645903,6.62425485089639,,6.5249284278376,6.52931456787786,6.5629939228467,6.4955995108188,6.50912252926528
1079,Vector,1340,5,Additive0.015,3706440,3310,36,6.59425485089639,6.60851252645903,6.62425485089639,,6.5249284278376,6.52931456787786,6.5629939228467,6.4955995108188,6.50912252926528
1079,Value,1340,5,Additive0.015,833480,4242,62,6.585493290787,6.60851252645903,6.615493290787,,6.5249284278376,6.52931456787786,6.5629939228467,6.4955995108188,6.50912252926528
1079,Dist L1,1340,5,Additive0.015,860250,4236,64,6.585493290787,6.60851252645903,6.615493290787,,6.5249284278376,6.52931456787786,6.5629939228467,6.4955995108188,6.50912252926528
1080,Oracle,1340,5,Additive0.015,187600,140,14,6.59425485089639,6.60868552703867,6.62425485089639,,6.52425302796222,6.52997522228261,6.56332035271338,6.49552701180443,6.50896875684334
1080,Oracle Vector,1340,5,Additive0.015,2974800,2674,27,6.59425485089639,6.60868552703867,6.62425485089639,,6.52425302796222,6.52997522228261,6.56332035271337,6.49552701180442,6.50896875684334
1080,Value,1340,5,Additive0.015,833480,4242,62,6.585493290787,6.60868552703867,6.615493290787,,6.52425302796222,6.52997522228261,6.56332035271337,6.49552701180442,6.50896875684334
1080,Vector,1340,5,Additive0.015,3706440,3310,36,6.59425485089639,6.60868552703867,6.62425485089639,,6.52425302796222,6.52997522228261,6.56332035271337,6.49552701180442,6.50896875684334
1080,Dist L1,1340,5,Additive0.015,860250,4236,64,6.585493290787,6.60868552703867,6.615493290787,,6.52425302796222,6.52997522228261,6.56332035271337,6.49552701180442,6.50896875684334
1081,Oracle,1340,5,Additive0.015,187600,140,14,6.59425485089639,6.60916402788575,6.62425485089639,,6.52608387887201,6.53131430095814,6.56354703581226,6.49496161119407,6.50806630566635
1081,Oracle Vector,1340,5,Additive0.015,2974800,2674,27,6.59425485089639,6.60916402788575,6.62425485089639,,6.52608387887201,6.53131430095814,6.56354703581227,6.49496161119407,6.50806630566635
1081,Vector,1340,5,Additive0.015,3706440,3310,36,6.59425485089639,6.60916402788574,6.62425485089639,,6.52608387887201,6.53131430095814,6.56354703581227,6.49496161119407,6.50806630566635
1081,Value,1340,5,Additive0.015,833486,4249,62,6.585493290787,6.60916402788575,6.615493290787,,6.52608387887201,6.53131430095814,6.56354703581227,6.49496161119407,6.50806630566635
1081,Dist L1,1340,5,Additive0.015,860250,4236,64,6.585493290787,6.60916402788574,6.615493290787,,6.52608387887201,6.53131430095814,6.56354703581227,6.49496161119407,6.50806630566635
1082,Oracle,1340,5,Additive0.015,187600,140,14,6.59425485089639,6.60923438680916,6.62425485089639,,6.52675081429824,6.53107823453067,6.56379462350692,6.49459356934992,6.50811029526259
1082,Oracle Vector,1340,5,Additive0.015,2974800,2674,27,6.59425485089639,6.60923438680916,6.62425485089639,,6.52675081429824,6.53107823453068,6.56379462350692,6.49459356934992,6.50811029526259
1082,Value,1340,5,Additive0.015,833486,4249,62,6.585493290787,6.60923438680916,6.615493290787,,6.52675081429824,6.53107823453068,6.56379462350692,6.49459356934992,6.50811029526259
1082,Vector,1340,5,Additive0.015,3706440,3310,36,6.59425485089639,6.60923438680916,6.62425485089639,,6.52675081429824,6.53107823453068,6.56379462350692,6.49459356934992,6.50811029526259
1082,Dist L1,1340,5,Additive0.015,860250,4236,64,6.585493290787,6.60923438680916,6.615493290787,,6.52675081429824,6.53107823453068,6.56379462350692,6.49459356934992,6.50811029526259
1083,Oracle,1340,5,Additive0.015,187600,140,14,6.59425485089639,6.60918210126978,6.62425485089639,,6.52771243967367,6.53083795565428,6.56406662135063,6.49458440118415,6.50625470873582
1083,Oracle Vector,1340,5,Additive0.015,2974800,2674,27,6.59425485089639,6.60918210126979,6.62425485089639,,6.52771243967366,6.53083795565428,6.56406662135063,6.49458440118415,6.50625470873582
1083,Vector,1340,5,Additive0.015,3706440,3310,36,6.59425485089639,6.60918210126979,6.62425485089639,,6.52771243967366,6.53083795565428,6.56406662135063,6.49458440118415,6.50625470873582
1083,Value,1340,5,Additive0.015,833486,4249,62,6.585493290787,6.60918210126979,6.615493290787,,6.52771243967366,6.53083795565428,6.56406662135063,6.49458440118415,6.50625470873582
1083,Dist L1,1340,5,Additive0.015,860250,4236,64,6.585493290787,6.60918210126979,6.615493290787,,6.52771243967366,6.53083795565428,6.56406662135063,6.49458440118415,6.50625470873582
1084,Oracle,1340,5,Additive0.015,187600,140,14,6.59425485089639,6.61366295067848,6.62425485089639,,6.52917976834745,6.53275489269802,6.56674670079649,6.50003274297926,6.51631747947529
1084,Oracle Vector,1340,5,Additive0.015,2974800,2674,27,6.59425485089639,6.61366295067848,6.62425485089639,,6.52917976834745,6.53275489269802,6.56674670079649,6.50003274297926,6.51631747947529
1084,Vector,1340,5,Additive0.015,3706440,3310,36,6.59425485089639,6.61366295067848,6.62425485089639,,6.52917976834745,6.53275489269802,6.56674670079649,6.50003274297926,6.51631747947529
1084,Value,1340,5,Additive0.015,846891,4271,63,6.59866295067848,6.61366295067848,6.62866295067848,,6.52917976834745,6.53275489269802,6.56674670079649,6.50003274297926,6.51631747947529
1084,Dist L1,1340,5,Additive0.015,873655,4258,65,6.59866295067848,6.61366295067848,6.62866295067848,,6.52917976834745,6.53275489269802,6.56674670079649,6.50003274297926,6.51631747947529
1085,Oracle,1340,5,Additive0.015,187600,140,14,6.59425485089639,6.61344917464378,6.62425485089639,,6.52873670746603,6.53183737961978,6.56704390784877,6.50029965618445,6.51645715946677
1085,Value,1340,5,Additive0.015,846891,4271,63,6.59866295067848,6.61344917464378,6.62866295067848,,6.52873670746603,6.53183737961978,6.56704390784877,6.50029965618445,6.51645715946677
1085,Oracle Vector,1340,5,Additive0.015,2974800,2674,27,6.59425485089639,6.61344917464378,6.62425485089639,,6.52873670746603,6.53183737961978,6.56704390784877,6.50029965618445,6.51645715946677
1085,Vector,1340,5,Additive0.015,3706440,3310,36,6.59425485089639,6.61344917464378,6.62425485089639,,6.52873670746603,6.53183737961978,6.56704390784877,6.50029965618445,6.51645715946677
1085,Dist L1,1340,5,Additive0.015,873655,4258,65,6.59866295067848,6.61344917464378,6.62866295067848,,6.52873670746603,6.53183737961978,6.56704390784877,6.50029965618445,6.51645715946677
1086,Oracle,1340,5,Additive0.015,187600,140,14,6.59425485089639,6.61273406441463,6.62425485089639,,6.52872989981095,6.53056467821978,6.56663356807977,6.49989729659122,6.51612426092955
1086,Oracle Vector,1340,5,Additive0.015,2974800,2674,27,6.59425485089639,6.61273406441463,6.62425485089639,,6.52872989981095,6.53056467821977,6.56663356807977,6.49989729659122,6.51612426092955
1086,Value,1340,5,Additive0.015,846891,4271,63,6.59866295067848,6.61273406441463,6.62866295067848,,6.52872989981095,6.53056467821977,6.56663356807977,6.49989729659122,6.51612426092955
1086,Vector,1340,5,Additive0.015,3706440,3310,36,6.59425485089639,6.61273406441463,6.62425485089639,,6.52872989981095,6.53056467821977,6.56663356807977,6.49989729659122,6.51612426092955
1086,Dist L1,1340,5,Additive0.015,873655,4258,65,6.59866295067848,6.61273406441463,6.62866295067848,,6.52872989981095,6.53056467821977,6.56663356807977,6.49989729659122,6.51612426092955
1087,Oracle,1340,5,Additive0.015,187600,140,14,6.59425485089639,6.6124307781751,6.62425485089639,,6.52885130891774,6.52877472552361,6.56727571744084,6.5001027396324,6.51570255521135
1087,Oracle Vector,1340,5,Additive0.015,2974800,2674,27,6.59425485089639,6.6124307781751,6.62425485089639,,6.52885130891774,6.52877472552361,6.56727571744084,6.5001027396324,6.51570255521135
1087,Vector,1340,5,Additive0.015,3706440,3310,36,6.59425485089639,6.6124307781751,6.62425485089639,,6.52885130891774,6.52877472552361,6.56727571744084,6.5001027396324,6.51570255521135
1087,Value,1340,5,Additive0.015,846891,4271,63,6.59866295067848,6.6124307781751,6.62866295067848,,6.52885130891774,6.52877472552361,6.56727571744084,6.5001027396324,6.51570255521135
1087,Dist L1,1340,5,Additive0.015,873655,4258,65,6.59866295067848,6.6124307781751,6.62866295067848,,6.52885130891774,6.52877472552361,6.56727571744084,6.5001027396324,6.51570255521135
1088,Oracle,1340,5,Additive0.015,187600,140,14,6.59425485089639,6.61180805279225,6.62425485089639,,6.52916660670947,6.52713782043974,6.56659022657591,6.49921730462767,6.51544598248331
1088,Oracle Vector,1340,5,Additive0.015,2974800,2674,27,6.59425485089639,6.61180805279225,6.62425485089639,,6.52916660670947,6.52713782043974,6.56659022657591,6.49921730462767,6.5154459824833
1088,Value,1340,5,Additive0.015,846891,4271,63,6.59866295067848,6.61180805279225,6.62866295067848,,6.52916660670947,6.52713782043974,6.56659022657591,6.49921730462767,6.5154459824833
1088,Vector,1340,5,Additive0.015,3706440,3310,36,6.59425485089639,6.61180805279225,6.62425485089639,,6.52916660670947,6.52713782043974,6.56659022657591,6.49921730462767,6.5154459824833
1088,Dist L1,1340,5,Additive0.015,873655,4258,65,6.59866295067848,6.61180805279225,6.62866295067848,,6.52916660670947,6.52713782043974,6.56659022657591,6.49921730462767,6.5154459824833
1089,Oracle,1340,5,Additive0.015,187600,140,14,6.59425485089639,6.6122084350116,6.62425485089639,,6.52963709080238,6.52669783528497,6.56701070195248,6.49972072154967,6.51553160275537
1089,Oracle Vector,1340,5,Additive0.015,2974800,2674,27,6.59425485089639,6.6122084350116,6.62425485089639,,6.52963709080237,6.52669783528497,6.56701070195248,6.49972072154967,6.51553160275537
1089,Value,1340,5,Additive0.015,846891,4271,63,6.59866295067848,6.6122084350116,6.62866295067848,,6.52963709080237,6.52669783528497,6.56701070195248,6.49972072154967,6.51553160275537
1089,Vector,1340,5,Additive0.015,3706440,3310,36,6.59425485089639,6.6122084350116,6.62425485089639,,6.52963709080237,6.52669783528497,6.56701070195248,6.49972072154967,6.51553160275537
1089,Dist L1,1340,5,Additive0.015,873655,4258,65,6.59866295067848,6.6122084350116,6.62866295067848,,6.52963709080237,6.52669783528497,6.56701070195248,6.49972072154967,6.51553160275537
1090,Oracle,1340,5,Additive0.015,187600,140,14,6.59425485089639,6.61236078916311,6.62425485089639,,6.5302587481104,6.52642695446804,6.56722143047475,6.49940479765479,6.51622481632334
1090,Vector,1340,5,Additive0.015,3706440,3310,36,6.59425485089639,6.61236078916311,6.62425485089639,,6.53025874811041,6.52642695446804,6.56722143047475,6.49940479765479,6.51622481632333
1090,Oracle Vector,1340,5,Additive0.015,2974800,2674,27,6.59425485089639,6.61236078916311,6.62425485089639,,6.53025874811041,6.52642695446804,6.56722143047475,6.49940479765479,6.51622481632333
1090,Value,1340,5,Additive0.015,846891,4271,63,6.59866295067848,6.61236078916311,6.62866295067848,,6.53025874811041,6.52642695446804,6.56722143047475,6.49940479765479,6.51622481632334
1090,Dist L1,1340,5,Additive0.015,873655,4258,65,6.59866295067848,6.61236078916311,6.62866295067848,,6.53025874811041,6.52642695446804,6.56722143047475,6.49940479765479,6.51622481632334
1091,Oracle,1340,5,Additive0.015,187600,140,14,6.59425485089639,6.61224165303297,6.62425485089639,,6.53020782860476,6.52520341148453,6.56697336720932,6.49871510535901,6.51607035209724
1091,Oracle Vector,1340,5,Additive0.015,2974800,2674,27,6.59425485089639,6.61224165303297,6.62425485089639,,6.53020782860476,6.52520341148453,6.56697336720932,6.49871510535901,6.51607035209724
1091,Vector,1340,5,Additive0.015,3706440,3310,36,6.59425485089639,6.61224165303297,6.62425485089639,,6.53020782860476,6.52520341148453,6.56697336720932,6.49871510535901,6.51607035209724
1091,Value,1340,5,Additive0.015,846891,4271,63,6.59866295067848,6.61224165303297,6.62866295067848,,6.53020782860476,6.52520341148453,6.56697336720932,6.49871510535901,6.51607035209724
1091,Dist L1,1340,5,Additive0.015,873655,4258,65,6.59866295067848,6.61224165303297,6.62866295067848,,6.53020782860476,6.52520341148453,6.56697336720932,6.49871510535901,6.51607035209724
1092,Oracle,1340,5,Additive0.015,187600,140,14,6.59425485089639,6.61077037501561,6.62425485089639,,6.52744751124815,6.52248854174305,6.56569590014716,6.49765657427741,6.51411708157028
1092,Oracle Vector,1340,5,Additive0.015,2974800,2674,27,6.59425485089639,6.61077037501561,6.62425485089639,,6.52744751124815,6.52248854174305,6.56569590014716,6.49765657427741,6.51411708157028
1092,Value,1340,5,Additive0.015,846899,4281,63,6.59866295067848,6.61077037501561,6.62866295067848,,6.52744751124815,6.52248854174305,6.56569590014716,6.49765657427741,6.51411708157028
1092,Vector,1340,5,Additive0.015,3711800,3315,36,6.59425485089639,6.61077037501561,6.62425485089639,,6.52744751124815,6.52248854174305,6.56569590014716,6.49765657427741,6.51411708157029
1092,Dist L1,1340,5,Additive0.015,873661,4265,65,6.59866295067848,6.61077037501561,6.62866295067848,,6.52744751124815,6.52248854174305,6.56569590014716,6.49765657427741,6.51411708157028
1093,Oracle,1340,5,Additive0.015,187600,140,14,6.59425485089639,6.60968993763159,6.62425485089639,,6.52669363364877,6.51969260603308,6.56392467052507,6.49641461703584,6.51241831465547
1093,Oracle Vector,1340,5,Additive0.015,2980160,2679,27,6.59425485089639,6.60968993763159,6.62425485089639,,6.52669363364877,6.51969260603308,6.56392467052507,6.49641461703584,6.51241831465547
1093,Value,1340,5,Additive0.015,846909,4292,63,6.59866295067848,6.60968993763159,6.62866295067848,,6.52669363364877,6.51969260603308,6.56392467052507,6.49641461703584,6.51241831465547
1093,Vector,1340,5,Additive0.015,3722520,3325,36,6.59425485089639,6.60968993763159,6.62425485089639,,6.52669363364877,6.51969260603308,6.56392467052507,6.49641461703584,6.51241831465547
1093,Dist L1,1340,5,Additive0.015,873671,4277,65,6.59866295067848,6.60968993763159,6.62866295067848,,6.52669363364877,6.51969260603308,6.56392467052507,6.49641461703584,6.51241831465547
1094,Oracle,1340,5,Additive0.015,187600,140,14,6.59425485089639,6.60998910391784,6.62425485089639,,6.52667251002569,6.51913716375236,6.56358591933791,6.49732000945804,6.51239433645427
1094,Oracle Vector,1340,5,Additive0.015,2980160,2679,27,6.59425485089639,6.60998910391784,6.62425485089639,,6.52667251002569,6.51913716375236,6.56358591933791,6.49732000945804,6.51239433645427
1094,Value,1340,5,Additive0.015,846913,4297,63,6.59866295067848,6.60998910391784,6.62866295067848,,6.52667251002569,6.51913716375236,6.56358591933791,6.49732000945804,6.51239433645427
1094,Vector,1340,5,Additive0.015,3722520,3325,36,6.59425485089639,6.60998910391784,6.62425485089639,,6.52667251002569,6.51913716375236,6.56358591933791,6.49732000945804,6.51239433645427
1094,Dist L1,1340,5,Additive0.015,873675,4282,65,6.59866295067848,6.60998910391784,6.62866295067848,,6.52667251002569,6.51913716375236,6.56358591933791,6.49732000945804,6.51239433645427
1095,Oracle,1340,5,Additive0.015,187600,140,14,6.59425485089639,6.61016009442674,6.62425485089639,,6.52699158838535,6.51897785019656,6.5634487537209,6.49763161718063,6.51248376013467
1095,Oracle Vector,1340,5,Additive0.015,2980160,2679,27,6.59425485089639,6.61016009442674,6.62425485089639,,6.52699158838535,6.51897785019656,6.5634487537209,6.49763161718063,6.51248376013467
1095,Value,1340,5,Additive0.015,846913,4297,63,6.59866295067848,6.61016009442674,6.62866295067848,,6.52699158838535,6.51897785019656,6.5634487537209,6.49763161718063,6.51248376013467
1095,Vector,1340,5,Additive0.015,3722520,3325,36,6.59425485089639,6.61016009442674,6.62425485089639,,6.52699158838535,6.51897785019656,6.5634487537209,6.49763161718063,6.51248376013467
1095,Dist L1,1340,5,Additive0.015,873675,4282,65,6.59866295067848,6.61016009442674,6.62866295067848,,6.52699158838535,6.51897785019656,6.5634487537209,6.49763161718063,6.51248376013467
1096,Oracle,1340,5,Additive0.015,187600,140,14,6.59425485089639,6.61070346092323,6.62425485089639,,6.52780384543555,6.51897009427542,6.56398099869079,6.49806646923366,6.51221136757056
1096,Oracle Vector,1340,5,Additive0.015,2980160,2679,27,6.59425485089639,6.61070346092323,6.62425485089639,,6.52780384543555,6.51897009427542,6.56398099869079,6.49806646923366,6.51221136757056
1096,Vector,1340,5,Additive0.015,3722520,3325,36,6.59425485089639,6.61070346092323,6.62425485089639,,6.52780384543555,6.51897009427542,6.56398099869079,6.49806646923366,6.51221136757056
1096,Value,1340,5,Additive0.015,846913,4297,63,6.59866295067848,6.61070346092323,6.62866295067848,,6.52780384543555,6.51897009427542,6.56398099869079,6.49806646923366,6.51221136757056
1096,Dist L1,1340,5,Additive0.015,873675,4282,65,6.59866295067848,6.61070346092323,6.62866295067848,,6.52780384543555,6.51897009427542,6.56398099869079,6.49806646923366,6.51221136757056
1097,Oracle,1340,5,Additive0.015,187600,140,14,6.59425485089639,6.61023205488853,6.62425485089639,,6.52849539045447,6.51837171838271,6.56294514954125,6.49756458238389,6.51119647208785
1097,Oracle Vector,1340,5,Additive0.015,2980160,2679,27,6.59425485089639,6.61023205488853,6.62425485089639,,6.52849539045447,6.51837171838271,6.56294514954125,6.49756458238388,6.51119647208785
1097,Vector,1340,5,Additive0.015,3722520,3325,36,6.59425485089639,6.61023205488853,6.62425485089639,,6.52849539045447,6.51837171838271,6.56294514954125,6.49756458238388,6.51119647208785
1097,Value,1340,5,Additive0.015,846921,4307,63,6.59866295067848,6.61023205488853,6.62866295067848,,6.52849539045447,6.51837171838271,6.56294514954125,6.49756458238389,6.51119647208785
1097,Dist L1,1340,5,Additive0.015,873683,4291,65,6.59866295067848,6.61023205488853,6.62866295067848,,6.52849539045447,6.51837171838271,6.56294514954125,6.49756458238389,6.51119647208785
1098,Oracle,1340,5,Additive0.015,187600,140,14,6.59425485089639,6.60932184493453,6.62425485089639,,6.52795156927627,6.51670145576071,6.56206038114136,6.49641637862937,6.51023535748627
1098,Oracle Vector,1340,5,Additive0.015,2980160,2679,27,6.59425485089639,6.60932184493453,6.62425485089639,,6.52795156927628,6.51670145576071,6.56206038114136,6.49641637862937,6.51023535748627
1098,Vector,1340,5,Additive0.015,3730560,3332,36,6.59425485089639,6.60932184493453,6.62425485089639,,6.52795156927628,6.51670145576071,6.56206038114136,6.49641637862937,6.51023535748627
1098,Value,1340,5,Additive0.015,860326,4328,64,6.59432184493453,6.60932184493453,6.62432184493453,,6.52795156927628,6.51670145576071,6.56206038114136,6.49641637862937,6.51023535748627
1098,Dist L1,1340,5,Additive0.015,887088,4312,66,6.59432184493453,6.60932184493453,6.62432184493453,,6.52795156927628,6.51670145576071,6.56206038114136,6.49641637862937,6.51023535748627
1099,Oracle,1340,5,Additive0.015,187600,140,14,6.59425485089639,6.60898375536624,6.62425485089639,,6.52797897699155,6.51538956001761,6.56058213531902,6.49636707197065,6.51058314789896
1099,Oracle Vector,1340,5,Additive0.015,2985520,2684,27,6.59425485089639,6.60898375536624,6.62425485089639,,6.52797897699154,6.5153895600176,6.56058213531902,6.49636707197065,6.51058314789896
1099,Vector,1340,5,Additive0.015,3741280,3342,36,6.59425485089639,6.60898375536624,6.62425485089639,,6.52797897699154,6.5153895600176,6.56058213531902,6.49636707197065,6.51058314789896
1099,Value,1340,5,Additive0.015,860326,4328,64,6.59432184493453,6.60898375536624,6.62432184493453,,6.52797897699154,6.5153895600176,6.56058213531902,6.49636707197065,6.51058314789896
1099,Dist L1,1340,5,Additive0.015,887088,4312,66,6.59432184493453,6.60898375536624,6.62432184493453,,6.52797897699154,6.5153895600176,6.56058213531902,6.49636707197065,6.51058314789895
1100,Oracle,1340,5,Additive0.015,187600,140,14,6.59425485089639,6.60925959482092,6.62425485089639,,6.52922928714519,6.51514205036257,6.5614767435306,6.49632182145271,6.5106562393011
1100,Oracle Vector,1340,5,Additive0.015,2990880,2689,27,6.59425485089639,6.60925959482093,6.62425485089639,,6.52922928714519,6.51514205036257,6.5614767435306,6.49632182145271,6.5106562393011
1100,Vector,1340,5,Additive0.015,3741280,3342,36,6.59425485089639,6.60925959482093,6.62425485089639,,6.52922928714519,6.51514205036257,6.5614767435306,6.49632182145271,6.5106562393011
1100,Value,1340,5,Additive0.015,860326,4328,64,6.59432184493453,6.60925959482093,6.62432184493453,,6.52922928714519,6.51514205036257,6.5614767435306,6.49632182145271,6.5106562393011
1100,Dist L1,1340,5,Additive0.015,887088,4312,66,6.59432184493453,6.60925959482093,6.62432184493453,,6.52922928714519,6.51514205036257,6.5614767435306,6.49632182145271,6.5106562393011
1101,Oracle,1340,5,Additive0.015,187600,140,14,6.59425485089639,6.60889752063123,6.62425485089639,,6.52885413435135,6.51413934412943,6.56045532430507,6.49568258986911,6.50961951539594
1101,Oracle Vector,1340,5,Additive0.015,2996240,2694,27,6.59425485089639,6.60889752063123,6.62425485089639,,6.52885413435135,6.51413934412943,6.56045532430507,6.49568258986911,6.50961951539594
1101,Value,1340,5,Additive0.015,860326,4328,64,6.59432184493453,6.60889752063123,6.62432184493453,,6.52885413435135,6.51413934412943,6.56045532430507,6.49568258986911,6.50961951539594
1101,Vector,1340,5,Additive0.015,3746640,3347,36,6.59425485089639,6.60889752063123,6.62425485089639,,6.52885413435135,6.51413934412943,6.56045532430507,6.49568258986911,6.50961951539594
1101,Dist L1,1340,5,Additive0.015,887088,4312,66,6.59432184493453,6.60889752063123,6.62432184493453,,6.52885413435135,6.51413934412943,6.56045532430507,6.49568258986911,6.50961951539594
1102,Oracle,1340,5,Additive0.015,187600,140,14,6.59425485089639,6.60787785566137,6.62425485089639,,6.5277119752645,6.51276241278277,6.55766739285793,6.49463640526115,6.50762919293842
1102,Oracle Vector,1340,5,Additive0.015,2996240,2694,27,6.59425485089639,6.60787785566137,6.62425485089639,,6.5277119752645,6.51276241278277,6.55766739285793,6.49463640526115,6.50762919293842
1102,Vector,1340,5,Additive0.015,3752000,3352,36,6.59425485089639,6.60787785566137,6.62425485089639,,6.5277119752645,6.51276241278277,6.55766739285793,6.49463640526115,6.50762919293842
1102,Value,1340,5,Additive0.015,860326,4328,64,6.59432184493453,6.60787785566137,6.62432184493453,,6.5277119752645,6.51276241278277,6.55766739285793,6.49463640526115,6.50762919293842
1102,Dist L1,1340,5,Additive0.015,887088,4312,66,6.59432184493453,6.60787785566137,6.62432184493453,,6.5277119752645,6.51276241278277,6.55766739285793,6.49463640526115,6.50762919293842
1103,Oracle,1340,5,Additive0.015,187600,140,14,6.59425485089639,6.6071532994707,6.62425485089639,,6.52709886900183,6.51138129394463,6.55648498785616,6.49384580157552,6.50695568505112
1103,Oracle Vector,1340,5,Additive0.015,3004280,2701,27,6.59425485089639,6.6071532994707,6.62425485089639,,6.52709886900183,6.51138129394463,6.55648498785616,6.49384580157551,6.50695568505112
1103,Value,1340,5,Additive0.015,860326,4328,64,6.59432184493453,6.6071532994707,6.62432184493453,,6.52709886900183,6.51138129394463,6.55648498785615,6.49384580157551,6.50695568505112
1103,Vector,1340,5,Additive0.015,3762720,3361,36,6.59425485089639,6.6071532994707,6.62425485089639,,6.52709886900183,6.51138129394463,6.55648498785615,6.49384580157551,6.50695568505112
1103,Dist L1,1340,5,Additive0.015,887088,4312,66,6.59432184493453,6.6071532994707,6.62432184493453,,6.52709886900183,6.51138129394463,6.55648498785615,6.49384580157551,6.50695568505112
1104,Oracle,1340,5,Additive0.015,187600,140,14,6.59425485089639,6.60690517773694,6.62425485089639,,6.52747839692614,6.51040387205851,6.55632110714943,6.4942305931857,6.50584967575153
1104,Vector,1340,5,Additive0.015,3762720,3361,36,6.59425485089639,6.60690517773694,6.62425485089639,,6.52747839692614,6.51040387205851,6.55632110714943,6.4942305931857,6.50584967575153
1104,Oracle Vector,1340,5,Additive0.015,3004280,2701,27,6.59425485089639,6.60690517773694,6.62425485089639,,6.52747839692614,6.51040387205851,6.55632110714943,6.4942305931857,6.50584967575153
1104,Value,1340,5,Additive0.015,860326,4328,64,6.59432184493453,6.60690517773694,6.62432184493453,,6.52747839692614,6.51040387205851,6.55632110714943,6.4942305931857,6.50584967575153
1104,Dist L1,1340,5,Additive0.015,887088,4312,66,6.59432184493453,6.60690517773694,6.62432184493453,,6.52747839692614,6.51040387205851,6.55632110714943,6.4942305931857,6.50584967575153
1105,Oracle,1340,5,Additive0.015,187600,140,14,6.59425485089639,6.60585583739028,6.62425485089639,,6.52664593977972,6.50907417112767,6.55529582750696,6.49315515378311,6.5043045130322
1105,Oracle Vector,1340,5,Additive0.015,3009640,2706,27,6.59425485089639,6.60585583739027,6.62425485089639,,6.52664593977972,6.50907417112767,6.55529582750696,6.49315515378311,6.5043045130322
1105,Value,1340,5,Additive0.015,860334,4338,64,6.59432184493453,6.60585583739027,6.62432184493453,,6.52664593977972,6.50907417112767,6.55529582750695,6.49315515378311,6.5043045130322
1105,Vector,1340,5,Additive0.015,3768080,3366,36,6.59425485089639,6.60585583739027,6.62425485089639,,6.52664593977972,6.50907417112767,6.55529582750695,6.49315515378311,6.5043045130322
1105,Dist L1,1340,5,Additive0.015,887094,4319,66,6.59432184493453,6.60585583739027,6.62432184493453,,6.52664593977972,6.50907417112767,6.55529582750695,6.49315515378311,6.5043045130322
1106,Oracle,1340,5,Additive0.015,187600,140,14,6.59425485089639,6.60494820663729,6.62425485089639,,6.52615093401645,6.50776088586693,6.5534383979982,6.49299910247176,6.50335303403818
1106,Oracle Vector,1340,5,Additive0.015,3015000,2711,27,6.59425485089639,6.60494820663729,6.62425485089639,,6.52615093401645,6.50776088586693,6.5534383979982,6.49299910247176,6.50335303403818
1106,Value,1340,5,Additive0.015,860334,4338,64,6.59432184493453,6.60494820663729,6.62432184493453,,6.52615093401645,6.50776088586693,6.5534383979982,6.49299910247176,6.50335303403818
1106,Vector,1340,5,Additive0.015,3773440,3371,36,6.59425485089639,6.60494820663729,6.62425485089639,,6.52615093401645,6.50776088586693,6.5534383979982,6.49299910247176,6.50335303403818
1106,Dist L1,1340,5,Additive0.015,887098,4324,66,6.59432184493453,6.60494820663729,6.62432184493453,,6.52615093401645,6.50776088586693,6.5534383979982,6.49299910247176,6.50335303403818
1107,Oracle,1340,5,Additive0.015,187600,140,14,6.59425485089639,6.60433306015486,6.62425485089639,,6.52647494539753,6.50761578043388,6.55271534285085,6.49225862893936,6.50165610677321
1107,Oracle Vector,1340,5,Additive0.015,3023040,2718,27,6.59425485089639,6.60433306015486,6.62425485089639,,6.52647494539753,6.50761578043389,6.55271534285086,6.49225862893936,6.50165610677321
1107,Value,1340,5,Additive0.015,860340,4345,64,6.59432184493453,6.60433306015486,6.62432184493453,,6.52647494539754,6.50761578043389,6.55271534285086,6.49225862893936,6.50165610677321
1107,Vector,1340,5,Additive0.015,3784160,3380,36,6.59425485089639,6.60433306015486,6.62425485089639,,6.52647494539754,6.50761578043389,6.55271534285086,6.49225862893936,6.50165610677321
1107,Dist L1,1340,5,Additive0.015,887106,4335,66,6.59432184493453,6.60433306015486,6.62432184493453,,6.52647494539754,6.50761578043389,6.55271534285086,6.49225862893936,6.50165610677321
1108,Oracle,1340,5,Additive0.015,187600,140,14,6.59425485089639,6.60366871138731,6.62425485089639,,6.52689747814412,6.50709024203403,6.55183542113658,6.49176731973426,6.5005824565288
1108,Oracle Vector,1340,5,Additive0.015,3023040,2718,27,6.59425485089639,6.60366871138731,6.62425485089639,,6.52689747814412,6.50709024203403,6.55183542113658,6.49176731973426,6.5005824565288
1108,Value,1340,5,Additive0.015,860350,4357,64,6.59432184493453,6.60366871138731,6.62432184493453,,6.52689747814412,6.50709024203403,6.55183542113658,6.49176731973426,6.5005824565288
1108,Vector,1340,5,Additive0.015,3784160,3380,36,6.59425485089639,6.60366871138731,6.62425485089639,,6.52689747814412,6.50709024203403,6.55183542113658,6.49176731973426,6.5005824565288
1108,Dist L1,1340,5,Additive0.015,887116,4346,66,6.59432184493453,6.60366871138731,6.62432184493453,,6.52689747814412,6.50709024203404,6.55183542113658,6.49176731973426,6.5005824565288
1109,Oracle,1340,5,Additive0.015,187600,140,14,6.59425485089639,6.60317329075757,6.62425485089639,,6.52749904804278,6.5082354129377,6.55048640310852,6.49145014063793,6.49986756494356
1109,Oracle Vector,1340,5,Additive0.015,3023040,2718,27,6.59425485089639,6.60317329075757,6.62425485089639,,6.52749904804278,6.5082354129377,6.55048640310852,6.49145014063793,6.49986756494356
1109,Vector,1340,5,Additive0.015,3784160,3380,36,6.59425485089639,6.60317329075757,6.62425485089639,,6.52749904804278,6.5082354129377,6.55048640310852,6.49145014063793,6.49986756494356
1109,Value,1340,5,Additive0.015,873755,4377,65,6.58817329075757,6.60317329075757,6.61817329075757,,6.52749904804278,6.5082354129377,6.55048640310852,6.49145014063793,6.49986756494356
1109,Dist L1,1340,5,Additive0.015,900521,4366,67,6.58817329075757,6.60317329075757,6.61817329075757,,6.52749904804278,6.5082354129377,6.55048640310852,6.49145014063793,6.49986756494356
1110,Oracle,1340,5,Additive0.015,187600,140,14,6.59425485089639,6.60250586961254,6.62425485089639,,6.52751551732237,6.50783500448395,6.54963353976289,6.49139750553118,6.49912972435275
1110,Oracle Vector,1340,5,Additive0.015,3023040,2718,27,6.59425485089639,6.60250586961254,6.62425485089639,,6.52751551732237,6.50783500448395,6.54963353976289,6.49139750553118,6.49912972435275
1110,Vector,1340,5,Additive0.015,3784160,3380,36,6.59425485089639,6.60250586961254,6.62425485089639,,6.52751551732237,6.50783500448395,6.54963353976289,6.49139750553118,6.49912972435275
1110,Value,1340,5,Additive0.015,873755,4377,65,6.58817329075757,6.60250586961254,6.61817329075757,,6.52751551732237,6.50783500448395,6.54963353976289,6.49139750553118,6.49912972435275
1110,Dist L1,1340,5,Additive0.015,900521,4366,67,6.58817329075757,6.60250586961254,6.61817329075757,,6.52751551732237,6.50783500448395,6.54963353976289,6.49139750553118,6.49912972435275
1111,Oracle,1340,5,Additive0.015,187600,140,14,6.59425485089639,6.60168223496222,6.62425485089639,,6.52786123535075,6.50751320652166,6.54825067408658,6.49024272569915,6.49793090072709
1111,Oracle Vector,1340,5,Additive0.015,3028400,2723,27,6.59425485089639,6.60168223496222,6.62425485089639,,6.52786123535075,6.50751320652166,6.54825067408658,6.49024272569915,6.49793090072709
1111,Value,1340,5,Additive0.015,873755,4377,65,6.58817329075757,6.60168223496222,6.61817329075757,,6.52786123535075,6.50751320652166,6.54825067408658,6.49024272569915,6.49793090072709
1111,Vector,1340,5,Additive0.015,3794880,3389,36,6.59425485089639,6.60168223496222,6.62425485089639,,6.52786123535075,6.50751320652166,6.54825067408658,6.49024272569915,6.49793090072709
1111,Dist L1,1340,5,Additive0.015,900521,4366,67,6.58817329075757,6.60168223496222,6.61817329075757,,6.52786123535075,6.50751320652166,6.54825067408658,6.49024272569915,6.49793090072709
1112,Oracle,1340,5,Additive0.015,187600,140,14,6.59425485089639,6.60013602119923,6.62425485089639,,6.52605971553135,6.506204355408,6.54685546120152,6.48921977716178,6.49653130146088
1112,Oracle Vector,1340,5,Additive0.015,3028400,2723,27,6.59425485089639,6.60013602119922,6.62425485089639,,6.52605971553135,6.506204355408,6.54685546120152,6.48921977716178,6.49653130146088
1112,Value,1340,5,Additive0.015,873755,4377,65,6.58817329075757,6.60013602119922,6.61817329075757,,6.52605971553135,6.506204355408,6.54685546120152,6.48921977716178,6.49653130146088
1112,Vector,1340,5,Additive0.015,3802920,3396,36,6.59425485089639,6.60013602119922,6.62425485089639,,6.52605971553135,6.506204355408,6.54685546120152,6.48921977716178,6.49653130146088
1112,Dist L1,1340,5,Additive0.015,900521,4366,67,6.58817329075757,6.60013602119922,6.61817329075757,,6.52605971553135,6.506204355408,6.54685546120152,6.48921977716178,6.49653130146088
1113,Oracle,1340,5,Additive0.015,187600,140,14,6.59425485089639,6.59937498934582,6.62425485089639,,6.52567783323603,6.5058934193872,6.54610803985274,6.48869590253119,6.49547696427978
1113,Oracle Vector,1340,5,Additive0.015,3028400,2723,27,6.59425485089639,6.59937498934582,6.62425485089639,,6.52567783323604,6.50589341938721,6.54610803985274,6.48869590253119,6.49547696427978
1113,Value,1340,5,Additive0.015,873755,4377,65,6.58817329075757,6.59937498934582,6.61817329075757,,6.52567783323604,6.50589341938721,6.54610803985274,6.48869590253119,6.49547696427978
1113,Dist L1,1340,5,Additive0.015,900521,4366,67,6.58817329075757,6.59937498934582,6.61817329075757,,6.52567783323603,6.50589341938721,6.54610803985274,6.48869590253119,6.49547696427978
1113,Vector,1340,5,Additive0.015,3816320,3407,36,6.59425485089639,6.59937498934582,6.62425485089639,,6.52567783323604,6.50589341938721,6.54610803985274,6.48869590253119,6.49547696427978
1114,Oracle,1340,5,Additive0.015,187600,140,14,6.59425485089639,6.59824137276374,6.62425485089639,,6.5240797790849,6.50482242241022,6.54480984828543,6.48742300192439,6.49477973900358
1114,Oracle Vector,1340,5,Additive0.015,3039120,2732,27,6.59425485089639,6.59824137276374,6.62425485089639,,6.5240797790849,6.50482242241022,6.54480984828543,6.48742300192439,6.49477973900358
1114,Value,1340,5,Additive0.015,873759,4382,65,6.58817329075757,6.59824137276374,6.61817329075757,,6.5240797790849,6.50482242241022,6.54480984828543,6.48742300192439,6.49477973900358
1114,Vector,1340,5,Additive0.015,3827040,3416,36,6.59425485089639,6.59824137276374,6.62425485089639,,6.5240797790849,6.50482242241022,6.54480984828543,6.48742300192439,6.49477973900358
1114,Dist L1,1340,5,Additive0.015,900525,4371,67,6.58817329075757,6.59824137276374,6.61817329075757,,6.5240797790849,6.50482242241022,6.54480984828543,6.48742300192439,6.49477973900358
1115,Oracle,1340,5,Additive0.015,187600,140,14,6.59425485089639,6.597692409043,6.62425485089639,,6.52516253636276,6.50500498090846,6.54370891925607,6.48624045252547,6.49438485176488
1115,Oracle Vector,1340,5,Additive0.015,3039120,2732,27,6.59425485089639,6.597692409043,6.62425485089639,,6.52516253636276,6.50500498090846,6.54370891925607,6.48624045252548,6.49438485176488
1115,Value,1340,5,Additive0.015,873767,4391,65,6.58817329075757,6.597692409043,6.61817329075757,,6.52516253636276,6.50500498090846,6.54370891925607,6.48624045252548,6.49438485176488
1115,Vector,1340,5,Additive0.015,3840440,3427,37,6.582692409043,6.597692409043,6.612692409043,,6.52516253636277,6.50500498090846,6.54370891925607,6.48624045252548,6.49438485176488
1115,Dist L1,1340,5,Additive0.015,900531,4379,67,6.58817329075757,6.597692409043,6.61817329075757,,6.52516253636277,6.50500498090846,6.54370891925607,6.48624045252548,6.49438485176488
1116,Oracle,1340,5,Additive0.015,187600,140,14,6.59425485089639,6.59679600759379,6.62425485089639,,6.52433553861122,6.50494264492917,6.54238422707631,6.48534159942236,6.49444628356891
1116,Value,1340,5,Additive0.015,873775,4400,65,6.58817329075757,6.59679600759379,6.61817329075757,,6.52433553861122,6.50494264492917,6.54238422707631,6.48534159942236,6.49444628356891
1116,Vector,1340,5,Additive0.015,3840440,3427,37,6.582692409043,6.59679600759379,6.612692409043,,6.52433553861122,6.50494264492917,6.54238422707631,6.48534159942235,6.49444628356891
1116,Oracle Vector,1340,5,Additive0.015,3047160,2739,27,6.59425485089639,6.59679600759379,6.62425485089639,,6.52433553861122,6.50494264492917,6.54238422707631,6.48534159942235,6.49444628356891
1116,Dist L1,1340,5,Additive0.015,900539,4388,67,6.58817329075757,6.59679600759379,6.61817329075757,,6.52433553861122,6.50494264492917,6.54238422707631,6.48534159942236,6.49444628356891
1117,Oracle,1340,5,Additive0.015,187600,140,14,6.59425485089639,6.5963041241628,6.62425485089639,,6.52430552721458,6.50381004360355,6.54160589651033,6.48697333688764,6.49482122597346
1117,Oracle Vector,1340,5,Additive0.015,3055200,2746,27,6.59425485089639,6.5963041241628,6.62425485089639,,6.52430552721458,6.50381004360355,6.54160589651033,6.48697333688764,6.49482122597346
1117,Value,1340,5,Additive0.015,873781,4408,65,6.58817329075757,6.5963041241628,6.61817329075757,,6.52430552721458,6.50381004360355,6.54160589651033,6.48697333688764,6.49482122597346
1117,Vector,1340,5,Additive0.015,3840440,3427,37,6.582692409043,6.5963041241628,6.612692409043,,6.52430552721459,6.50381004360355,6.54160589651033,6.48697333688764,6.49482122597346
1117,Dist L1,1340,5,Additive0.015,900543,4393,67,6.58817329075757,6.5963041241628,6.61817329075757,,6.52430552721459,6.50381004360355,6.54160589651033,6.48697333688764,6.49482122597346
1118,Oracle,1340,5,Additive0.015,187600,140,14,6.59425485089639,6.59690995573016,6.62425485089639,,6.52483362273952,6.50410896927369,6.54221211448711,6.48950237990865,6.49542952918462
1118,Oracle Vector,1340,5,Additive0.015,3055200,2746,27,6.59425485089639,6.59690995573016,6.62425485089639,,6.52483362273952,6.5041089692737,6.54221211448711,6.48950237990865,6.49542952918462
1118,Vector,1340,5,Additive0.015,3840440,3427,37,6.582692409043,6.59690995573016,6.612692409043,,6.52483362273952,6.50410896927369,6.54221211448711,6.48950237990865,6.49542952918462
1118,Value,1340,5,Additive0.015,873789,4418,65,6.58817329075757,6.59690995573016,6.61817329075757,,6.52483362273952,6.50410896927369,6.54221211448711,6.48950237990865,6.49542952918462
1118,Dist L1,1340,5,Additive0.015,900551,4403,67,6.58817329075757,6.59690995573016,6.61817329075757,,6.52483362273952,6.50410896927369,6.54221211448711,6.48950237990865,6.49542952918462
1119,Oracle,1340,5,Additive0.015,187600,140,14,6.59425485089639,6.59782888900515,6.62425485089639,,6.52458478148354,6.5057046247426,6.5426353177465,6.49304536445026,6.49625573243976
1119,Oracle Vector,1340,5,Additive0.015,3055200,2746,27,6.59425485089639,6.59782888900515,6.62425485089639,,6.52458478148354,6.5057046247426,6.54263531774651,6.49304536445026,6.49625573243976
1119,Vector,1340,5,Additive0.015,3840440,3427,37,6.582692409043,6.59782888900515,6.612692409043,,6.52458478148354,6.5057046247426,6.54263531774651,6.49304536445026,6.49625573243976
1119,Value,1340,5,Additive0.015,873795,4425,65,6.58817329075757,6.59782888900515,6.61817329075757,,6.52458478148354,6.5057046247426,6.54263531774651,6.49304536445026,6.49625573243976
1119,Dist L1,1340,5,Additive0.015,900559,4413,67,6.58817329075757,6.59782888900515,6.61817329075757,,6.52458478148354,6.5057046247426,6.54263531774651,6.49304536445026,6.49625573243976
1120,Oracle,1340,5,Additive0.015,187600,140,14,6.59425485089639,6.59807591822996,6.62425485089639,,6.5245868466445,6.50567805160156,6.54209441340907,6.49561861503686,6.49711861201123
1120,Oracle Vector,1340,5,Additive0.015,3055200,2746,27,6.59425485089639,6.59807591822996,6.62425485089639,,6.5245868466445,6.50567805160156,6.54209441340907,6.49561861503687,6.49711861201123
1120,Vector,1340,5,Additive0.015,3840440,3427,37,6.582692409043,6.59807591822996,6.612692409043,,6.5245868466445,6.50567805160156,6.54209441340907,6.49561861503687,6.49711861201123
1120,Value,1340,5,Additive0.015,873805,4437,65,6.58817329075757,6.59807591822996,6.61817329075757,,6.5245868466445,6.50567805160156,6.54209441340907,6.49561861503687,6.49711861201123
1120,Dist L1,1340,5,Additive0.015,900565,4421,67,6.58817329075757,6.59807591822996,6.61817329075757,,6.5245868466445,6.50567805160156,6.54209441340907,6.49561861503687,6.49711861201123
1121,Oracle,1340,5,Additive0.015,187600,140,14,6.59425485089639,6.59831890160159,6.62425485089639,,6.52467598885709,6.50600929030992,6.54164843755853,6.49759066527148,6.49800026996371
1121,Oracle Vector,1340,5,Additive0.015,3060560,2751,27,6.59425485089639,6.59831890160159,6.62425485089639,,6.52467598885709,6.50600929030992,6.54164843755853,6.49759066527149,6.49800026996372
1121,Value,1340,5,Additive0.015,873813,4447,65,6.58817329075757,6.59831890160159,6.61817329075757,,6.5246759888571,6.50600929030992,6.54164843755853,6.49759066527149,6.49800026996372
1121,Vector,1340,5,Additive0.015,3840440,3427,37,6.582692409043,6.59831890160159,6.612692409043,,6.5246759888571,6.50600929030992,6.54164843755853,6.49759066527149,6.49800026996372
1121,Dist L1,1340,5,Additive0.015,900573,4431,67,6.58817329075757,6.59831890160159,6.61817329075757,,6.5246759888571,6.50600929030992,6.54164843755853,6.49759066527149,6.49800026996372
1122,Oracle,1340,5,Additive0.015,187600,140,14,6.59425485089639,6.59826879998662,6.62425485089639,,6.52383154042646,6.50536233368664,6.54167745263971,6.50011211807984,6.49906683881116
1122,Oracle Vector,1340,5,Additive0.015,3065920,2756,27,6.59425485089639,6.59826879998662,6.62425485089639,,6.52383154042646,6.50536233368664,6.54167745263971,6.50011211807984,6.49906683881116
1122,Vector,1340,5,Additive0.015,3840440,3427,37,6.582692409043,6.59826879998662,6.612692409043,,6.52383154042646,6.50536233368664,6.54167745263971,6.50011211807984,6.49906683881116
1122,Value,1340,5,Additive0.015,887218,4467,66,6.58326879998662,6.59826879998662,6.61326879998662,,6.52383154042646,6.50536233368664,6.54167745263971,6.50011211807984,6.49906683881116
1122,Dist L1,1340,5,Additive0.015,913978,4451,68,6.58326879998662,6.59826879998662,6.61326879998662,,6.52383154042646,6.50536233368664,6.54167745263971,6.50011211807984,6.49906683881116
1123,Oracle,1340,5,Additive0.015,187600,140,14,6.59425485089639,6.5989330261148,6.62425485089639,,6.52470725408363,6.5062504843343,6.54234178067501,6.50297266943916,6.49834422123067
1123,Oracle Vector,1340,5,Additive0.015,3065920,2756,27,6.59425485089639,6.5989330261148,6.62425485089639,,6.52470725408364,6.5062504843343,6.54234178067501,6.50297266943916,6.49834422123067
1123,Value,1340,5,Additive0.015,887218,4467,66,6.58326879998662,6.5989330261148,6.61326879998662,,6.52470725408364,6.5062504843343,6.54234178067501,6.50297266943916,6.49834422123067
1123,Vector,1340,5,Additive0.015,3840440,3427,37,6.582692409043,6.5989330261148,6.612692409043,,6.52470725408364,6.5062504843343,6.54234178067501,6.50297266943916,6.49834422123067
1123,Dist L1,1340,5,Additive0.015,913978,4451,68,6.58326879998662,6.5989330261148,6.61326879998662,,6.52470725408364,6.50625048433431,6.54234178067501,6.50297266943916,6.49834422123067
1124,Oracle,1340,5,Additive0.015,187600,140,14,6.59425485089639,6.59916366246528,6.62425485089639,,6.52590094795895,6.50611096183209,6.54224649281206,6.50444822645851,6.49896789532069
1124,Oracle Vector,1340,5,Additive0.015,3065920,2756,27,6.59425485089639,6.59916366246529,6.62425485089639,,6.52590094795895,6.50611096183209,6.54224649281206,6.50444822645851,6.49896789532069
1124,Vector,1340,5,Additive0.015,3840440,3427,37,6.582692409043,6.59916366246529,6.612692409043,,6.52590094795895,6.50611096183209,6.54224649281206,6.50444822645851,6.49896789532069
1124,Value,1340,5,Additive0.015,887218,4467,66,6.58326879998662,6.59916366246529,6.61326879998662,,6.52590094795895,6.50611096183209,6.54224649281206,6.50444822645851,6.49896789532069
1124,Dist L1,1340,5,Additive0.015,913978,4451,68,6.58326879998662,6.59916366246529,6.61326879998662,,6.52590094795895,6.50611096183209,6.54224649281206,6.50444822645851,6.49896789532069
1125,Oracle,1340,5,Additive0.015,187600,140,14,6.59425485089639,6.59973289682902,6.62425485089639,,6.52701960545701,6.50645125258821,6.54309479279033,6.50625129502312,6.49973824371287
1125,Value,1340,5,Additive0.015,887218,4467,66,6.58326879998662,6.59973289682902,6.61326879998662,,6.52701960545701,6.50645125258821,6.54309479279033,6.50625129502312,6.49973824371287
1125,Vector,1340,5,Additive0.015,3840440,3427,37,6.582692409043,6.59973289682902,6.612692409043,,6.52701960545701,6.50645125258821,6.54309479279033,6.50625129502312,6.49973824371287
1125,Oracle Vector,1340,5,Additive0.015,3071280,2761,27,6.59425485089639,6.59973289682902,6.62425485089639,,6.52701960545701,6.50645125258821,6.54309479279033,6.50625129502312,6.49973824371287
1125,Dist L1,1340,5,Additive0.015,913978,4451,68,6.58326879998662,6.59973289682902,6.61326879998662,,6.52701960545701,6.50645125258821,6.54309479279033,6.50625129502312,6.49973824371287
1126,Oracle,1340,5,Additive0.015,187600,140,14,6.59425485089639,6.60018163271418,6.62425485089639,,6.52775696840045,6.50694156824747,6.54313660358715,6.50798827783293,6.50008382077782
1126,Oracle Vector,1340,5,Additive0.015,3071280,2761,27,6.59425485089639,6.60018163271419,6.62425485089639,,6.52775696840045,6.50694156824747,6.54313660358715,6.50798827783293,6.50008382077782
1126,Value,1340,5,Additive0.015,887218,4467,66,6.58326879998662,6.60018163271419,6.61326879998662,,6.52775696840045,6.50694156824747,6.54313660358716,6.50798827783293,6.50008382077782
1126,Vector,1340,5,Additive0.015,3840440,3427,37,6.582692409043,6.60018163271418,6.612692409043,,6.52775696840045,6.50694156824747,6.54313660358716,6.50798827783293,6.50008382077782
1126,Dist L1,1340,5,Additive0.015,913978,4451,68,6.58326879998662,6.60018163271419,6.61326879998662,,6.52775696840045,6.50694156824747,6.54313660358716,6.50798827783293,6.50008382077782
1127,Oracle,1340,5,Additive0.015,187600,140,14,6.59425485089639,6.59871930123232,6.62425485089639,,6.52278638699339,6.50228290257435,6.54022331252694,6.50900423021617,6.50113869688077
1127,Oracle Vector,1340,5,Additive0.015,3079320,2768,27,6.59425485089639,6.59871930123232,6.62425485089639,,6.52278638699339,6.50228290257435,6.54022331252693,6.50900423021617,6.50113869688077
1127,Value,1340,5,Additive0.015,887218,4467,66,6.58326879998662,6.59871930123232,6.61326879998662,,6.52278638699339,6.50228290257435,6.54022331252693,6.50900423021617,6.50113869688077
1127,Vector,1340,5,Additive0.015,3840440,3427,37,6.582692409043,6.59871930123232,6.612692409043,,6.52278638699339,6.50228290257435,6.54022331252693,6.50900423021617,6.50113869688077
1127,Dist L1,1340,5,Additive0.015,913978,4451,68,6.58326879998662,6.59871930123232,6.61326879998662,,6.52278638699339,6.50228290257435,6.54022331252693,6.50900423021617,6.50113869688077
1128,Oracle,1340,5,Additive0.015,187600,140,14,6.59425485089639,6.59985445709981,6.62425485089639,,6.52424336246047,6.50319319428052,6.54120962814283,6.51231276454239,6.50155627988668
1128,Oracle Vector,1340,5,Additive0.015,3079320,2768,27,6.59425485089639,6.59985445709981,6.62425485089639,,6.52424336246047,6.50319319428052,6.54120962814283,6.51231276454239,6.50155627988668
1128,Vector,1340,5,Additive0.015,3840440,3427,37,6.582692409043,6.59985445709981,6.612692409043,,6.52424336246047,6.50319319428052,6.54120962814283,6.51231276454239,6.50155627988668
1128,Value,1340,5,Additive0.015,887218,4467,66,6.58326879998662,6.59985445709981,6.61326879998662,,6.52424336246047,6.50319319428052,6.54120962814283,6.51231276454239,6.50155627988668
1128,Dist L1,1340,5,Additive0.015,913978,4451,68,6.58326879998662,6.59985445709981,6.61326879998662,,6.52424336246047,6.50319319428052,6.54120962814283,6.51231276454239,6.50155627988668
1129,Oracle,1340,5,Additive0.015,187600,140,14,6.59425485089639,6.59991635981597,6.62425485089639,,6.52390627328341,6.50302633051175,6.54064499140519,6.51327717440657,6.50340170262251
1129,Oracle Vector,1340,5,Additive0.015,3084680,2773,27,6.59425485089639,6.59991635981598,6.62425485089639,,6.5239062732834,6.50302633051175,6.54064499140519,6.51327717440657,6.50340170262251
1129,Value,1340,5,Additive0.015,887218,4467,66,6.58326879998662,6.59991635981598,6.61326879998662,,6.52390627328341,6.50302633051175,6.54064499140518,6.51327717440657,6.50340170262251
1129,Vector,1340,5,Additive0.015,3840440,3427,37,6.582692409043,6.59991635981598,6.612692409043,,6.52390627328341,6.50302633051175,6.54064499140519,6.51327717440657,6.50340170262251
1129,Dist L1,1340,5,Additive0.015,913978,4451,68,6.58326879998662,6.59991635981598,6.61326879998662,,6.52390627328341,6.50302633051175,6.54064499140518,6.51327717440657,6.50340170262251
1130,Oracle,1340,5,Additive0.015,187600,140,14,6.59425485089639,6.59971511950161,6.62425485089639,,6.52400443633433,6.50275528805484,6.53993727165685,6.51386993950144,6.50425415859172
1130,Oracle Vector,1340,5,Additive0.015,3084680,2773,27,6.59425485089639,6.59971511950161,6.62425485089639,,6.52400443633433,6.50275528805484,6.53993727165685,6.51386993950144,6.50425415859172
1130,Vector,1340,5,Additive0.015,3840440,3427,37,6.582692409043,6.59971511950161,6.612692409043,,6.52400443633433,6.50275528805484,6.53993727165685,6.51386993950144,6.50425415859172
1130,Value,1340,5,Additive0.015,887218,4467,66,6.58326879998662,6.59971511950161,6.61326879998662,,6.52400443633433,6.50275528805484,6.53993727165685,6.51386993950144,6.50425415859172
1130,Dist L1,1340,5,Additive0.015,913978,4451,68,6.58326879998662,6.59971511950161,6.61326879998662,,6.52400443633433,6.50275528805484,6.53993727165685,6.51386993950144,6.50425415859172
1131,Oracle,1340,5,Additive0.015,187600,140,14,6.59425485089639,6.59858271162166,6.62425485089639,,6.5221298903976,6.5014862322706,6.53888650334612,6.51431779886652,6.50381287325494
1131,Value,1340,5,Additive0.015,887218,4467,66,6.58326879998662,6.59858271162166,6.61326879998662,,6.5221298903976,6.50148623227059,6.53888650334612,6.51431779886652,6.50381287325494
1131,Oracle Vector,1340,5,Additive0.015,3092720,2780,27,6.59425485089639,6.59858271162166,6.62425485089639,,6.5221298903976,6.50148623227059,6.53888650334612,6.51431779886652,6.50381287325494
1131,Vector,1340,5,Additive0.015,3840440,3427,37,6.582692409043,6.59858271162166,6.612692409043,,6.5221298903976,6.50148623227059,6.53888650334612,6.51431779886653,6.50381287325494
1131,Dist L1,1340,5,Additive0.015,913978,4451,68,6.58326879998662,6.59858271162166,6.61326879998662,,6.5221298903976,6.50148623227059,6.53888650334612,6.51431779886652,6.50381287325494
1132,Oracle,1340,5,Additive0.015,187600,140,14,6.59425485089639,6.59845651661862,6.62425485089639,,6.52193514942308,6.50133916496737,6.53896400439161,6.51569419032933,6.50465446619365
1132,Oracle Vector,1340,5,Additive0.015,3092720,2780,27,6.59425485089639,6.59845651661862,6.62425485089639,,6.52193514942308,6.50133916496737,6.53896400439161,6.51569419032933,6.50465446619365
1132,Value,1340,5,Additive0.015,887218,4467,66,6.58326879998662,6.59845651661862,6.61326879998662,,6.52193514942308,6.50133916496737,6.53896400439161,6.51569419032934,6.50465446619365
1132,Vector,1340,5,Additive0.015,3845800,3432,37,6.582692409043,6.59845651661862,6.612692409043,,6.52193514942308,6.50133916496737,6.53896400439161,6.51569419032934,6.50465446619365
1132,Dist L1,1340,5,Additive0.015,913978,4451,68,6.58326879998662,6.59845651661862,6.61326879998662,,6.52193514942308,6.50133916496737,6.53896400439161,6.51569419032934,6.50465446619365
1133,Oracle,1340,5,Additive0.015,187600,140,14,6.59425485089639,6.59848591011394,6.62425485089639,,6.5223355770677,6.5009109002435,6.53872975441661,6.51635646349089,6.50621543009963
1133,Oracle Vector,1340,5,Additive0.015,3098080,2785,27,6.59425485089639,6.59848591011394,6.62425485089639,,6.5223355770677,6.5009109002435,6.53872975441661,6.5163564634909,6.50621543009963
1133,Value,1340,5,Additive0.015,887222,4472,66,6.58326879998662,6.59848591011394,6.61326879998662,,6.5223355770677,6.5009109002435,6.53872975441661,6.51635646349089,6.50621543009963
1133,Vector,1340,5,Additive0.015,3851160,3437,37,6.582692409043,6.59848591011394,6.612692409043,,6.5223355770677,6.5009109002435,6.53872975441661,6.51635646349089,6.50621543009963
1133,Dist L1,1340,5,Additive0.015,913982,4456,68,6.58326879998662,6.59848591011394,6.61326879998662,,6.5223355770677,6.5009109002435,6.53872975441661,6.51635646349089,6.50621543009963
1134,Oracle,1340,5,Additive0.015,187600,140,14,6.59425485089639,6.59846818967499,6.62425485089639,,6.5219921481003,6.500996660301,6.53869418818484,6.51740098983602,6.50699675122692
1134,Oracle Vector,1340,5,Additive0.015,3098080,2785,27,6.59425485089639,6.59846818967499,6.62425485089639,,6.5219921481003,6.50099666030101,6.53869418818484,6.51740098983602,6.50699675122692
1134,Value,1340,5,Additive0.015,887222,4472,66,6.58326879998662,6.59846818967499,6.61326879998662,,6.5219921481003,6.50099666030101,6.53869418818484,6.51740098983602,6.50699675122692
1134,Vector,1340,5,Additive0.015,3851160,3437,37,6.582692409043,6.598468189675,6.612692409043,,6.5219921481003,6.50099666030101,6.53869418818484,6.51740098983602,6.50699675122692
1134,Dist L1,1340,5,Additive0.015,913982,4456,68,6.58326879998662,6.59846818967499,6.61326879998662,,6.5219921481003,6.50099666030101,6.53869418818484,6.51740098983602,6.50699675122692
1135,Oracle,1340,5,Additive0.015,187600,140,14,6.59425485089639,6.59838461472465,6.62425485089639,,6.52287903771985,6.50069315208645,6.53859772406066,6.5177920657717,6.5069426613447
1135,Oracle Vector,1340,5,Additive0.015,3098080,2785,27,6.59425485089639,6.59838461472465,6.62425485089639,,6.52287903771985,6.50069315208645,6.53859772406066,6.51779206577169,6.5069426613447
1135,Vector,1340,5,Additive0.015,3851160,3437,37,6.582692409043,6.59838461472465,6.612692409043,,6.52287903771985,6.50069315208645,6.53859772406066,6.51779206577169,6.5069426613447
1135,Value,1340,5,Additive0.015,887222,4472,66,6.58326879998662,6.59838461472465,6.61326879998662,,6.52287903771985,6.50069315208645,6.53859772406066,6.51779206577169,6.5069426613447
1135,Dist L1,1340,5,Additive0.015,913982,4456,68,6.58326879998662,6.59838461472465,6.61326879998662,,6.52287903771985,6.50069315208645,6.53859772406066,6.51779206577169,6.5069426613447
1136,Oracle,1340,5,Additive0.015,187600,140,14,6.59425485089639,6.59853753348655,6.62425485089639,,6.52278037243497,6.50126057350716,6.53899996998884,6.51885255203536,6.50777517606585
1136,Oracle Vector,1340,5,Additive0.015,3098080,2785,27,6.59425485089639,6.59853753348655,6.62425485089639,,6.52278037243497,6.50126057350716,6.53899996998884,6.51885255203535,6.50777517606585
1136,Vector,1340,5,Additive0.015,3851160,3437,37,6.582692409043,6.59853753348654,6.612692409043,,6.52278037243497,6.50126057350716,6.53899996998884,6.51885255203535,6.50777517606585
1136,Value,1340,5,Additive0.015,887222,4472,66,6.58326879998662,6.59853753348654,6.61326879998662,,6.52278037243497,6.50126057350716,6.53899996998884,6.51885255203535,6.50777517606585
1136,Dist L1,1340,5,Additive0.015,913982,4456,68,6.58326879998662,6.59853753348654,6.61326879998662,,6.52278037243497,6.50126057350716,6.53899996998884,6.51885255203535,6.50777517606585
1137,Oracle,1340,5,Additive0.015,187600,140,14,6.59425485089639,6.59952546346175,6.62425485089639,,6.52460667032708,6.50195746799041,6.53952648077212,6.52088041576384,6.50912767094866
1137,Oracle Vector,1340,5,Additive0.015,3103440,2790,27,6.59425485089639,6.59952546346176,6.62425485089639,,6.52460667032708,6.50195746799041,6.53952648077213,6.52088041576384,6.50912767094866
1137,Vector,1340,5,Additive0.015,3851160,3437,37,6.582692409043,6.59952546346176,6.612692409043,,6.52460667032708,6.50195746799041,6.53952648077213,6.52088041576384,6.50912767094866
1137,Value,1340,5,Additive0.015,887222,4472,66,6.58326879998662,6.59952546346175,6.61326879998662,,6.52460667032708,6.50195746799041,6.53952648077213,6.52088041576384,6.50912767094866
1137,Dist L1,1340,5,Additive0.015,913982,4456,68,6.58326879998662,6.59952546346175,6.61326879998662,,6.52460667032708,6.50195746799041,6.53952648077213,6.52088041576384,6.50912767094866
1138,Oracle,1340,5,Additive0.015,187600,140,14,6.59425485089639,6.60059656380444,6.62425485089639,,6.5256983355292,6.50276633295174,6.54063944774995,6.52297757318122,6.51052907547947
1138,Oracle Vector,1340,5,Additive0.015,3103440,2790,27,6.59425485089639,6.60059656380444,6.62425485089639,,6.5256983355292,6.50276633295174,6.54063944774994,6.52297757318122,6.51052907547947
1138,Value,1340,5,Additive0.015,887222,4472,66,6.58326879998662,6.60059656380444,6.61326879998662,,6.5256983355292,6.50276633295174,6.54063944774995,6.52297757318122,6.51052907547947
1138,Vector,1340,5,Additive0.015,3851160,3437,37,6.582692409043,6.60059656380444,6.612692409043,,6.5256983355292,6.50276633295174,6.54063944774994,6.52297757318123,6.51052907547947
1138,Dist L1,1340,5,Additive0.015,913982,4456,68,6.58326879998662,6.60059656380444,6.61326879998662,,6.5256983355292,6.50276633295174,6.54063944774995,6.52297757318122,6.51052907547947
1139,Oracle,1340,5,Additive0.015,187600,140,14,6.59425485089639,6.60084451437055,6.62425485089639,,6.52669431243519,6.5030802861245,6.54020924087196,6.52385077445229,6.51148004258614
1139,Oracle Vector,1340,5,Additive0.015,3108800,2795,27,6.59425485089639,6.60084451437055,6.62425485089639,,6.52669431243519,6.5030802861245,6.54020924087196,6.52385077445229,6.51148004258614
1139,Value,1340,5,Additive0.015,887222,4472,66,6.58326879998662,6.60084451437055,6.61326879998662,,6.52669431243519,6.5030802861245,6.54020924087196,6.52385077445229,6.51148004258614
1139,Vector,1340,5,Additive0.015,3856520,3442,37,6.582692409043,6.60084451437055,6.612692409043,,6.52669431243519,6.5030802861245,6.54020924087196,6.52385077445229,6.51148004258614
1139,Dist L1,1340,5,Additive0.015,913982,4456,68,6.58326879998662,6.60084451437055,6.61326879998662,,6.52669431243519,6.5030802861245,6.54020924087196,6.52385077445229,6.51148004258614
1140,Oracle,1340,5,Additive0.015,187600,140,14,6.59425485089639,6.60101102318903,6.62425485089639,,6.52683982394316,6.50351987855596,6.5400135662475,6.5255989579345,6.51213737837762
1140,Oracle Vector,1340,5,Additive0.015,3114160,2800,27,6.59425485089639,6.60101102318903,6.62425485089639,,6.52683982394316,6.50351987855596,6.5400135662475,6.52559895793451,6.51213737837762
1140,Value,1340,5,Additive0.015,887222,4472,66,6.58326879998662,6.60101102318903,6.61326879998662,,6.52683982394316,6.50351987855596,6.5400135662475,6.52559895793451,6.51213737837762
1140,Vector,1340,5,Additive0.015,3856520,3442,37,6.582692409043,6.60101102318903,6.612692409043,,6.52683982394316,6.50351987855596,6.5400135662475,6.52559895793451,6.51213737837762
1140,Dist L1,1340,5,Additive0.015,913986,4461,68,6.58326879998662,6.60101102318903,6.61326879998662,,6.52683982394316,6.50351987855596,6.5400135662475,6.52559895793451,6.51213737837762
1141,Oracle,1340,5,Additive0.015,187600,140,14,6.59425485089639,6.6006697708225,6.62425485089639,,6.52652426022544,6.50386773255673,6.53943371070556,6.52735280020384,6.51246452356052
1141,Vector,1340,5,Additive0.015,3856520,3442,37,6.582692409043,6.6006697708225,6.612692409043,,6.52652426022544,6.50386773255673,6.53943371070556,6.52735280020384,6.51246452356052
1141,Oracle Vector,1340,5,Additive0.015,3114160,2800,27,6.59425485089639,6.6006697708225,6.62425485089639,,6.52652426022544,6.50386773255673,6.53943371070556,6.52735280020384,6.51246452356052
1141,Value,1340,5,Additive0.015,887222,4472,66,6.58326879998662,6.6006697708225,6.61326879998662,,6.52652426022544,6.50386773255673,6.53943371070556,6.52735280020384,6.51246452356052
1141,Dist L1,1340,5,Additive0.015,913986,4461,68,6.58326879998662,6.6006697708225,6.61326879998662,,6.52652426022544,6.50386773255673,6.53943371070556,6.52735280020384,6.51246452356052
1142,Oracle,1340,5,Additive0.015,187600,140,14,6.59425485089639,6.60121964986401,6.62425485089639,,6.52712111821903,6.50450955348655,6.53997520026714,6.52947556041189,6.513567827603
1142,Oracle Vector,1340,5,Additive0.015,3114160,2800,27,6.59425485089639,6.60121964986401,6.62425485089639,,6.52712111821903,6.50450955348655,6.53997520026714,6.52947556041189,6.51356782760301
1142,Value,1340,5,Additive0.015,887226,4477,66,6.58326879998662,6.60121964986401,6.61326879998662,,6.52712111821903,6.50450955348655,6.53997520026714,6.52947556041189,6.513567827603
1142,Vector,1340,5,Additive0.015,3861880,3447,37,6.582692409043,6.60121964986401,6.612692409043,,6.52712111821903,6.50450955348655,6.53997520026714,6.52947556041189,6.51356782760301
1142,Dist L1,1340,5,Additive0.015,913986,4461,68,6.58326879998662,6.60121964986401,6.61326879998662,,6.52712111821903,6.50450955348655,6.53997520026714,6.52947556041189,6.513567827603
1143,Oracle,1340,5,Additive0.015,187600,140,14,6.59425485089639,6.60086945977689,6.62425485089639,,6.52690636507193,6.50423972131007,6.54004212993333,6.53051672299818,6.51383608336513
1143,Oracle Vector,1340,5,Additive0.015,3114160,2800,27,6.59425485089639,6.60086945977688,6.62425485089639,,6.52690636507193,6.50423972131007,6.54004212993333,6.53051672299818,6.51383608336513
1143,Vector,1340,5,Additive0.015,3861880,3447,37,6.582692409043,6.60086945977688,6.612692409043,,6.52690636507193,6.50423972131007,6.54004212993333,6.53051672299818,6.51383608336513
1143,Value,1340,5,Additive0.015,887234,4486,66,6.58326879998662,6.60086945977688,6.61326879998662,,6.52690636507193,6.50423972131007,6.54004212993333,6.53051672299818,6.51383608336513
1143,Dist L1,1340,5,Additive0.015,913986,4461,68,6.58326879998662,6.60086945977688,6.61326879998662,,6.52690636507193,6.50423972131007,6.54004212993333,6.53051672299818,6.51383608336513
1144,Oracle,1340,5,Additive0.015,187600,140,14,6.59425485089639,6.60097945014519,6.62425485089639,,6.52690026689378,6.50477162256636,6.53999592351728,6.53193277415511,6.51390925219743
1144,Oracle Vector,1340,5,Additive0.015,3124880,2810,27,6.59425485089639,6.60097945014518,6.62425485089639,,6.52690026689378,6.50477162256636,6.53999592351728,6.53193277415511,6.51390925219744
1144,Value,1340,5,Additive0.015,887234,4486,66,6.58326879998662,6.60097945014518,6.61326879998662,,6.52690026689378,6.50477162256636,6.53999592351728,6.53193277415511,6.51390925219744
1144,Vector,1340,5,Additive0.015,3867240,3452,37,6.582692409043,6.60097945014518,6.612692409043,,6.52690026689378,6.50477162256636,6.53999592351728,6.53193277415511,6.51390925219744
1144,Dist L1,1340,5,Additive0.015,913990,4466,68,6.58326879998662,6.60097945014518,6.61326879998662,,6.52690026689378,6.50477162256636,6.53999592351728,6.53193277415511,6.51390925219744
1145,Oracle,1340,5,Additive0.015,187600,140,14,6.59425485089639,6.60121326088796,6.62425485089639,,6.52693962900487,6.50525335988085,6.54032273155524,6.53346046276798,6.51406513139164
1145,Oracle Vector,1340,5,Additive0.015,3124880,2810,27,6.59425485089639,6.60121326088796,6.62425485089639,,6.52693962900487,6.50525335988084,6.54032273155524,6.53346046276798,6.51406513139164
1145,Value,1340,5,Additive0.015,887238,4491,66,6.58326879998662,6.60121326088796,6.61326879998662,,6.52693962900487,6.50525335988085,6.54032273155524,6.53346046276798,6.51406513139164
1145,Vector,1340,5,Additive0.015,3867240,3452,37,6.582692409043,6.60121326088796,6.612692409043,,6.52693962900487,6.50525335988084,6.54032273155524,6.53346046276798,6.51406513139164
1145,Dist L1,1340,5,Additive0.015,913994,4471,68,6.58326879998662,6.60121326088796,6.61326879998662,,6.52693962900487,6.50525335988085,6.54032273155524,6.53346046276798,6.51406513139164
1146,Oracle,1340,5,Additive0.015,187600,140,14,6.59425485089639,6.60102686052661,6.62425485089639,,6.52700911542561,6.50510097614992,6.5399497022985,6.53464946829685,6.51442140949819
1146,Oracle Vector,1340,5,Additive0.015,3124880,2810,27,6.59425485089639,6.60102686052661,6.62425485089639,,6.52700911542561,6.50510097614992,6.5399497022985,6.53464946829685,6.51442140949819
1146,Value,1340,5,Additive0.015,887242,4496,66,6.58326879998662,6.60102686052662,6.61326879998662,,6.52700911542561,6.50510097614992,6.5399497022985,6.53464946829685,6.51442140949819
1146,Vector,1340,5,Additive0.015,3872600,3457,37,6.582692409043,6.60102686052662,6.612692409043,,6.52700911542561,6.50510097614992,6.5399497022985,6.53464946829685,6.51442140949819
1146,Dist L1,1340,5,Additive0.015,913998,4476,68,6.58326879998662,6.60102686052661,6.61326879998662,,6.52700911542561,6.50510097614992,6.5399497022985,6.53464946829685,6.51442140949819
1147,Oracle,1340,5,Additive0.015,187600,140,14,6.59425485089639,6.60183081339068,6.62425485089639,,6.52748130814862,6.50614770287707,6.54056394861256,6.53707281376302,6.51570893946129
1147,Oracle Vector,1340,5,Additive0.015,3124880,2810,27,6.59425485089639,6.60183081339068,6.62425485089639,,6.52748130814862,6.50614770287706,6.54056394861256,6.53707281376302,6.51570893946129
1147,Value,1340,5,Additive0.015,887246,4501,66,6.58326879998662,6.60183081339068,6.61326879998662,,6.52748130814862,6.50614770287706,6.54056394861256,6.53707281376302,6.51570893946129
1147,Vector,1340,5,Additive0.015,3877960,3462,37,6.582692409043,6.60183081339068,6.612692409043,,6.52748130814862,6.50614770287706,6.54056394861256,6.53707281376303,6.51570893946129
1147,Dist L1,1340,5,Additive0.015,913998,4476,68,6.58326879998662,6.60183081339068,6.61326879998662,,6.52748130814862,6.50614770287706,6.54056394861256,6.53707281376302,6.51570893946129
1148,Oracle,1340,5,Additive0.015,187600,140,14,6.59425485089639,6.60209208716001,6.62425485089639,,6.52770741691586,6.50682357889973,6.5399450672302,6.53851529896111,6.51710556296122
1148,Oracle Vector,1340,5,Additive0.015,3124880,2810,27,6.59425485089639,6.60209208716001,6.62425485089639,,6.52770741691586,6.50682357889972,6.5399450672302,6.53851529896111,6.51710556296122
1148,Value,1340,5,Additive0.015,887252,4509,66,6.58326879998662,6.60209208716001,6.61326879998662,,6.52770741691586,6.50682357889972,6.5399450672302,6.53851529896111,6.51710556296122
1148,Vector,1340,5,Additive0.015,3894040,3476,37,6.582692409043,6.60209208716002,6.612692409043,,6.52770741691586,6.50682357889972,6.5399450672302,6.53851529896111,6.51710556296122
1148,Dist L1,1340,5,Additive0.015,914002,4481,68,6.58326879998662,6.60209208716001,6.61326879998662,,6.52770741691586,6.50682357889972,6.5399450672302,6.53851529896111,6.51710556296122
1149,Oracle,1340,5,Additive0.015,187600,140,14,6.59425485089639,6.60223238222021,6.62425485089639,,6.52696232251672,6.50715417574905,6.53992976543114,6.54049380901839,6.51730486442723
1149,Oracle Vector,1340,5,Additive0.015,3124880,2810,27,6.59425485089639,6.60223238222021,6.62425485089639,,6.52696232251672,6.50715417574905,6.53992976543114,6.54049380901839,6.51730486442723
1149,Vector,1340,5,Additive0.015,3894040,3476,37,6.582692409043,6.60223238222021,6.612692409043,,6.52696232251672,6.50715417574905,6.53992976543114,6.54049380901839,6.51730486442723
1149,Value,1340,5,Additive0.015,887262,4522,66,6.58326879998662,6.60223238222021,6.61326879998662,,6.52696232251672,6.50715417574905,6.53992976543114,6.54049380901839,6.51730486442723
1149,Dist L1,1340,5,Additive0.015,914010,4490,68,6.58326879998662,6.60223238222021,6.61326879998662,,6.52696232251672,6.50715417574905,6.53992976543114,6.54049380901839,6.51730486442723
1150,Oracle,1340,5,Additive0.015,187600,140,14,6.59425485089639,6.60167896921653,6.62425485089639,,6.52657406809883,6.50738548431242,6.53791982776862,6.54115962870511,6.51715600720106
1150,Oracle Vector,1340,5,Additive0.015,3132920,2817,27,6.59425485089639,6.60167896921653,6.62425485089639,,6.52657406809883,6.50738548431242,6.53791982776862,6.54115962870511,6.51715600720106
1150,Vector,1340,5,Additive0.015,3894040,3476,37,6.582692409043,6.60167896921653,6.612692409043,,6.52657406809883,6.50738548431241,6.53791982776862,6.54115962870511,6.51715600720106
1150,Value,1340,5,Additive0.015,900667,4543,67,6.58667896921653,6.60167896921653,6.61667896921653,,6.52657406809884,6.50738548431241,6.53791982776862,6.54115962870511,6.51715600720106
1150,Dist L1,1340,5,Additive0.015,927415,4511,69,6.58667896921653,6.60167896921653,6.61667896921653,,6.52657406809883,6.50738548431241,6.53791982776862,6.54115962870511,6.51715600720106
1151,Oracle,1340,5,Additive0.015,187600,140,14,6.59425485089639,6.60161165839991,6.62425485089639,,6.52623810712797,6.50849440776164,6.53740867721432,6.54260542713192,6.51799586944685
1151,Value,1340,5,Additive0.015,900667,4543,67,6.58667896921653,6.6016116583999,6.61667896921653,,6.52623810712797,6.50849440776164,6.53740867721432,6.54260542713192,6.51799586944684
1151,Oracle Vector,1340,5,Additive0.015,3132920,2817,27,6.59425485089639,6.6016116583999,6.62425485089639,,6.52623810712797,6.50849440776164,6.53740867721432,6.54260542713192,6.51799586944684
1151,Vector,1340,5,Additive0.015,3894040,3476,37,6.582692409043,6.6016116583999,6.612692409043,,6.52623810712797,6.50849440776164,6.53740867721432,6.54260542713192,6.51799586944684
1151,Dist L1,1340,5,Additive0.015,927415,4511,69,6.58667896921653,6.6016116583999,6.61667896921653,,6.52623810712797,6.50849440776164,6.53740867721432,6.54260542713192,6.51799586944684
1152,Oracle,1340,5,Additive0.015,187600,140,14,6.59425485089639,6.6022140562807,6.62425485089639,,6.5261935510835,6.51011790347608,6.53787924534537,6.54437700553414,6.51885999406703
1152,Value,1340,5,Additive0.015,900667,4543,67,6.58667896921653,6.6022140562807,6.61667896921653,,6.5261935510835,6.51011790347608,6.53787924534537,6.54437700553414,6.51885999406703
1152,Oracle Vector,1340,5,Additive0.015,3138280,2822,27,6.59425485089639,6.6022140562807,6.62425485089639,,6.5261935510835,6.51011790347608,6.53787924534537,6.54437700553414,6.51885999406703
1152,Vector,1340,5,Additive0.015,3899400,3481,37,6.582692409043,6.6022140562807,6.612692409043,,6.5261935510835,6.51011790347608,6.53787924534537,6.54437700553414,6.51885999406703
1152,Dist L1,1340,5,Additive0.015,927415,4511,69,6.58667896921653,6.6022140562807,6.61667896921653,,6.5261935510835,6.51011790347608,6.53787924534537,6.54437700553414,6.51885999406703
1153,Oracle,1340,5,Additive0.015,187600,140,14,6.59425485089639,6.60264017490947,6.62425485089639,,6.52662050687065,6.51150215927826,6.53780604329967,6.54599844171638,6.51976583192622
1153,Oracle Vector,1340,5,Additive0.015,3138280,2822,27,6.59425485089639,6.60264017490947,6.62425485089639,,6.52662050687065,6.51150215927826,6.53780604329967,6.54599844171638,6.51976583192622
1153,Value,1340,5,Additive0.015,900667,4543,67,6.58667896921653,6.60264017490947,6.61667896921653,,6.52662050687065,6.51150215927826,6.53780604329967,6.54599844171638,6.51976583192622
1153,Vector,1340,5,Additive0.015,3904760,3486,37,6.582692409043,6.60264017490947,6.612692409043,,6.52662050687065,6.51150215927826,6.53780604329967,6.54599844171638,6.51976583192622
1153,Dist L1,1340,5,Additive0.015,927415,4511,69,6.58667896921653,6.60264017490947,6.61667896921653,,6.52662050687065,6.51150215927826,6.53780604329967,6.54599844171638,6.51976583192622
1154,Oracle,1340,5,Additive0.015,187600,140,14,6.59425485089639,6.6030967246446,6.62425485089639,,6.52698991894238,6.51323497030496,6.53778381502702,6.5470946152081,6.52043658837967
1154,Value,1340,5,Additive0.015,900667,4543,67,6.58667896921653,6.6030967246446,6.61667896921653,,6.52698991894238,6.51323497030496,6.53778381502702,6.5470946152081,6.52043658837967
1154,Oracle Vector,1340,5,Additive0.015,3143640,2827,27,6.59425485089639,6.6030967246446,6.62425485089639,,6.52698991894238,6.51323497030496,6.53778381502702,6.5470946152081,6.52043658837967
1154,Vector,1340,5,Additive0.015,3912800,3494,37,6.582692409043,6.6030967246446,6.612692409043,,6.52698991894238,6.51323497030496,6.53778381502702,6.5470946152081,6.52043658837967
1154,Dist L1,1340,5,Additive0.015,927415,4511,69,6.58667896921653,6.6030967246446,6.61667896921653,,6.52698991894238,6.51323497030496,6.53778381502702,6.5470946152081,6.52043658837967
1155,Oracle,1340,5,Additive0.015,187600,140,14,6.59425485089639,6.60345766871773,6.62425485089639,,6.52711466977546,6.51450429649054,6.53708008148853,6.54766322336284,6.52163634743494
1155,Oracle Vector,1340,5,Additive0.015,3143640,2827,27,6.59425485089639,6.60345766871773,6.62425485089639,,6.52711466977546,6.51450429649054,6.53708008148853,6.54766322336284,6.52163634743494
1155,Vector,1340,5,Additive0.015,3918160,3499,37,6.582692409043,6.60345766871773,6.612692409043,,6.52711466977546,6.51450429649054,6.53708008148853,6.54766322336284,6.52163634743494
1155,Value,1340,5,Additive0.015,900667,4543,67,6.58667896921653,6.60345766871773,6.61667896921653,,6.52711466977546,6.51450429649054,6.53708008148853,6.54766322336284,6.52163634743494
1155,Dist L1,1340,5,Additive0.015,927415,4511,69,6.58667896921653,6.60345766871773,6.61667896921653,,6.52711466977546,6.51450429649054,6.53708008148853,6.54766322336284,6.52163634743494
1156,Oracle,1340,5,Additive0.015,187600,140,14,6.59425485089639,6.60352288563104,6.62425485089639,,6.52713325970061,6.51427977866937,6.53715465347913,6.54877763527658,6.52389370637112
1156,Value,1340,5,Additive0.015,900667,4543,67,6.58667896921653,6.60352288563104,6.61667896921653,,6.52713325970061,6.51427977866937,6.53715465347913,6.54877763527658,6.52389370637112
1156,Oracle Vector,1340,5,Additive0.015,3151680,2834,27,6.59425485089639,6.60352288563104,6.62425485089639,,6.52713325970061,6.51427977866937,6.53715465347913,6.54877763527658,6.52389370637112
1156,Vector,1340,5,Additive0.015,3928880,3509,37,6.582692409043,6.60352288563104,6.612692409043,,6.52713325970061,6.51427977866937,6.53715465347913,6.54877763527658,6.52389370637112
1156,Dist L1,1340,5,Additive0.015,927415,4511,69,6.58667896921653,6.60352288563104,6.61667896921653,,6.52713325970061,6.51427977866937,6.53715465347913,6.54877763527658,6.52389370637112
1157,Oracle,1340,5,Additive0.015,187600,140,14,6.59425485089639,6.60471206810913,6.62425485089639,,6.52766204343251,6.51590737489162,6.53826134080014,6.55084434363172,6.52585322622551
1157,Value,1340,5,Additive0.015,900667,4543,67,6.58667896921653,6.60471206810913,6.61667896921653,,6.52766204343251,6.51590737489162,6.53826134080014,6.55084434363171,6.5258532262255
1157,Oracle Vector,1340,5,Additive0.015,3151680,2834,27,6.59425485089639,6.60471206810913,6.62425485089639,,6.52766204343251,6.51590737489162,6.53826134080014,6.55084434363172,6.5258532262255
1157,Vector,1340,5,Additive0.015,3942280,3520,38,6.58971206810913,6.60471206810913,6.61971206810913,,6.52766204343251,6.51590737489162,6.53826134080014,6.55084434363172,6.5258532262255
1157,Dist L1,1340,5,Additive0.015,927415,4511,69,6.58667896921653,6.60471206810913,6.61667896921653,,6.52766204343251,6.51590737489162,6.53826134080014,6.55084434363171,6.5258532262255
1158,Oracle,1340,5,Additive0.015,187600,140,14,6.59425485089639,6.60539186835141,6.62425485089639,,6.52704518543902,6.51733999290565,6.53817376829673,6.5529254688441,6.52792441431555
1158,Oracle Vector,1340,5,Additive0.015,3159720,2841,27,6.59425485089639,6.60539186835141,6.62425485089639,,6.52704518543902,6.51733999290565,6.53817376829673,6.5529254688441,6.52792441431555
1158,Value,1340,5,Additive0.015,900667,4543,67,6.58667896921653,6.60539186835141,6.61667896921653,,6.52704518543902,6.51733999290565,6.53817376829674,6.5529254688441,6.52792441431555
1158,Vector,1340,5,Additive0.015,3942280,3520,38,6.58971206810913,6.60539186835141,6.61971206810913,,6.52704518543902,6.51733999290565,6.53817376829674,6.5529254688441,6.52792441431555
1158,Dist L1,1340,5,Additive0.015,927415,4511,69,6.58667896921653,6.60539186835141,6.61667896921653,,6.52704518543902,6.51733999290565,6.53817376829674,6.5529254688441,6.52792441431555
1159,Oracle,1340,5,Additive0.015,187600,140,14,6.59425485089639,6.60609055193556,6.62425485089639,,6.52685662282305,6.51788445568704,6.53910208584036,6.55438930068233,6.52963906252439
1159,Value,1340,5,Additive0.015,900667,4543,67,6.58667896921653,6.60609055193556,6.61667896921653,,6.52685662282305,6.51788445568704,6.53910208584036,6.55438930068233,6.52963906252439
1159,Vector,1340,5,Additive0.015,3942280,3520,38,6.58971206810913,6.60609055193556,6.61971206810913,,6.52685662282305,6.51788445568704,6.53910208584036,6.55438930068233,6.52963906252439
1159,Oracle Vector,1340,5,Additive0.015,3173120,2853,27,6.59425485089639,6.60609055193556,6.62425485089639,,6.52685662282305,6.51788445568705,6.53910208584036,6.55438930068233,6.52963906252439
1159,Dist L1,1340,5,Additive0.015,927415,4511,69,6.58667896921653,6.60609055193556,6.61667896921653,,6.52685662282305,6.51788445568704,6.53910208584036,6.55438930068233,6.52963906252439
1160,Oracle,1340,5,Additive0.015,187600,140,14,6.59425485089639,6.60622630823229,6.62425485089639,,6.52624464671708,6.51824073293311,6.53915121613163,6.55567665010345,6.53065289601746
1160,Value,1340,5,Additive0.015,900667,4543,67,6.58667896921653,6.60622630823229,6.61667896921653,,6.52624464671708,6.51824073293311,6.53915121613163,6.55567665010345,6.53065289601746
1160,Vector,1340,5,Additive0.015,3942280,3520,38,6.58971206810913,6.60622630823229,6.61971206810913,,6.52624464671708,6.5182407329331,6.53915121613163,6.55567665010345,6.53065289601746
1160,Oracle Vector,1340,5,Additive0.015,3186520,2863,28,6.59122630823229,6.60622630823229,6.62122630823229,,6.52624464671708,6.51824073293311,6.53915121613163,6.55567665010345,6.53065289601746
1160,Dist L1,1340,5,Additive0.015,927415,4511,69,6.58667896921653,6.60622630823229,6.61667896921653,,6.52624464671708,6.5182407329331,6.53915121613163,6.55567665010345,6.53065289601746
1161,Oracle,1340,5,Additive0.015,187600,140,14,6.59425485089639,6.60683981306166,6.62425485089639,,6.52646364780678,6.51806277041253,6.54011511506498,6.55808134884652,6.53209394289928
1161,Oracle Vector,1340,5,Additive0.015,3186520,2863,28,6.59122630823229,6.60683981306166,6.62122630823229,,6.52646364780678,6.51806277041253,6.54011511506498,6.55808134884652,6.53209394289927
1161,Value,1340,5,Additive0.015,900667,4543,67,6.58667896921653,6.60683981306166,6.61667896921653,,6.52646364780678,6.51806277041253,6.54011511506498,6.55808134884652,6.53209394289927
1161,Vector,1340,5,Additive0.015,3942280,3520,38,6.58971206810913,6.60683981306166,6.61971206810913,,6.52646364780678,6.51806277041253,6.54011511506498,6.55808134884652,6.53209394289927
1161,Dist L1,1340,5,Additive0.015,927415,4511,69,6.58667896921653,6.60683981306166,6.61667896921653,,6.52646364780678,6.51806277041253,6.54011511506498,6.55808134884652,6.53209394289927
1162,Oracle,1340,5,Additive0.015,187600,140,14,6.59425485089639,6.60771721640606,6.62425485089639,,6.52656175855785,6.51868390372013,6.54069863985331,6.56014720578292,6.53407924978913
1162,Oracle Vector,1340,5,Additive0.015,3186520,2863,28,6.59122630823229,6.60771721640606,6.62122630823229,,6.52656175855785,6.51868390372013,6.54069863985331,6.56014720578292,6.53407924978913
1162,Vector,1340,5,Additive0.015,3942280,3520,38,6.58971206810913,6.60771721640606,6.61971206810913,,6.52656175855785,6.51868390372013,6.54069863985331,6.56014720578292,6.53407924978913
1162,Value,1340,5,Additive0.015,900667,4543,67,6.58667896921653,6.60771721640606,6.61667896921653,,6.52656175855785,6.51868390372013,6.54069863985331,6.56014720578292,6.53407924978913
1162,Dist L1,1340,5,Additive0.015,927415,4511,69,6.58667896921653,6.60771721640606,6.61667896921653,,6.52656175855785,6.51868390372013,6.54069863985331,6.56014720578292,6.53407924978913
1163,Oracle,1340,5,Additive0.015,187600,140,14,6.59425485089639,6.60857306133962,6.62425485089639,,6.5274900433719,6.51941695886751,6.54087363147606,6.56236048885698,6.53495240449893
1163,Oracle Vector,1340,5,Additive0.015,3186520,2863,28,6.59122630823229,6.60857306133962,6.62122630823229,,6.5274900433719,6.51941695886751,6.54087363147607,6.56236048885698,6.53495240449893
1163,Value,1340,5,Additive0.015,900667,4543,67,6.58667896921653,6.60857306133962,6.61667896921653,,6.5274900433719,6.51941695886751,6.54087363147607,6.56236048885699,6.53495240449893
1163,Vector,1340,5,Additive0.015,3942280,3520,38,6.58971206810913,6.60857306133962,6.61971206810913,,6.5274900433719,6.51941695886751,6.54087363147607,6.56236048885698,6.53495240449893
1163,Dist L1,1340,5,Additive0.015,927415,4511,69,6.58667896921653,6.60857306133962,6.61667896921653,,6.5274900433719,6.51941695886751,6.54087363147607,6.56236048885699,6.53495240449893
1164,Oracle,1340,5,Additive0.015,187600,140,14,6.59425485089639,6.60934280021384,6.62425485089639,,6.52779940920584,6.52042026031945,6.5421465697227,6.56415125084464,6.53540427063079
1164,Oracle Vector,1340,5,Additive0.015,3186520,2863,28,6.59122630823229,6.60934280021384,6.62122630823229,,6.52779940920583,6.52042026031945,6.5421465697227,6.56415125084463,6.53540427063079
1164,Vector,1340,5,Additive0.015,3942280,3520,38,6.58971206810913,6.60934280021384,6.61971206810913,,6.52779940920583,6.52042026031945,6.5421465697227,6.56415125084463,6.53540427063079
1164,Value,1340,5,Additive0.015,900671,4548,67,6.58667896921653,6.60934280021384,6.61667896921653,,6.52779940920583,6.52042026031945,6.5421465697227,6.56415125084463,6.53540427063079
1164,Dist L1,1340,5,Additive0.015,927419,4516,69,6.58667896921653,6.60934280021384,6.61667896921653,,6.52779940920583,6.52042026031945,6.5421465697227,6.56415125084463,6.53540427063079
1165,Oracle,1340,5,Additive0.015,187600,140,14,6.59425485089639,6.60971326774034,6.62425485089639,,6.52672039317588,6.51976697636317,6.54290962477653,6.56607157634532,6.53643901778061
1165,Oracle Vector,1340,5,Additive0.015,3186520,2863,28,6.59122630823229,6.60971326774034,6.62122630823229,,6.52672039317588,6.51976697636317,6.54290962477653,6.56607157634531,6.53643901778061
1165,Value,1340,5,Additive0.015,900671,4548,67,6.58667896921653,6.60971326774034,6.61667896921653,,6.52672039317588,6.51976697636317,6.54290962477653,6.56607157634531,6.53643901778061
1165,Vector,1340,5,Additive0.015,3942280,3520,38,6.58971206810913,6.60971326774034,6.61971206810913,,6.52672039317588,6.51976697636317,6.54290962477653,6.56607157634531,6.53643901778061
1165,Dist L1,1340,5,Additive0.015,927425,4523,69,6.58667896921653,6.60971326774034,6.61667896921653,,6.52672039317588,6.51976697636317,6.54290962477653,6.56607157634531,6.53643901778061
1166,Oracle,1340,5,Additive0.015,187600,140,14,6.59425485089639,6.61042157960625,6.62425485089639,,6.52756529379544,6.51994166960368,6.54396602663201,6.56742241640049,6.53682292053632
1166,Oracle Vector,1340,5,Additive0.015,3186520,2863,28,6.59122630823229,6.61042157960625,6.62122630823229,,6.52756529379544,6.51994166960367,6.54396602663201,6.56742241640048,6.53682292053631
1166,Vector,1340,5,Additive0.015,3942280,3520,38,6.58971206810913,6.61042157960625,6.61971206810913,,6.52756529379544,6.51994166960367,6.54396602663201,6.56742241640048,6.53682292053631
1166,Value,1340,5,Additive0.015,900675,4553,67,6.58667896921653,6.61042157960625,6.61667896921653,,6.52756529379544,6.51994166960367,6.54396602663201,6.56742241640048,6.53682292053631
1166,Dist L1,1340,5,Additive0.015,927429,4528,69,6.58667896921653,6.61042157960625,6.61667896921653,,6.52756529379544,6.51994166960367,6.54396602663201,6.56742241640048,6.53682292053631
1167,Oracle,1340,5,Additive0.015,187600,140,14,6.59425485089639,6.61043467257943,6.62425485089639,,6.52864345139038,6.52045899267286,6.54454813388934,6.56690573647723,6.53656392893537
1167,Oracle Vector,1340,5,Additive0.015,3186520,2863,28,6.59122630823229,6.61043467257943,6.62122630823229,,6.52864345139038,6.52045899267286,6.54454813388934,6.56690573647723,6.53656392893537
1167,Vector,1340,5,Additive0.015,3942280,3520,38,6.58971206810913,6.61043467257943,6.61971206810913,,6.52864345139038,6.52045899267286,6.54454813388934,6.56690573647723,6.53656392893537
1167,Value,1340,5,Additive0.015,900675,4553,67,6.58667896921653,6.61043467257943,6.61667896921653,,6.52864345139038,6.52045899267286,6.54454813388934,6.56690573647723,6.53656392893537
1167,Dist L1,1340,5,Additive0.015,927429,4528,69,6.58667896921653,6.61043467257943,6.61667896921653,,6.52864345139038,6.52045899267285,6.54454813388934,6.56690573647723,6.53656392893537
1168,Oracle,1340,5,Additive0.015,187600,140,14,6.59425485089639,6.61064774897484,6.62425485089639,,6.52903806462692,6.52102219039195,6.54457929462523,6.56688242209202,6.5363896059507
1168,Vector,1340,5,Additive0.015,3942280,3520,38,6.58971206810913,6.61064774897484,6.61971206810913,,6.52903806462692,6.52102219039195,6.54457929462523,6.56688242209202,6.5363896059507
1168,Oracle Vector,1340,5,Additive0.015,3186520,2863,28,6.59122630823229,6.61064774897484,6.62122630823229,,6.52903806462692,6.52102219039195,6.54457929462523,6.56688242209202,6.5363896059507
1168,Value,1340,5,Additive0.015,900679,4558,67,6.58667896921653,6.61064774897484,6.61667896921653,,6.52903806462692,6.52102219039195,6.54457929462523,6.56688242209203,6.5363896059507
1168,Dist L1,1340,5,Additive0.015,927433,4533,69,6.58667896921653,6.61064774897484,6.61667896921653,,6.52903806462692,6.52102219039195,6.54457929462523,6.56688242209203,6.5363896059507
1169,Oracle,1340,5,Additive0.015,187600,140,14,6.59425485089639,6.6102788395835,6.62425485089639,,6.52994993166566,6.52052862498571,6.54477707791244,6.56557695314793,6.53620981609052
1169,Oracle Vector,1340,5,Additive0.015,3186520,2863,28,6.59122630823229,6.61027883958349,6.62122630823229,,6.52994993166566,6.52052862498571,6.54477707791244,6.56557695314793,6.53620981609052
1169,Value,1340,5,Additive0.015,900679,4558,67,6.58667896921653,6.6102788395835,6.61667896921653,,6.52994993166565,6.52052862498571,6.54477707791244,6.56557695314793,6.53620981609052
1169,Vector,1340,5,Additive0.015,3942280,3520,38,6.58971206810913,6.6102788395835,6.61971206810913,,6.52994993166566,6.52052862498571,6.54477707791244,6.56557695314793,6.53620981609052
1169,Dist L1,1340,5,Additive0.015,927433,4533,69,6.58667896921653,6.6102788395835,6.61667896921653,,6.52994993166566,6.52052862498571,6.54477707791244,6.56557695314793,6.53620981609052
1170,Oracle,1340,5,Additive0.015,187600,140,14,6.59425485089639,6.61002740614682,6.62425485089639,,6.52998112275745,6.52055789667192,6.54514251001747,6.56491869448717,6.53641086230754
1170,Oracle Vector,1340,5,Additive0.015,3186520,2863,28,6.59122630823229,6.61002740614682,6.62122630823229,,6.52998112275745,6.52055789667192,6.54514251001747,6.56491869448717,6.53641086230754
1170,Vector,1340,5,Additive0.015,3942280,3520,38,6.58971206810913,6.61002740614682,6.61971206810913,,6.52998112275744,6.52055789667192,6.54514251001747,6.56491869448717,6.53641086230754
1170,Value,1340,5,Additive0.015,900685,4566,67,6.58667896921653,6.61002740614682,6.61667896921653,,6.52998112275745,6.52055789667192,6.54514251001747,6.56491869448717,6.53641086230754
1170,Dist L1,1340,5,Additive0.015,927433,4533,69,6.58667896921653,6.61002740614682,6.61667896921653,,6.52998112275745,6.52055789667192,6.54514251001747,6.56491869448717,6.53641086230754
1171,Oracle,1340,5,Additive0.015,187600,140,14,6.59425485089639,6.60921899440878,6.62425485089639,,6.52955769887657,6.52002301324068,6.54474571136234,6.56399950993899,6.53600972896445
1171,Vector,1340,5,Additive0.015,3942280,3520,38,6.58971206810913,6.60921899440878,6.61971206810913,,6.52955769887657,6.52002301324069,6.54474571136235,6.56399950993899,6.53600972896445
1171,Oracle Vector,1340,5,Additive0.015,3186520,2863,28,6.59122630823229,6.60921899440878,6.62122630823229,,6.52955769887657,6.52002301324069,6.54474571136235,6.56399950993899,6.53600972896445
1171,Value,1340,5,Additive0.015,900689,4571,67,6.58667896921653,6.60921899440878,6.61667896921653,,6.52955769887657,6.52002301324069,6.54474571136235,6.56399950993899,6.53600972896445
1171,Dist L1,1340,5,Additive0.015,927437,4538,69,6.58667896921653,6.60921899440878,6.61667896921653,,6.52955769887657,6.52002301324069,6.54474571136235,6.56399950993899,6.53600972896445
1172,Oracle,1340,5,Additive0.015,187600,140,14,6.59425485089639,6.60964674967203,6.62425485089639,,6.5298445650484,6.52072161598769,6.54602262301062,6.56448309173603,6.53691251033809
1172,Oracle Vector,1340,5,Additive0.015,3186520,2863,28,6.59122630823229,6.60964674967203,6.62122630823229,,6.5298445650484,6.52072161598769,6.54602262301062,6.56448309173603,6.53691251033809
1172,Vector,1340,5,Additive0.015,3942280,3520,38,6.58971206810913,6.60964674967203,6.61971206810913,,6.5298445650484,6.52072161598769,6.54602262301061,6.56448309173603,6.53691251033809
1172,Value,1340,5,Additive0.015,900689,4571,67,6.58667896921653,6.60964674967203,6.61667896921653,,6.5298445650484,6.52072161598769,6.54602262301061,6.56448309173603,6.53691251033809
1172,Dist L1,1340,5,Additive0.015,927437,4538,69,6.58667896921653,6.60964674967203,6.61667896921653,,6.5298445650484,6.52072161598769,6.54602262301061,6.56448309173603,6.53691251033809
1173,Oracle,1340,5,Additive0.015,187600,140,14,6.59425485089639,6.60912825475511,6.62425485089639,,6.53008008501968,6.51945636244185,6.54563250554065,6.5640642916627,6.53728264323749
1173,Value,1340,5,Additive0.015,900689,4571,67,6.58667896921653,6.6091282547551,6.61667896921653,,6.53008008501968,6.51945636244185,6.54563250554065,6.5640642916627,6.53728264323749
1173,Oracle Vector,1340,5,Additive0.015,3186520,2863,28,6.59122630823229,6.6091282547551,6.62122630823229,,6.53008008501968,6.51945636244185,6.54563250554065,6.56406429166271,6.53728264323749
1173,Vector,1340,5,Additive0.015,3947640,3525,38,6.58971206810913,6.6091282547551,6.61971206810913,,6.53008008501968,6.51945636244185,6.54563250554065,6.5640642916627,6.53728264323749
1173,Dist L1,1340,5,Additive0.015,927437,4538,69,6.58667896921653,6.6091282547551,6.61667896921653,,6.53008008501968,6.51945636244185,6.54563250554065,6.5640642916627,6.53728264323749
1174,Oracle,1340,5,Additive0.015,187600,140,14,6.59425485089639,6.60888122066754,6.62425485089639,,6.53028095227967,6.51914478072066,6.54607145561947,6.56419437485772,6.5374129244403
1174,Oracle Vector,1340,5,Additive0.015,3186520,2863,28,6.59122630823229,6.60888122066754,6.62122630823229,,6.53028095227967,6.51914478072066,6.54607145561947,6.56419437485772,6.5374129244403
1174,Vector,1340,5,Additive0.015,3947640,3525,38,6.58971206810913,6.60888122066754,6.61971206810913,,6.53028095227967,6.51914478072066,6.54607145561947,6.56419437485772,6.5374129244403
1174,Value,1340,5,Additive0.015,900693,4576,67,6.58667896921653,6.60888122066754,6.61667896921653,,6.53028095227967,6.51914478072066,6.54607145561947,6.56419437485772,6.5374129244403
1174,Dist L1,1340,5,Additive0.015,927441,4543,69,6.58667896921653,6.60888122066754,6.61667896921653,,6.53028095227967,6.51914478072066,6.54607145561947,6.56419437485772,6.5374129244403
1175,Oracle,1340,5,Additive0.015,187600,140,14,6.59425485089639,6.60828896143059,6.62425485089639,,6.52950302030871,6.51781447237886,6.54601157906284,6.56377581468606,6.5379013776244
1175,Oracle Vector,1340,5,Additive0.015,3186520,2863,28,6.59122630823229,6.60828896143059,6.62122630823229,,6.52950302030871,6.51781447237886,6.54601157906284,6.56377581468606,6.5379013776244
1175,Vector,1340,5,Additive0.015,3947640,3525,38,6.58971206810913,6.60828896143059,6.61971206810913,,6.52950302030871,6.51781447237886,6.54601157906284,6.56377581468606,6.5379013776244
1175,Value,1340,5,Additive0.015,900693,4576,67,6.58667896921653,6.60828896143059,6.61667896921653,,6.52950302030871,6.51781447237886,6.54601157906284,6.56377581468606,6.5379013776244
1175,Dist L1,1340,5,Additive0.015,927441,4543,69,6.58667896921653,6.60828896143059,6.61667896921653,,6.52950302030871,6.51781447237886,6.54601157906284,6.56377581468606,6.5379013776244
1176,Oracle,1340,5,Additive0.015,187600,140,14,6.59425485089639,6.60763231908367,6.62425485089639,,6.52902694935243,6.51604433249595,6.54612597274624,6.5637111589878,6.53787449888679
1176,Oracle Vector,1340,5,Additive0.015,3186520,2863,28,6.59122630823229,6.60763231908367,6.62122630823229,,6.52902694935243,6.51604433249595,6.54612597274624,6.5637111589878,6.53787449888679
1176,Value,1340,5,Additive0.015,900693,4576,67,6.58667896921653,6.60763231908367,6.61667896921653,,6.52902694935243,6.51604433249595,6.54612597274624,6.56371115898779,6.53787449888679
1176,Vector,1340,5,Additive0.015,3947640,3525,38,6.58971206810913,6.60763231908367,6.61971206810913,,6.52902694935243,6.51604433249594,6.54612597274624,6.56371115898779,6.53787449888679
1176,Dist L1,1340,5,Additive0.015,927445,4548,69,6.58667896921653,6.60763231908367,6.61667896921653,,6.52902694935243,6.51604433249595,6.54612597274624,6.56371115898779,6.53787449888679
1177,Oracle,1340,5,Additive0.015,187600,140,14,6.59425485089639,6.60756133785473,6.62425485089639,,6.53025072260272,6.51528301575703,6.54659721267272,6.56417879851208,6.53822278623845
1177,Oracle Vector,1340,5,Additive0.015,3186520,2863,28,6.59122630823229,6.60756133785473,6.62122630823229,,6.53025072260272,6.51528301575703,6.54659721267271,6.56417879851208,6.53822278623845
1177,Vector,1340,5,Additive0.015,3947640,3525,38,6.58971206810913,6.60756133785473,6.61971206810913,,6.53025072260272,6.51528301575703,6.54659721267271,6.56417879851208,6.53822278623845
1177,Value,1340,5,Additive0.015,900701,4586,67,6.58667896921653,6.60756133785473,6.61667896921653,,6.53025072260272,6.51528301575703,6.54659721267271,6.56417879851208,6.53822278623845
1177,Dist L1,1340,5,Additive0.015,927457,4562,69,6.58667896921653,6.60756133785473,6.61667896921653,,6.53025072260272,6.51528301575703,6.54659721267271,6.56417879851208,6.53822278623845
1178,Oracle,1340,5,Additive0.015,187600,140,14,6.59425485089639,6.60719177293985,6.62425485089639,,6.52986580978474,6.51388322299429,6.5471188653825,6.56395540371316,6.53899063820649
1178,Oracle Vector,1340,5,Additive0.015,3191880,2868,28,6.59122630823229,6.60719177293986,6.62122630823229,,6.52986580978475,6.51388322299429,6.54711886538251,6.56395540371316,6.53899063820649
1178,Value,1340,5,Additive0.015,900709,4595,67,6.58667896921653,6.60719177293986,6.61667896921653,,6.52986580978475,6.51388322299429,6.54711886538251,6.56395540371316,6.53899063820649
1178,Vector,1340,5,Additive0.015,3953000,3530,38,6.58971206810913,6.60719177293986,6.61971206810913,,6.52986580978475,6.51388322299429,6.54711886538251,6.56395540371316,6.53899063820649
1178,Dist L1,1340,5,Additive0.015,927465,4572,69,6.58667896921653,6.60719177293986,6.61667896921653,,6.52986580978475,6.51388322299429,6.54711886538251,6.56395540371316,6.53899063820649
1179,Oracle,1340,5,Additive0.015,187600,140,14,6.59425485089639,6.60679345547994,6.62425485089639,,6.52975255329976,6.51281768869887,6.54725148079776,6.56375453906908,6.53833122495105
1179,Oracle Vector,1340,5,Additive0.015,3191880,2868,28,6.59122630823229,6.60679345547994,6.62122630823229,,6.52975255329976,6.51281768869887,6.54725148079776,6.56375453906908,6.53833122495105
1179,Value,1340,5,Additive0.015,900717,4605,67,6.58667896921653,6.60679345547994,6.61667896921653,,6.52975255329976,6.51281768869887,6.54725148079776,6.56375453906908,6.53833122495105
1179,Vector,1340,5,Additive0.015,3953000,3530,38,6.58971206810913,6.60679345547994,6.61971206810913,,6.52975255329976,6.51281768869887,6.54725148079776,6.56375453906908,6.53833122495105
1179,Dist L1,1340,5,Additive0.015,927469,4577,69,6.58667896921653,6.60679345547994,6.61667896921653,,6.52975255329976,6.51281768869887,6.54725148079776,6.56375453906908,6.53833122495105
1180,Oracle,1340,5,Additive0.015,187600,140,14,6.59425485089639,6.60641633178151,6.62425485089639,,6.52962229449186,6.51105779684436,6.54739696821453,6.56453572929537,6.53820354266975
1180,Oracle Vector,1340,5,Additive0.015,3197240,2873,28,6.59122630823229,6.60641633178151,6.62122630823229,,6.52962229449186,6.51105779684435,6.54739696821453,6.56453572929537,6.53820354266975
1180,Value,1340,5,Additive0.015,900727,4618,67,6.58667896921653,6.60641633178151,6.61667896921653,,6.52962229449186,6.51105779684435,6.54739696821453,6.56453572929537,6.53820354266975
1180,Vector,1340,5,Additive0.015,3958360,3535,38,6.58971206810913,6.60641633178151,6.61971206810913,,6.52962229449186,6.51105779684435,6.54739696821453,6.56453572929537,6.53820354266975
1180,Dist L1,1340,5,Additive0.015,927477,4587,69,6.58667896921653,6.60641633178151,6.61667896921653,,6.52962229449186,6.51105779684435,6.54739696821453,6.56453572929537,6.53820354266975
1181,Oracle,1340,5,Additive0.015,187600,140,14,6.59425485089639,6.60651001512213,6.62425485089639,,6.53003048141415,6.5102196807099,6.5474057253319,6.56553179407761,6.53849539750656
1181,Oracle Vector,1340,5,Additive0.015,3197240,2873,28,6.59122630823229,6.60651001512213,6.62122630823229,,6.53003048141415,6.5102196807099,6.54740572533189,6.56553179407761,6.53849539750656
1181,Vector,1340,5,Additive0.015,3958360,3535,38,6.58971206810913,6.60651001512213,6.61971206810913,,6.53003048141415,6.5102196807099,6.54740572533189,6.56553179407761,6.53849539750656
1181,Value,1340,5,Additive0.015,900733,4625,67,6.58667896921653,6.60651001512213,6.61667896921653,,6.53003048141415,6.5102196807099,6.54740572533189,6.56553179407761,6.53849539750656
1181,Dist L1,1340,5,Additive0.015,927487,4599,69,6.58667896921653,6.60651001512213,6.61667896921653,,6.53003048141415,6.5102196807099,6.54740572533189,6.56553179407761,6.53849539750656
1182,Oracle,1340,5,Additive0.015,187600,140,14,6.59425485089639,6.6067304811527,6.62425485089639,,6.53062317602834,6.5101839608457,6.54782343445086,6.56635675679515,6.53846691240223
1182,Oracle Vector,1340,5,Additive0.015,3197240,2873,28,6.59122630823229,6.6067304811527,6.62122630823229,,6.53062317602834,6.51018396084571,6.54782343445086,6.56635675679515,6.53846691240223
1182,Value,1340,5,Additive0.015,900747,4642,67,6.58667896921653,6.6067304811527,6.61667896921653,,6.53062317602834,6.51018396084571,6.54782343445086,6.56635675679515,6.53846691240223
1182,Vector,1340,5,Additive0.015,3958360,3535,38,6.58971206810913,6.6067304811527,6.61971206810913,,6.53062317602834,6.51018396084571,6.54782343445086,6.56635675679515,6.53846691240223
1182,Dist L1,1340,5,Additive0.015,940892,4621,70,6.59173048115271,6.60673048115271,6.6217304811527,,6.53062317602834,6.51018396084571,6.54782343445086,6.56635675679515,6.53846691240223
1183,Oracle,1340,5,Additive0.015,187600,140,14,6.59425485089639,6.60603815987499,6.62425485089639,,6.52987681852522,6.50922629259592,6.54725875423903,6.56649017472216,6.53760437065744
1183,Oracle Vector,1340,5,Additive0.015,3197240,2873,28,6.59122630823229,6.60603815987499,6.62122630823229,,6.52987681852523,6.50922629259592,6.54725875423903,6.56649017472216,6.53760437065744
1183,Vector,1340,5,Additive0.015,3958360,3535,38,6.58971206810913,6.60603815987498,6.61971206810913,,6.52987681852522,6.50922629259592,6.54725875423903,6.56649017472216,6.53760437065744
1183,Value,1340,5,Additive0.015,914152,4662,68,6.59103815987498,6.60603815987498,6.62103815987498,,6.52987681852522,6.50922629259592,6.54725875423903,6.56649017472216,6.53760437065744
1183,Dist L1,1340,5,Additive0.015,940892,4621,70,6.59173048115271,6.60603815987498,6.6217304811527,,6.52987681852522,6.50922629259592,6.54725875423903,6.56649017472216,6.53760437065744
1184,Oracle,1340,5,Additive0.015,187600,140,14,6.59425485089639,6.60704973618741,6.62425485089639,,6.53064050935087,6.51114549936389,6.54957907356383,6.56838461162638,6.53950852310507
1184,Oracle Vector,1340,5,Additive0.015,3197240,2873,28,6.59122630823229,6.60704973618741,6.62122630823229,,6.53064050935086,6.51114549936388,6.54957907356382,6.56838461162638,6.53950852310507
1184,Value,1340,5,Additive0.015,914152,4662,68,6.59103815987498,6.60704973618741,6.62103815987498,,6.53064050935086,6.51114549936388,6.54957907356382,6.56838461162638,6.53950852310507
1184,Dist L1,1340,5,Additive0.015,940892,4621,70,6.59173048115271,6.60704973618741,6.6217304811527,,6.53064050935086,6.51114549936388,6.54957907356382,6.56838461162638,6.53950852310507
1184,Vector,1340,5,Additive0.015,3963720,3540,38,6.58971206810913,6.60704973618741,6.61971206810913,,6.53064050935086,6.51114549936388,6.54957907356382,6.56838461162638,6.53950852310507
1185,Oracle,1340,5,Additive0.015,187600,140,14,6.59425485089639,6.60681226898428,6.62425485089639,,6.53100437212159,6.5109125502649,6.5495267778477,6.56792332563688,6.53914855923222
1185,Oracle Vector,1340,5,Additive0.015,3197240,2873,28,6.59122630823229,6.60681226898428,6.62122630823229,,6.53100437212159,6.51091255026489,6.5495267778477,6.56792332563688,6.53914855923222
1185,Value,1340,5,Additive0.015,914152,4662,68,6.59103815987498,6.60681226898428,6.62103815987498,,6.53100437212159,6.51091255026489,6.5495267778477,6.56792332563688,6.53914855923221
1185,Vector,1340,5,Additive0.015,3963720,3540,38,6.58971206810913,6.60681226898428,6.61971206810913,,6.53100437212159,6.51091255026489,6.5495267778477,6.56792332563688,6.53914855923222
1185,Dist L1,1340,5,Additive0.015,940892,4621,70,6.59173048115271,6.60681226898428,6.6217304811527,,6.53100437212159,6.51091255026489,6.5495267778477,6.56792332563688,6.53914855923221
1186,Oracle,1340,5,Additive0.015,187600,140,14,6.59425485089639,6.60732186372697,6.62425485089639,,6.53226124423743,6.51101157623022,6.55102048482137,6.56803407756011,6.53906727489171
1186,Oracle Vector,1340,5,Additive0.015,3202600,2878,28,6.59122630823229,6.60732186372697,6.62122630823229,,6.53226124423743,6.51101157623022,6.55102048482137,6.56803407756011,6.53906727489171
1186,Value,1340,5,Additive0.015,914152,4662,68,6.59103815987498,6.60732186372697,6.62103815987498,,6.53226124423743,6.51101157623022,6.55102048482137,6.56803407756011,6.53906727489171
1186,Vector,1340,5,Additive0.015,3969080,3545,38,6.58971206810913,6.60732186372697,6.61971206810913,,6.53226124423743,6.51101157623022,6.55102048482137,6.56803407756011,6.53906727489171
1186,Dist L1,1340,5,Additive0.015,940892,4621,70,6.59173048115271,6.60732186372697,6.6217304811527,,6.53226124423743,6.51101157623022,6.55102048482137,6.56803407756011,6.53906727489171
1187,Oracle,1340,5,Additive0.015,187600,140,14,6.59425485089639,6.60666916023315,6.62425485089639,,6.53156029113637,6.51082607219361,6.55075356161872,6.56744689413003,6.53801828226911
1187,Oracle Vector,1340,5,Additive0.015,3202600,2878,28,6.59122630823229,6.60666916023315,6.62122630823229,,6.53156029113637,6.51082607219361,6.55075356161872,6.56744689413003,6.53801828226911
1187,Value,1340,5,Additive0.015,914152,4662,68,6.59103815987498,6.60666916023315,6.62103815987498,,6.53156029113637,6.51082607219361,6.55075356161872,6.56744689413003,6.53801828226911
1187,Vector,1340,5,Additive0.015,3969080,3545,38,6.58971206810913,6.60666916023315,6.61971206810913,,6.53156029113637,6.51082607219361,6.55075356161872,6.56744689413003,6.53801828226911
1187,Dist L1,1340,5,Additive0.015,940892,4621,70,6.59173048115271,6.60666916023315,6.6217304811527,,6.53156029113637,6.51082607219361,6.55075356161872,6.56744689413003,6.53801828226911
1188,Oracle,1340,5,Additive0.015,187600,140,14,6.59425485089639,6.60600715955638,6.62425485089639,,6.53038320474228,6.50963062375682,6.55104313082488,6.56693038378715,6.53719551215773
1188,Oracle Vector,1340,5,Additive0.015,3202600,2878,28,6.59122630823229,6.60600715955637,6.62122630823229,,6.53038320474228,6.50963062375682,6.55104313082488,6.56693038378715,6.53719551215773
1188,Value,1340,5,Additive0.015,914152,4662,68,6.59103815987498,6.60600715955637,6.62103815987498,,6.53038320474228,6.50963062375682,6.55104313082488,6.56693038378715,6.53719551215773
1188,Vector,1340,5,Additive0.015,3969080,3545,38,6.58971206810913,6.60600715955637,6.61971206810913,,6.53038320474228,6.50963062375682,6.55104313082488,6.56693038378715,6.53719551215773
1188,Dist L1,1340,5,Additive0.015,940892,4621,70,6.59173048115271,6.60600715955638,6.6217304811527,,6.53038320474228,6.50963062375682,6.55104313082488,6.56693038378715,6.53719551215773
1189,Oracle,1340,5,Additive0.015,187600,140,14,6.59425485089639,6.60527272061827,6.62425485089639,,6.52946967580995,6.50864645210934,6.55150596294866,6.56694890317325,6.53586081079395
1189,Value,1340,5,Additive0.015,914152,4662,68,6.59103815987498,6.60527272061827,6.62103815987498,,6.52946967580995,6.50864645210934,6.55150596294866,6.56694890317325,6.53586081079395
1189,Oracle Vector,1340,5,Additive0.015,3207960,2883,28,6.59122630823229,6.60527272061827,6.62122630823229,,6.52946967580995,6.50864645210934,6.55150596294866,6.56694890317325,6.53586081079395
1189,Vector,1340,5,Additive0.015,3974440,3550,38,6.58971206810913,6.60527272061827,6.61971206810913,,6.52946967580995,6.50864645210934,6.55150596294866,6.56694890317325,6.53586081079395
1189,Dist L1,1340,5,Additive0.015,940892,4621,70,6.59173048115271,6.60527272061827,6.6217304811527,,6.52946967580995,6.50864645210934,6.55150596294866,6.56694890317325,6.53586081079395
1190,Oracle,1340,5,Additive0.015,187600,140,14,6.59425485089639,6.60424256303903,6.62425485089639,,6.52882156094014,6.50732077951821,6.55175494827113,6.56582946717976,6.53398948823206
1190,Oracle Vector,1340,5,Additive0.015,3207960,2883,28,6.59122630823229,6.60424256303903,6.62122630823229,,6.52882156094014,6.50732077951821,6.55175494827113,6.56582946717976,6.53398948823206
1190,Value,1340,5,Additive0.015,914156,4667,68,6.59103815987498,6.60424256303903,6.62103815987498,,6.52882156094014,6.50732077951821,6.55175494827112,6.56582946717976,6.53398948823206
1190,Vector,1340,5,Additive0.015,3979800,3555,38,6.58971206810913,6.60424256303903,6.61971206810913,,6.52882156094014,6.50732077951821,6.55175494827113,6.56582946717976,6.53398948823206
1190,Dist L1,1340,5,Additive0.015,940896,4626,70,6.59173048115271,6.60424256303903,6.6217304811527,,6.52882156094014,6.50732077951821,6.55175494827112,6.56582946717976,6.53398948823206
1191,Oracle,1340,5,Additive0.015,187600,140,14,6.59425485089639,6.60402497735512,6.62425485089639,,6.52876905983897,6.50622649146327,6.55201263686731,6.56542025984469,6.5340666646734
1191,Oracle Vector,1340,5,Additive0.015,3207960,2883,28,6.59122630823229,6.60402497735512,6.62122630823229,,6.52876905983897,6.50622649146327,6.55201263686731,6.56542025984469,6.5340666646734
1191,Value,1340,5,Additive0.015,914156,4667,68,6.59103815987498,6.60402497735512,6.62103815987498,,6.52876905983897,6.50622649146327,6.55201263686731,6.56542025984469,6.5340666646734
1191,Vector,1340,5,Additive0.015,3987840,3562,38,6.58971206810913,6.60402497735512,6.61971206810913,,6.52876905983897,6.50622649146327,6.55201263686731,6.56542025984469,6.5340666646734
1191,Dist L1,1340,5,Additive0.015,940896,4626,70,6.59173048115271,6.60402497735513,6.6217304811527,,6.52876905983897,6.50622649146327,6.55201263686731,6.56542025984469,6.5340666646734
1192,Oracle,1340,5,Additive0.015,187600,140,14,6.59425485089639,6.6035812540858,6.62425485089639,,6.52922495971957,6.50564618841645,6.55168685697154,6.56463931274709,6.53371971705143
1192,Oracle Vector,1340,5,Additive0.015,3207960,2883,28,6.59122630823229,6.6035812540858,6.62122630823229,,6.52922495971957,6.50564618841645,6.55168685697154,6.56463931274709,6.53371971705142
1192,Value,1340,5,Additive0.015,914156,4667,68,6.59103815987498,6.6035812540858,6.62103815987498,,6.52922495971957,6.50564618841645,6.55168685697154,6.56463931274709,6.53371971705142
1192,Vector,1340,5,Additive0.015,3987840,3562,38,6.58971206810913,6.6035812540858,6.61971206810913,,6.52922495971957,6.50564618841645,6.55168685697154,6.56463931274709,6.53371971705142
1192,Dist L1,1340,5,Additive0.015,940902,4633,70,6.59173048115271,6.6035812540858,6.6217304811527,,6.52922495971957,6.50564618841645,6.55168685697154,6.56463931274709,6.53371971705142
1193,Oracle,1340,5,Additive0.015,187600,140,14,6.59425485089639,6.60310717889933,6.62425485089639,,6.52970213580288,6.50506009508319,6.55167050214222,6.5640716829306,6.53331954146145
1193,Oracle Vector,1340,5,Additive0.015,3213320,2888,28,6.59122630823229,6.60310717889932,6.62122630823229,,6.52970213580288,6.50506009508319,6.55167050214222,6.5640716829306,6.53331954146144
1193,Value,1340,5,Additive0.015,914162,4675,68,6.59103815987498,6.60310717889933,6.62103815987498,,6.52970213580288,6.50506009508319,6.55167050214222,6.5640716829306,6.53331954146144
1193,Vector,1340,5,Additive0.015,3987840,3562,38,6.58971206810913,6.60310717889932,6.61971206810913,,6.52970213580288,6.50506009508319,6.55167050214222,6.5640716829306,6.53331954146144
1193,Dist L1,1340,5,Additive0.015,940902,4633,70,6.59173048115271,6.60310717889933,6.6217304811527,,6.52970213580288,6.50506009508319,6.55167050214222,6.5640716829306,6.53331954146144
1194,Oracle,1340,5,Additive0.015,187600,140,14,6.59425485089639,6.60189170366038,6.62425485089639,,6.52892720631343,6.50336298818223,6.55161786908174,6.56261301528367,6.53313676659724
1194,Vector,1340,5,Additive0.015,3987840,3562,38,6.58971206810913,6.60189170366038,6.61971206810913,,6.52892720631343,6.50336298818223,6.55161786908174,6.56261301528368,6.53313676659724
1194,Oracle Vector,1340,5,Additive0.015,3221360,2895,28,6.59122630823229,6.60189170366038,6.62122630823229,,6.52892720631343,6.50336298818223,6.55161786908174,6.56261301528368,6.53313676659724
1194,Value,1340,5,Additive0.015,914170,4684,68,6.59103815987498,6.60189170366038,6.62103815987498,,6.52892720631343,6.50336298818223,6.55161786908174,6.56261301528368,6.53313676659724
1194,Dist L1,1340,5,Additive0.015,940912,4646,70,6.59173048115271,6.60189170366038,6.6217304811527,,6.52892720631343,6.50336298818223,6.55161786908174,6.56261301528368,6.53313676659724
1195,Oracle,1340,5,Additive0.015,187600,140,14,6.59425485089639,6.60084860120691,6.62425485089639,,6.5289108004374,6.50204102253136,6.55071002877519,6.56182123334275,6.53271438805159
1195,Oracle Vector,1340,5,Additive0.015,3221360,2895,28,6.59122630823229,6.60084860120691,6.62122630823229,,6.5289108004374,6.50204102253136,6.55071002877519,6.56182123334275,6.53271438805159
1195,Vector,1340,5,Additive0.015,3995880,3569,38,6.58971206810913,6.60084860120691,6.61971206810913,,6.5289108004374,6.50204102253136,6.55071002877519,6.56182123334274,6.53271438805159
1195,Value,1340,5,Additive0.015,927575,4705,69,6.58584860120691,6.60084860120691,6.61584860120691,,6.5289108004374,6.50204102253136,6.55071002877519,6.56182123334274,6.53271438805159
1195,Dist L1,1340,5,Additive0.015,954317,4666,71,6.58584860120691,6.60084860120691,6.61584860120691,,6.5289108004374,6.50204102253136,6.55071002877519,6.56182123334274,6.53271438805159
1196,Oracle,1340,5,Additive0.015,187600,140,14,6.59425485089639,6.60008875798968,6.62425485089639,,6.52830993574491,6.50051473555168,6.5514136772631,6.56105592932265,6.53295345152551
1196,Oracle Vector,1340,5,Additive0.015,3226720,2900,28,6.59122630823229,6.60008875798968,6.62122630823229,,6.52830993574492,6.50051473555168,6.5514136772631,6.56105592932265,6.53295345152552
1196,Value,1340,5,Additive0.015,927575,4705,69,6.58584860120691,6.60008875798968,6.61584860120691,,6.52830993574492,6.50051473555168,6.5514136772631,6.56105592932265,6.53295345152552
1196,Vector,1340,5,Additive0.015,4003920,3576,38,6.58971206810913,6.60008875798968,6.61971206810913,,6.52830993574492,6.50051473555168,6.5514136772631,6.56105592932265,6.53295345152552
1196,Dist L1,1340,5,Additive0.015,954317,4666,71,6.58584860120691,6.60008875798968,6.61584860120691,,6.52830993574492,6.50051473555168,6.5514136772631,6.56105592932265,6.53295345152552
1197,Oracle,1340,5,Additive0.015,187600,140,14,6.59425485089639,6.59936222734996,6.62425485089639,,6.52848636165174,6.4991440835645,6.55138971768327,6.55982631228851,6.53241971288431
1197,Oracle Vector,1340,5,Additive0.015,3226720,2900,28,6.59122630823229,6.59936222734996,6.62122630823229,,6.52848636165174,6.4991440835645,6.55138971768327,6.55982631228851,6.53241971288431
1197,Value,1340,5,Additive0.015,927575,4705,69,6.58584860120691,6.59936222734996,6.61584860120691,,6.52848636165174,6.4991440835645,6.55138971768327,6.55982631228851,6.53241971288431
1197,Vector,1340,5,Additive0.015,4003920,3576,38,6.58971206810913,6.59936222734996,6.61971206810913,,6.52848636165174,6.4991440835645,6.55138971768327,6.55982631228851,6.53241971288431
1197,Dist L1,1340,5,Additive0.015,954317,4666,71,6.58584860120691,6.59936222734996,6.61584860120691,,6.52848636165174,6.4991440835645,6.55138971768327,6.55982631228851,6.53241971288431
1198,Oracle,1340,5,Additive0.015,187600,140,14,6.59425485089639,6.59883002759641,6.62425485089639,,6.52875490431778,6.49791234428706,6.55215850516442,6.55949054726917,6.53155136650416
1198,Oracle Vector,1340,5,Additive0.015,3226720,2900,28,6.59122630823229,6.59883002759641,6.62122630823229,,6.52875490431779,6.49791234428706,6.55215850516442,6.55949054726917,6.53155136650416
1198,Vector,1340,5,Additive0.015,4003920,3576,38,6.58971206810913,6.59883002759641,6.61971206810913,,6.52875490431779,6.49791234428706,6.55215850516442,6.55949054726917,6.53155136650416
1198,Value,1340,5,Additive0.015,927575,4705,69,6.58584860120691,6.59883002759641,6.61584860120691,,6.52875490431779,6.49791234428706,6.55215850516442,6.55949054726917,6.53155136650416
1198,Dist L1,1340,5,Additive0.015,954317,4666,71,6.58584860120691,6.59883002759641,6.61584860120691,,6.52875490431779,6.49791234428706,6.55215850516442,6.55949054726917,6.53155136650416
1199,Oracle,1340,5,Additive0.015,187600,140,14,6.59425485089639,6.59844860948595,6.62425485089639,,6.53022262278451,6.49684319603402,6.55259209793067,6.55793550954467,6.53107641498956
1199,Oracle Vector,1340,5,Additive0.015,3232080,2905,28,6.59122630823229,6.59844860948595,6.62122630823229,,6.53022262278451,6.49684319603402,6.55259209793067,6.55793550954467,6.53107641498956
1199,Value,1340,5,Additive0.015,927575,4705,69,6.58584860120691,6.59844860948595,6.61584860120691,,6.53022262278451,6.49684319603402,6.55259209793067,6.55793550954467,6.53107641498957
1199,Vector,1340,5,Additive0.015,4009280,3581,38,6.58971206810913,6.59844860948595,6.61971206810913,,6.53022262278451,6.49684319603402,6.55259209793067,6.55793550954467,6.53107641498956
1199,Dist L1,1340,5,Additive0.015,954317,4666,71,6.58584860120691,6.59844860948595,6.61584860120691,,6.53022262278451,6.49684319603402,6.55259209793067,6.55793550954467,6.53107641498957
1200,Oracle,1340,5,Additive0.015,187600,140,14,6.59425485089639,6.59719351172084,6.62425485089639,,6.52951620555466,6.49488606415552,6.5533802256397,6.55652399021183,6.52970696851352
1200,Value,1340,5,Additive0.015,927575,4705,69,6.58584860120691,6.59719351172084,6.61584860120691,,6.52951620555466,6.49488606415552,6.5533802256397,6.55652399021184,6.52970696851353
1200,Oracle Vector,1340,5,Additive0.015,3245480,2916,28,6.59122630823229,6.59719351172084,6.62122630823229,,6.52951620555466,6.49488606415552,6.5533802256397,6.55652399021184,6.52970696851353
1200,Vector,1340,5,Additive0.015,4017320,3588,38,6.58971206810913,6.59719351172084,6.61971206810913,,6.52951620555466,6.49488606415552,6.5533802256397,6.55652399021183,6.52970696851353
1200,Dist L1,1340,5,Additive0.015,954317,4666,71,6.58584860120691,6.59719351172084,6.61584860120691,,6.52951620555466,6.49488606415552,6.5533802256397,6.55652399021184,6.52970696851353
1201,Oracle,1340,5,Additive0.015,187600,140,14,6.59425485089639,6.59620184858801,6.62425485089639,,6.52927344693349,6.49289339204321,6.55371371905832,6.55509982029423,6.52984987334789
1201,Oracle Vector,1340,5,Additive0.015,3245480,2916,28,6.59122630823229,6.59620184858801,6.62122630823229,,6.52927344693349,6.49289339204321,6.55371371905832,6.55509982029423,6.52984987334789
1201,Value,1340,5,Additive0.015,927579,4710,69,6.58584860120691,6.59620184858801,6.61584860120691,,6.52927344693349,6.49289339204321,6.55371371905832,6.55509982029423,6.52984987334789
1201,Vector,1340,5,Additive0.015,4025360,3595,38,6.58971206810913,6.59620184858801,6.61971206810913,,6.52927344693349,6.49289339204321,6.55371371905832,6.55509982029423,6.52984987334789
1201,Dist L1,1340,5,Additive0.015,954321,4671,71,6.58584860120691,6.59620184858801,6.61584860120691,,6.52927344693349,6.49289339204321,6.55371371905832,6.55509982029423,6.52984987334789
1202,Oracle,1340,5,Additive0.015,187600,140,14,6.59425485089639,6.59459637076601,6.62425485089639,,6.52842526418807,6.49029294267245,6.5535191857937,6.55359862095998,6.52885046685187
1202,Oracle Vector,1340,5,Additive0.015,3245480,2916,28,6.59122630823229,6.59459637076601,6.62122630823229,,6.52842526418807,6.49029294267245,6.5535191857937,6.55359862095998,6.52885046685187
1202,Value,1340,5,Additive0.015,927589,4723,69,6.58584860120691,6.59459637076601,6.61584860120691,,6.52842526418807,6.49029294267245,6.5535191857937,6.55359862095998,6.52885046685187
1202,Vector,1340,5,Additive0.015,4038760,3606,38,6.58971206810913,6.59459637076601,6.61971206810913,,6.52842526418807,6.49029294267245,6.5535191857937,6.55359862095998,6.52885046685187
1202,Dist L1,1340,5,Additive0.015,954329,4681,71,6.58584860120691,6.59459637076601,6.61584860120691,,6.52842526418807,6.49029294267245,6.5535191857937,6.55359862095998,6.52885046685187
1203,Oracle,1340,5,Additive0.015,201000,150,15,6.57821521309652,6.59321521309652,6.60821521309652,,6.52777431395924,6.48785975343106,6.5535655142785,6.55234241042946,6.52838441242475
1203,Oracle Vector,1340,5,Additive0.015,3256200,2925,28,6.59122630823229,6.59321521309653,6.62122630823229,,6.52777431395924,6.48785975343106,6.55356551427851,6.55234241042946,6.52838441242475
1203,Value,1340,5,Additive0.015,940994,4745,70,6.57821521309652,6.59321521309652,6.60821521309652,,6.52777431395924,6.48785975343106,6.55356551427851,6.55234241042946,6.52838441242475
1203,Vector,1340,5,Additive0.015,4052160,3618,39,6.57821521309652,6.59321521309652,6.60821521309652,,6.52777431395924,6.48785975343106,6.55356551427851,6.55234241042946,6.52838441242475
1203,Dist L1,1340,5,Additive0.015,967734,4703,72,6.57821521309652,6.59321521309652,6.60821521309652,,6.52777431395924,6.48785975343106,6.55356551427851,6.55234241042946,6.52838441242475
1204,Oracle,1340,5,Additive0.015,201000,150,15,6.57821521309652,6.59139215115794,6.60821521309652,,6.52648438238082,6.48395692259258,6.55267806876472,6.55102415195204,6.52846227148305
1204,Value,1340,5,Additive0.015,940994,4745,70,6.57821521309652,6.59139215115794,6.60821521309652,,6.52648438238082,6.48395692259258,6.55267806876472,6.55102415195203,6.52846227148305
1204,Vector,1340,5,Additive0.015,4052160,3618,39,6.57821521309652,6.59139215115794,6.60821521309652,,6.52648438238082,6.48395692259258,6.55267806876472,6.55102415195203,6.52846227148305
1204,Oracle Vector,1340,5,Additive0.015,3269600,2937,28,6.59122630823229,6.59139215115794,6.62122630823229,,6.52648438238082,6.48395692259258,6.55267806876472,6.55102415195203,6.52846227148305
1204,Dist L1,1340,5,Additive0.015,967734,4703,72,6.57821521309652,6.59139215115794,6.60821521309652,,6.52648438238082,6.48395692259258,6.55267806876472,6.55102415195203,6.52846227148305
1205,Oracle,1340,5,Additive0.015,201000,150,15,6.57821521309652,6.58944862979699,6.60821521309652,,6.525205866872,6.48086876373431,6.55288148367204,6.54946838811765,6.52772184375231
1205,Vector,1340,5,Additive0.015,4052160,3618,39,6.57821521309652,6.58944862979698,6.60821521309652,,6.525205866872,6.4808687637343,6.55288148367204,6.54946838811765,6.52772184375231
1205,Value,1340,5,Additive0.015,940994,4745,70,6.57821521309652,6.58944862979698,6.60821521309652,,6.525205866872,6.4808687637343,6.55288148367204,6.54946838811765,6.52772184375231
1205,Oracle Vector,1340,5,Additive0.015,3283000,2947,29,6.57444862979698,6.58944862979698,6.60444862979698,,6.525205866872,6.4808687637343,6.55288148367204,6.54946838811765,6.52772184375231
1205,Dist L1,1340,5,Additive0.015,967734,4703,72,6.57821521309652,6.58944862979698,6.60821521309652,,6.525205866872,6.4808687637343,6.55288148367204,6.54946838811765,6.52772184375231
1206,Oracle,1340,5,Additive0.015,201000,150,15,6.57821521309652,6.5881606656099,6.60821521309652,,6.52504751722593,6.4794816984977,6.55234648898597,6.54821387055636,6.5265554676616
1206,Oracle Vector,1340,5,Additive0.015,3283000,2947,29,6.57444862979698,6.5881606656099,6.60444862979698,,6.52504751722593,6.4794816984977,6.55234648898598,6.54821387055637,6.5265554676616
1206,Value,1340,5,Additive0.015,940994,4745,70,6.57821521309652,6.5881606656099,6.60821521309652,,6.52504751722593,6.4794816984977,6.55234648898598,6.54821387055637,6.5265554676616
1206,Vector,1340,5,Additive0.015,4052160,3618,39,6.57821521309652,6.5881606656099,6.60821521309652,,6.52504751722593,6.4794816984977,6.55234648898598,6.54821387055637,6.5265554676616
1206,Dist L1,1340,5,Additive0.015,967734,4703,72,6.57821521309652,6.5881606656099,6.60821521309652,,6.52504751722593,6.4794816984977,6.55234648898598,6.54821387055637,6.5265554676616
1207,Oracle,1340,5,Additive0.015,201000,150,15,6.57821521309652,6.58574634279071,6.60821521309652,,6.52351716771201,6.47530756286206,6.55189263924288,6.54653740735151,6.52598652639016
1207,Oracle Vector,1340,5,Additive0.015,3283000,2947,29,6.57444862979698,6.5857463427907,6.60444862979698,,6.523517167712,6.47530756286206,6.55189263924287,6.54653740735151,6.52598652639016
1207,Value,1340,5,Additive0.015,941000,4752,70,6.57821521309652,6.5857463427907,6.60821521309652,,6.523517167712,6.47530756286206,6.55189263924287,6.54653740735151,6.52598652639016
1207,Vector,1340,5,Additive0.015,4060200,3625,39,6.57821521309652,6.5857463427907,6.60821521309652,,6.523517167712,6.47530756286206,6.55189263924287,6.54653740735151,6.52598652639016
1207,Dist L1,1340,5,Additive0.015,967740,4710,72,6.57821521309652,6.5857463427907,6.60821521309652,,6.523517167712,6.47530756286206,6.55189263924287,6.54653740735151,6.52598652639016
1208,Oracle,1340,5,Additive0.015,201000,150,15,6.57821521309652,6.58362572170589,6.60821521309652,,6.52200045695962,6.47255420071739,6.55146990108274,6.54400252414047,6.5244584261674
1208,Oracle Vector,1340,5,Additive0.015,3283000,2947,29,6.57444862979698,6.58362572170589,6.60444862979698,,6.52200045695962,6.47255420071739,6.55146990108274,6.54400252414047,6.5244584261674
1208,Vector,1340,5,Additive0.015,4070920,3634,39,6.57821521309652,6.58362572170589,6.60821521309652,,6.52200045695962,6.47255420071739,6.55146990108274,6.54400252414047,6.5244584261674
1208,Value,1340,5,Additive0.015,954405,4773,71,6.5686257217059,6.5836257217059,6.5986257217059,,6.52200045695962,6.47255420071739,6.55146990108274,6.54400252414047,6.5244584261674
1208,Dist L1,1340,5,Additive0.015,981145,4731,73,6.5686257217059,6.58362572170589,6.59862572170589,,6.52200045695962,6.47255420071739,6.55146990108274,6.54400252414047,6.5244584261674
1209,Oracle,1340,5,Additive0.015,201000,150,15,6.57821521309652,6.58232676006536,6.60821521309652,,6.52200535013726,6.46980090409273,6.55092865990962,6.54251738151861,6.52307316753711
1209,Oracle Vector,1340,5,Additive0.015,3283000,2947,29,6.57444862979698,6.58232676006536,6.60444862979698,,6.52200535013726,6.46980090409273,6.55092865990962,6.54251738151861,6.52307316753711
1209,Value,1340,5,Additive0.015,954405,4773,71,6.5686257217059,6.58232676006536,6.5986257217059,,6.52200535013726,6.46980090409272,6.55092865990962,6.54251738151861,6.52307316753711
1209,Vector,1340,5,Additive0.015,4084320,3646,39,6.57821521309652,6.58232676006536,6.60821521309652,,6.52200535013726,6.46980090409272,6.55092865990962,6.54251738151861,6.52307316753711
1209,Dist L1,1340,5,Additive0.015,981145,4731,73,6.5686257217059,6.58232676006536,6.59862572170589,,6.52200535013726,6.46980090409272,6.55092865990962,6.54251738151861,6.52307316753711
1210,Oracle,1340,5,Additive0.015,201000,150,15,6.57821521309652,6.58235953722234,6.60821521309652,,6.52315194058937,6.46945297751595,6.55128714183554,6.5420514493517,6.52287279182178
1210,Oracle Vector,1340,5,Additive0.015,3283000,2947,29,6.57444862979698,6.58235953722234,6.60444862979698,,6.52315194058937,6.46945297751594,6.55128714183554,6.5420514493517,6.52287279182178
1210,Value,1340,5,Additive0.015,954405,4773,71,6.5686257217059,6.58235953722234,6.5986257217059,,6.52315194058937,6.46945297751594,6.55128714183554,6.5420514493517,6.52287279182178
1210,Vector,1340,5,Additive0.015,4095040,3655,39,6.57821521309652,6.58235953722234,6.60821521309652,,6.52315194058937,6.46945297751594,6.55128714183554,6.5420514493517,6.52287279182178
1210,Dist L1,1340,5,Additive0.015,981145,4731,73,6.5686257217059,6.58235953722234,6.59862572170589,,6.52315194058937,6.46945297751594,6.55128714183554,6.5420514493517,6.52287279182178
1211,Oracle,1340,5,Additive0.015,201000,150,15,6.57821521309652,6.58232061188707,6.60821521309652,,6.52347612713044,6.4696325756953,6.55203798915824,6.54187176365214,6.52234069022942
1211,Oracle Vector,1340,5,Additive0.015,3283000,2947,29,6.57444862979698,6.58232061188707,6.60444862979698,,6.52347612713044,6.4696325756953,6.55203798915824,6.54187176365215,6.52234069022943
1211,Value,1340,5,Additive0.015,954405,4773,71,6.5686257217059,6.58232061188707,6.5986257217059,,6.52347612713044,6.4696325756953,6.55203798915825,6.54187176365215,6.52234069022943
1211,Vector,1340,5,Additive0.015,4108440,3666,39,6.57821521309652,6.58232061188707,6.60821521309652,,6.52347612713045,6.4696325756953,6.55203798915824,6.54187176365215,6.52234069022943
1211,Dist L1,1340,5,Additive0.015,981145,4731,73,6.5686257217059,6.58232061188707,6.59862572170589,,6.52347612713044,6.4696325756953,6.55203798915825,6.54187176365215,6.52234069022943
1212,Oracle,1340,5,Additive0.015,201000,150,15,6.57821521309652,6.58220067589406,6.60821521309652,,6.52417758691719,6.46899030763702,6.55296246917735,6.54153005810918,6.52097114580023
1212,Oracle Vector,1340,5,Additive0.015,3288360,2952,29,6.57444862979698,6.58220067589406,6.60444862979698,,6.52417758691719,6.46899030763702,6.55296246917735,6.54153005810918,6.52097114580023
1212,Value,1340,5,Additive0.015,954405,4773,71,6.5686257217059,6.58220067589406,6.5986257217059,,6.52417758691719,6.46899030763702,6.55296246917735,6.54153005810918,6.52097114580023
1212,Vector,1340,5,Additive0.015,4121840,3677,40,6.56720067589406,6.58220067589406,6.59720067589406,,6.52417758691719,6.46899030763702,6.55296246917735,6.54153005810918,6.52097114580023
1212,Dist L1,1340,5,Additive0.015,981145,4731,73,6.5686257217059,6.58220067589406,6.59862572170589,,6.52417758691719,6.46899030763702,6.55296246917735,6.54153005810918,6.52097114580023
1213,Oracle,1340,5,Additive0.015,201000,150,15,6.57821521309652,6.58170892317465,6.60821521309652,,6.52368427491613,6.46810273183694,6.55402328459802,6.54018830795643,6.52007075938799
1213,Oracle Vector,1340,5,Additive0.015,3293720,2957,29,6.57444862979698,6.58170892317465,6.60444862979698,,6.52368427491613,6.46810273183694,6.55402328459802,6.54018830795643,6.52007075938799
1213,Value,1340,5,Additive0.015,954405,4773,71,6.5686257217059,6.58170892317465,6.5986257217059,,6.52368427491613,6.46810273183694,6.55402328459802,6.54018830795643,6.52007075938799
1213,Vector,1340,5,Additive0.015,4121840,3677,40,6.56720067589406,6.58170892317465,6.59720067589406,,6.52368427491613,6.46810273183694,6.55402328459802,6.54018830795643,6.52007075938799
1213,Dist L1,1340,5,Additive0.015,981145,4731,73,6.5686257217059,6.58170892317465,6.59862572170589,,6.52368427491613,6.46810273183694,6.55402328459802,6.54018830795643,6.52007075938799
1214,Oracle,1340,5,Additive0.015,201000,150,15,6.57821521309652,6.58112865463711,6.60821521309652,,6.52416736601598,6.46679744562017,6.55445903413813,6.53912135508217,6.51856468872835
1214,Oracle Vector,1340,5,Additive0.015,3293720,2957,29,6.57444862979698,6.58112865463711,6.60444862979698,,6.52416736601598,6.46679744562017,6.55445903413813,6.53912135508217,6.51856468872835
1214,Vector,1340,5,Additive0.015,4121840,3677,40,6.56720067589406,6.58112865463711,6.59720067589406,,6.52416736601598,6.46679744562017,6.55445903413813,6.53912135508217,6.51856468872835
1214,Value,1340,5,Additive0.015,954405,4773,71,6.5686257217059,6.58112865463711,6.5986257217059,,6.52416736601598,6.46679744562017,6.55445903413813,6.53912135508217,6.51856468872835
1214,Dist L1,1340,5,Additive0.015,981145,4731,73,6.5686257217059,6.58112865463711,6.59862572170589,,6.52416736601598,6.46679744562017,6.55445903413813,6.53912135508217,6.51856468872835
1215,Oracle,1340,5,Additive0.015,201000,150,15,6.57821521309652,6.58041823228831,6.60821521309652,,6.52473954444191,6.46579672459639,6.55399199317205,6.53859513869957,6.51739915991938
1215,Oracle Vector,1340,5,Additive0.015,3293720,2957,29,6.57444862979698,6.58041823228831,6.60444862979698,,6.52473954444191,6.46579672459639,6.55399199317205,6.53859513869957,6.51739915991938
1215,Value,1340,5,Additive0.015,954405,4773,71,6.5686257217059,6.58041823228831,6.5986257217059,,6.52473954444191,6.46579672459639,6.55399199317205,6.53859513869957,6.51739915991938
1215,Vector,1340,5,Additive0.015,4121840,3677,40,6.56720067589406,6.58041823228831,6.59720067589406,,6.52473954444191,6.46579672459639,6.55399199317205,6.53859513869957,6.51739915991938
1215,Dist L1,1340,5,Additive0.015,981145,4731,73,6.5686257217059,6.58041823228831,6.59862572170589,,6.52473954444191,6.46579672459639,6.55399199317205,6.53859513869957,6.51739915991938
1216,Oracle,1340,5,Additive0.015,201000,150,15,6.57821521309652,6.58010023304126,6.60821521309652,,6.52499831388493,6.46529387338565,6.55434432927404,6.5379012077781,6.51680736771187
1216,Oracle Vector,1340,5,Additive0.015,3304440,2966,29,6.57444862979698,6.58010023304126,6.60444862979698,,6.52499831388493,6.46529387338565,6.55434432927404,6.5379012077781,6.51680736771187
1216,Value,1340,5,Additive0.015,954409,4778,71,6.5686257217059,6.58010023304127,6.5986257217059,,6.52499831388493,6.46529387338565,6.55434432927403,6.5379012077781,6.51680736771187
1216,Vector,1340,5,Additive0.015,4121840,3677,40,6.56720067589406,6.58010023304127,6.59720067589406,,6.52499831388493,6.46529387338565,6.55434432927404,6.5379012077781,6.51680736771187
1216,Dist L1,1340,5,Additive0.015,981149,4736,73,6.5686257217059,6.58010023304127,6.59862572170589,,6.52499831388493,6.46529387338565,6.55434432927403,6.5379012077781,6.51680736771187
1217,Oracle,1340,5,Additive0.015,201000,150,15,6.57821521309652,6.58015104918015,6.60821521309652,,6.52429840989924,6.46424468881352,6.55574583551282,6.53797946016036,6.51719040992303
1217,Oracle Vector,1340,5,Additive0.015,3304440,2966,29,6.57444862979698,6.58015104918015,6.60444862979698,,6.52429840989924,6.46424468881352,6.55574583551282,6.53797946016036,6.51719040992303
1217,Vector,1340,5,Additive0.015,4121840,3677,40,6.56720067589406,6.58015104918015,6.59720067589406,,6.52429840989924,6.46424468881352,6.55574583551282,6.53797946016036,6.51719040992303
1217,Value,1340,5,Additive0.015,954417,4788,71,6.5686257217059,6.58015104918015,6.5986257217059,,6.52429840989924,6.46424468881352,6.55574583551282,6.53797946016036,6.51719040992303
1217,Dist L1,1340,5,Additive0.015,981149,4736,73,6.5686257217059,6.58015104918015,6.59862572170589,,6.52429840989924,6.46424468881352,6.55574583551282,6.53797946016036,6.51719040992303
1218,Oracle,1340,5,Additive0.015,201000,150,15,6.57821521309652,6.57889219632637,6.60821521309652,,6.52355817069803,6.46228751260621,6.55538142685317,6.53718883392613,6.51644210841717
1218,Oracle Vector,1340,5,Additive0.015,3309800,2971,29,6.57444862979698,6.57889219632637,6.60444862979698,,6.52355817069804,6.46228751260621,6.55538142685317,6.53718883392613,6.51644210841717
1218,Vector,1340,5,Additive0.015,4121840,3677,40,6.56720067589406,6.57889219632637,6.59720067589406,,6.52355817069804,6.46228751260621,6.55538142685317,6.53718883392613,6.51644210841717
1218,Value,1340,5,Additive0.015,954427,4799,71,6.5686257217059,6.57889219632637,6.5986257217059,,6.52355817069804,6.46228751260621,6.55538142685317,6.53718883392613,6.51644210841718
1218,Dist L1,1340,5,Additive0.015,981159,4747,73,6.5686257217059,6.57889219632637,6.59862572170589,,6.52355817069804,6.46228751260621,6.55538142685317,6.53718883392613,6.51644210841718
1219,Oracle,1340,5,Additive0.015,214400,160,16,6.56311309901417,6.57811309901417,6.59311309901416,,6.52273797714699,6.46002417908523,6.55607763307337,6.53636361932424,6.51557606343494
1219,Oracle Vector,1340,5,Additive0.015,3323200,2982,29,6.57444862979698,6.57811309901417,6.60444862979698,,6.52273797714699,6.46002417908523,6.55607763307337,6.53636361932425,6.51557606343494
1219,Value,1340,5,Additive0.015,954437,4811,71,6.5686257217059,6.57811309901417,6.5986257217059,,6.52273797714699,6.46002417908523,6.55607763307337,6.53636361932424,6.51557606343494
1219,Vector,1340,5,Additive0.015,4127200,3682,40,6.56720067589406,6.57811309901417,6.59720067589406,,6.52273797714699,6.46002417908523,6.55607763307337,6.53636361932425,6.51557606343494
1219,Dist L1,1340,5,Additive0.015,981169,4759,73,6.5686257217059,6.57811309901417,6.59862572170589,,6.52273797714699,6.46002417908523,6.55607763307337,6.53636361932424,6.51557606343494
1220,Oracle,1340,5,Additive0.015,214400,160,16,6.56311309901417,6.57782561172662,6.59311309901416,,6.52325390753792,6.45906375865001,6.55696142734921,6.53518465293623,6.51551347786641
1220,Oracle Vector,1340,5,Additive0.015,3323200,2982,29,6.57444862979698,6.57782561172662,6.60444862979698,,6.52325390753791,6.45906375865001,6.55696142734921,6.53518465293623,6.51551347786641
1220,Vector,1340,5,Additive0.015,4127200,3682,40,6.56720067589406,6.57782561172662,6.59720067589406,,6.52325390753792,6.45906375865001,6.55696142734921,6.53518465293623,6.51551347786641
1220,Value,1340,5,Additive0.015,967842,4832,72,6.56282561172662,6.57782561172662,6.59282561172662,,6.52325390753792,6.45906375865001,6.55696142734921,6.53518465293623,6.51551347786641
1220,Dist L1,1340,5,Additive0.015,994574,4780,74,6.56282561172662,6.57782561172662,6.59282561172662,,6.52325390753792,6.45906375865001,6.55696142734921,6.53518465293623,6.51551347786641
1221,Oracle,1340,5,Additive0.015,214400,160,16,6.56311309901417,6.57818101758378,6.59311309901416,,6.52369780107313,6.45833950227403,6.5581713067679,6.53499927921873,6.51575266180961
1221,Oracle Vector,1340,5,Additive0.015,3323200,2982,29,6.57444862979698,6.57818101758377,6.60444862979698,,6.52369780107313,6.45833950227403,6.5581713067679,6.53499927921873,6.51575266180961
1221,Value,1340,5,Additive0.015,967842,4832,72,6.56282561172662,6.57818101758377,6.59282561172662,,6.52369780107313,6.45833950227403,6.5581713067679,6.53499927921873,6.51575266180961
1221,Vector,1340,5,Additive0.015,4132560,3687,40,6.56720067589406,6.57818101758377,6.59720067589406,,6.52369780107313,6.45833950227404,6.5581713067679,6.53499927921873,6.51575266180961
1221,Dist L1,1340,5,Additive0.015,994574,4780,74,6.56282561172662,6.57818101758377,6.59282561172662,,6.52369780107313,6.45833950227403,6.5581713067679,6.53499927921873,6.51575266180961
1222,Oracle,1340,5,Additive0.015,214400,160,16,6.56311309901417,6.5777986222283,6.59311309901416,,6.52363437300611,6.45642114020224,6.5581572610736,6.53470536178618,6.51583231778598
1222,Oracle Vector,1340,5,Additive0.015,3323200,2982,29,6.57444862979698,6.5777986222283,6.60444862979698,,6.52363437300611,6.45642114020224,6.5581572610736,6.53470536178617,6.51583231778598
1222,Value,1340,5,Additive0.015,967842,4832,72,6.56282561172662,6.5777986222283,6.59282561172662,,6.52363437300611,6.45642114020224,6.5581572610736,6.53470536178617,6.51583231778598
1222,Vector,1340,5,Additive0.015,4137920,3692,40,6.56720067589406,6.5777986222283,6.59720067589406,,6.52363437300611,6.45642114020224,6.5581572610736,6.53470536178617,6.51583231778598
1222,Dist L1,1340,5,Additive0.015,994574,4780,74,6.56282561172662,6.5777986222283,6.59282561172662,,6.52363437300611,6.45642114020224,6.5581572610736,6.53470536178617,6.51583231778598
1223,Oracle,1340,5,Additive0.015,214400,160,16,6.56311309901417,6.57755668269996,6.59311309901416,,6.52271129420534,6.45585781401748,6.55821007371388,6.53409208577413,6.51579398166443
1223,Oracle Vector,1340,5,Additive0.015,3328560,2987,29,6.57444862979698,6.57755668269996,6.60444862979698,,6.52271129420535,6.45585781401748,6.55821007371388,6.53409208577413,6.51579398166443
1223,Value,1340,5,Additive0.015,967842,4832,72,6.56282561172662,6.57755668269996,6.59282561172662,,6.52271129420535,6.45585781401748,6.55821007371388,6.53409208577413,6.51579398166443
1223,Vector,1340,5,Additive0.015,4143280,3697,40,6.56720067589406,6.57755668269996,6.59720067589406,,6.52271129420535,6.45585781401748,6.55821007371388,6.53409208577413,6.51579398166443
1223,Dist L1,1340,5,Additive0.015,994574,4780,74,6.56282561172662,6.57755668269996,6.59282561172662,,6.52271129420535,6.45585781401748,6.55821007371388,6.53409208577413,6.51579398166443
1224,Oracle,1340,5,Additive0.015,214400,160,16,6.56311309901417,6.57746881158774,6.59311309901416,,6.52190105404411,6.45600346962383,6.55802910868755,6.53356013387112,6.51521622265126
1224,Oracle Vector,1340,5,Additive0.015,3328560,2987,29,6.57444862979698,6.57746881158773,6.60444862979698,,6.52190105404411,6.45600346962383,6.55802910868755,6.53356013387112,6.51521622265126
1224,Value,1340,5,Additive0.015,967842,4832,72,6.56282561172662,6.57746881158773,6.59282561172662,,6.52190105404411,6.45600346962383,6.55802910868755,6.53356013387112,6.51521622265126
1224,Vector,1340,5,Additive0.015,4143280,3697,40,6.56720067589406,6.57746881158773,6.59720067589406,,6.52190105404411,6.45600346962383,6.55802910868755,6.53356013387112,6.51521622265126
1224,Dist L1,1340,5,Additive0.015,994574,4780,74,6.56282561172662,6.57746881158773,6.59282561172662,,6.52190105404411,6.45600346962383,6.55802910868755,6.53356013387112,6.51521622265126
1225,Oracle,1340,5,Additive0.015,214400,160,16,6.56311309901417,6.5778752941499,6.59311309901416,,6.52242025687696,6.45667911280526,6.55878358487663,6.53310158660648,6.51455911602503
1225,Oracle Vector,1340,5,Additive0.015,3333920,2992,29,6.57444862979698,6.5778752941499,6.60444862979698,,6.52242025687696,6.45667911280526,6.55878358487663,6.53310158660648,6.51455911602503
1225,Value,1340,5,Additive0.015,967842,4832,72,6.56282561172662,6.5778752941499,6.59282561172662,,6.52242025687696,6.45667911280526,6.55878358487663,6.53310158660648,6.51455911602503
1225,Vector,1340,5,Additive0.015,4143280,3697,40,6.56720067589406,6.5778752941499,6.59720067589406,,6.52242025687696,6.45667911280526,6.55878358487663,6.53310158660647,6.51455911602503
1225,Dist L1,1340,5,Additive0.015,994574,4780,74,6.56282561172662,6.5778752941499,6.59282561172662,,6.52242025687696,6.45667911280526,6.55878358487663,6.53310158660648,6.51455911602503
1226,Oracle,1340,5,Additive0.015,214400,160,16,6.56311309901417,6.57862727130761,6.59311309901416,,6.52236900916027,6.45773986906185,6.56027035593991,6.53376978770614,6.51416024767616
1226,Oracle Vector,1340,5,Additive0.015,3339280,2997,29,6.57444862979698,6.57862727130761,6.60444862979698,,6.52236900916027,6.45773986906185,6.5602703559399,6.53376978770614,6.51416024767616
1226,Value,1340,5,Additive0.015,967842,4832,72,6.56282561172662,6.57862727130761,6.59282561172662,,6.52236900916027,6.45773986906185,6.5602703559399,6.53376978770614,6.51416024767616
1226,Vector,1340,5,Additive0.015,4143280,3697,40,6.56720067589406,6.57862727130761,6.59720067589406,,6.52236900916027,6.45773986906185,6.5602703559399,6.53376978770614,6.51416024767616
1226,Dist L1,1340,5,Additive0.015,994574,4780,74,6.56282561172662,6.57862727130761,6.59282561172662,,6.52236900916027,6.45773986906185,6.5602703559399,6.53376978770614,6.51416024767616
1227,Oracle,1340,5,Additive0.015,214400,160,16,6.56311309901417,6.57871059512146,6.59311309901416,,6.52133715572052,6.45897584758074,6.5607382559698,6.53288487750081,6.51346795896085
1227,Oracle Vector,1340,5,Additive0.015,3344640,3002,29,6.57444862979698,6.57871059512146,6.60444862979698,,6.52133715572052,6.45897584758074,6.5607382559698,6.53288487750081,6.51346795896085
1227,Value,1340,5,Additive0.015,967842,4832,72,6.56282561172662,6.57871059512145,6.59282561172662,,6.52133715572052,6.45897584758074,6.5607382559698,6.53288487750081,6.51346795896085
1227,Vector,1340,5,Additive0.015,4148640,3702,40,6.56720067589406,6.57871059512145,6.59720067589406,,6.52133715572052,6.45897584758074,6.5607382559698,6.53288487750081,6.51346795896085
1227,Dist L1,1340,5,Additive0.015,994574,4780,74,6.56282561172662,6.57871059512145,6.59282561172662,,6.52133715572052,6.45897584758074,6.5607382559698,6.53288487750081,6.51346795896085
1228,Oracle,1340,5,Additive0.015,214400,160,16,6.56311309901417,6.57835209190652,6.59311309901416,,6.52099914284942,6.45933840209459,6.56043871058694,6.53186435037353,6.51240919317229
1228,Oracle Vector,1340,5,Additive0.015,3350000,3007,29,6.57444862979698,6.57835209190651,6.60444862979698,,6.52099914284942,6.45933840209459,6.56043871058694,6.53186435037354,6.51240919317229
1228,Value,1340,5,Additive0.015,967842,4832,72,6.56282561172662,6.57835209190651,6.59282561172662,,6.52099914284942,6.45933840209459,6.56043871058694,6.53186435037354,6.51240919317229
1228,Vector,1340,5,Additive0.015,4148640,3702,40,6.56720067589406,6.57835209190651,6.59720067589406,,6.52099914284942,6.45933840209459,6.56043871058694,6.53186435037354,6.51240919317229
1228,Dist L1,1340,5,Additive0.015,994574,4780,74,6.56282561172662,6.57835209190651,6.59282561172662,,6.52099914284942,6.45933840209459,6.56043871058694,6.53186435037354,6.51240919317229
1229,Oracle,1340,5,Additive0.015,214400,160,16,6.56311309901417,6.57890185589718,6.59311309901416,,6.52182171097815,6.46099810885335,6.56079587089762,6.53207792905579,6.51248616374728
1229,Oracle Vector,1340,5,Additive0.015,3350000,3007,29,6.57444862979698,6.57890185589717,6.60444862979698,,6.52182171097815,6.46099810885335,6.56079587089762,6.53207792905579,6.51248616374728
1229,Vector,1340,5,Additive0.015,4148640,3702,40,6.56720067589406,6.57890185589718,6.59720067589406,,6.52182171097815,6.46099810885335,6.56079587089762,6.53207792905579,6.51248616374728
1229,Value,1340,5,Additive0.015,967842,4832,72,6.56282561172662,6.57890185589717,6.59282561172662,,6.52182171097815,6.46099810885335,6.56079587089762,6.53207792905579,6.51248616374728
1229,Dist L1,1340,5,Additive0.015,994574,4780,74,6.56282561172662,6.57890185589717,6.59282561172662,,6.52182171097815,6.46099810885335,6.56079587089762,6.53207792905579,6.51248616374728
1230,Oracle,1340,5,Additive0.015,214400,160,16,6.56311309901417,6.57951966353269,6.59311309901416,,6.52220854383558,6.46293853053474,6.56245035640795,6.53206101511652,6.51145234909535
1230,Vector,1340,5,Additive0.015,4148640,3702,40,6.56720067589406,6.57951966353269,6.59720067589406,,6.52220854383558,6.46293853053474,6.56245035640795,6.53206101511652,6.51145234909535
1230,Oracle Vector,1340,5,Additive0.015,3355360,3012,29,6.57444862979698,6.57951966353269,6.60444862979698,,6.52220854383558,6.46293853053474,6.56245035640795,6.53206101511652,6.51145234909535
1230,Value,1340,5,Additive0.015,967842,4832,72,6.56282561172662,6.57951966353269,6.59282561172662,,6.52220854383559,6.46293853053474,6.56245035640795,6.53206101511652,6.51145234909535
1230,Dist L1,1340,5,Additive0.015,994574,4780,74,6.56282561172662,6.57951966353269,6.59282561172662,,6.52220854383558,6.46293853053474,6.56245035640795,6.53206101511652,6.51145234909535
1231,Oracle,1340,5,Additive0.015,214400,160,16,6.56311309901417,6.58029670129671,6.59311309901416,,6.52222727839613,6.46466514720662,6.56404560587866,6.53197044733042,6.51150878068208
1231,Oracle Vector,1340,5,Additive0.015,3360720,3017,29,6.57444862979698,6.58029670129671,6.60444862979698,,6.52222727839613,6.46466514720662,6.56404560587866,6.53197044733042,6.51150878068208
1231,Value,1340,5,Additive0.015,967842,4832,72,6.56282561172662,6.58029670129671,6.59282561172662,,6.52222727839613,6.46466514720662,6.56404560587866,6.53197044733042,6.51150878068208
1231,Vector,1340,5,Additive0.015,4159360,3712,40,6.56720067589406,6.58029670129671,6.59720067589406,,6.52222727839613,6.46466514720662,6.56404560587866,6.53197044733042,6.51150878068208
1231,Dist L1,1340,5,Additive0.015,994574,4780,74,6.56282561172662,6.58029670129671,6.59282561172662,,6.52222727839613,6.46466514720662,6.56404560587866,6.53197044733042,6.51150878068208
1232,Oracle,1340,5,Additive0.015,214400,160,16,6.56311309901417,6.58010331795613,6.59311309901416,,6.52190479235005,6.46545665539585,6.56422738519709,6.53139697755304,6.51097146436241
1232,Oracle Vector,1340,5,Additive0.015,3366080,3022,29,6.57444862979698,6.58010331795613,6.60444862979698,,6.52190479235005,6.46545665539585,6.56422738519709,6.53139697755304,6.51097146436241
1232,Value,1340,5,Additive0.015,967842,4832,72,6.56282561172662,6.58010331795613,6.59282561172662,,6.52190479235005,6.46545665539585,6.56422738519709,6.53139697755304,6.51097146436241
1232,Vector,1340,5,Additive0.015,4164720,3717,40,6.56720067589406,6.58010331795613,6.59720067589406,,6.52190479235005,6.46545665539585,6.56422738519709,6.53139697755304,6.51097146436241
1232,Dist L1,1340,5,Additive0.015,994574,4780,74,6.56282561172662,6.58010331795613,6.59282561172662,,6.52190479235005,6.46545665539585,6.56422738519709,6.53139697755304,6.51097146436241
1233,Oracle,1340,5,Additive0.015,214400,160,16,6.56311309901417,6.58065080014419,6.59311309901416,,6.52266240706463,6.46673118559523,6.56496261717399,6.53125845517352,6.51164860517467
1233,Oracle Vector,1340,5,Additive0.015,3366080,3022,29,6.57444862979698,6.58065080014418,6.60444862979698,,6.52266240706463,6.46673118559523,6.56496261717399,6.53125845517352,6.51164860517467
1233,Vector,1340,5,Additive0.015,4164720,3717,40,6.56720067589406,6.58065080014418,6.59720067589406,,6.52266240706463,6.46673118559523,6.56496261717399,6.53125845517352,6.51164860517467
1233,Value,1340,5,Additive0.015,967842,4832,72,6.56282561172662,6.58065080014418,6.59282561172662,,6.52266240706463,6.46673118559523,6.56496261717399,6.53125845517352,6.51164860517467
1233,Dist L1,1340,5,Additive0.015,994574,4780,74,6.56282561172662,6.58065080014418,6.59282561172662,,6.52266240706463,6.46673118559523,6.56496261717399,6.53125845517352,6.51164860517467
1234,Oracle,1340,5,Additive0.015,214400,160,16,6.56311309901417,6.57926393764201,6.59311309901416,,6.52263273760589,6.46513463606313,6.56244797829152,6.52954529568295,6.50898522497848
1234,Oracle Vector,1340,5,Additive0.015,3371440,3027,29,6.57444862979698,6.57926393764201,6.60444862979698,,6.52263273760589,6.46513463606314,6.56244797829151,6.52954529568295,6.50898522497849
1234,Value,1340,5,Additive0.015,967842,4832,72,6.56282561172662,6.57926393764201,6.59282561172662,,6.52263273760589,6.46513463606314,6.56244797829152,6.52954529568295,6.50898522497848
1234,Vector,1340,5,Additive0.015,4170080,3722,40,6.56720067589406,6.57926393764201,6.59720067589406,,6.52263273760589,6.46513463606314,6.56244797829151,6.52954529568295,6.50898522497849
1234,Dist L1,1340,5,Additive0.015,994574,4780,74,6.56282561172662,6.57926393764201,6.59282561172662,,6.52263273760589,6.46513463606314,6.56244797829152,6.52954529568295,6.50898522497849
1235,Oracle,1340,5,Additive0.015,214400,160,16,6.56311309901417,6.57931794300457,6.59311309901416,,6.52221465737194,6.46593413506692,6.56224715475991,6.52979336565243,6.50874615605628
1235,Oracle Vector,1340,5,Additive0.015,3376800,3032,29,6.57444862979698,6.57931794300457,6.60444862979698,,6.52221465737194,6.46593413506692,6.56224715475991,6.52979336565243,6.50874615605628
1235,Value,1340,5,Additive0.015,967846,4837,72,6.56282561172662,6.57931794300457,6.59282561172662,,6.52221465737194,6.46593413506692,6.56224715475991,6.52979336565243,6.50874615605628
1235,Vector,1340,5,Additive0.015,4170080,3722,40,6.56720067589406,6.57931794300457,6.59720067589406,,6.52221465737194,6.46593413506692,6.56224715475991,6.52979336565243,6.50874615605628
1235,Dist L1,1340,5,Additive0.015,994578,4785,74,6.56282561172662,6.57931794300457,6.59282561172662,,6.52221465737194,6.46593413506692,6.56224715475991,6.52979336565243,6.50874615605628
1236,Oracle,1340,5,Additive0.015,214400,160,16,6.56311309901417,6.57915139365135,6.59311309901416,,6.52142311308441,6.46570226312692,6.56219684024823,6.52939924773552,6.50904105642319
1236,Oracle Vector,1340,5,Additive0.015,3384840,3039,29,6.57444862979698,6.57915139365135,6.60444862979698,,6.52142311308441,6.46570226312692,6.56219684024823,6.52939924773552,6.50904105642319
1236,Value,1340,5,Additive0.015,967852,4844,72,6.56282561172662,6.57915139365135,6.59282561172662,,6.52142311308441,6.46570226312692,6.56219684024823,6.52939924773552,6.50904105642319
1236,Vector,1340,5,Additive0.015,4170080,3722,40,6.56720067589406,6.57915139365135,6.59720067589406,,6.52142311308441,6.46570226312692,6.56219684024823,6.52939924773552,6.50904105642319
1236,Dist L1,1340,5,Additive0.015,994578,4785,74,6.56282561172662,6.57915139365135,6.59282561172662,,6.52142311308441,6.46570226312692,6.56219684024823,6.52939924773552,6.50904105642319
1237,Oracle,1340,5,Additive0.015,214400,160,16,6.56311309901417,6.57894117284781,6.59311309901416,,6.52092281110633,6.46535506423546,6.56231896098357,6.52902291491819,6.50895813432721
1237,Oracle Vector,1340,5,Additive0.015,3390200,3044,29,6.57444862979698,6.57894117284781,6.60444862979698,,6.52092281110633,6.46535506423546,6.56231896098357,6.52902291491819,6.50895813432721
1237,Value,1340,5,Additive0.015,967852,4844,72,6.56282561172662,6.57894117284781,6.59282561172662,,6.52092281110633,6.46535506423546,6.56231896098357,6.52902291491819,6.50895813432721
1237,Vector,1340,5,Additive0.015,4175440,3727,40,6.56720067589406,6.57894117284781,6.59720067589406,,6.52092281110633,6.46535506423547,6.56231896098357,6.52902291491819,6.50895813432721
1237,Dist L1,1340,5,Additive0.015,994582,4790,74,6.56282561172662,6.57894117284781,6.59282561172662,,6.52092281110633,6.46535506423546,6.56231896098357,6.52902291491819,6.50895813432721
1238,Oracle,1340,5,Additive0.015,214400,160,16,6.56311309901417,6.57837836047098,6.59311309901416,,6.52068225063212,6.46559615663558,6.56167065230916,6.52850270329465,6.50827870657801
1238,Oracle Vector,1340,5,Additive0.015,3395560,3049,29,6.57444862979698,6.57837836047098,6.60444862979698,,6.52068225063212,6.46559615663558,6.56167065230916,6.52850270329466,6.50827870657801
1238,Value,1340,5,Additive0.015,967852,4844,72,6.56282561172662,6.57837836047098,6.59282561172662,,6.52068225063212,6.46559615663558,6.56167065230916,6.52850270329466,6.50827870657801
1238,Vector,1340,5,Additive0.015,4180800,3732,40,6.56720067589406,6.57837836047098,6.59720067589406,,6.52068225063212,6.46559615663558,6.56167065230916,6.52850270329466,6.50827870657801
1238,Dist L1,1340,5,Additive0.015,994582,4790,74,6.56282561172662,6.57837836047098,6.59282561172662,,6.52068225063212,6.46559615663558,6.56167065230916,6.52850270329466,6.50827870657801
1239,Oracle,1340,5,Additive0.015,214400,160,16,6.56311309901417,6.5785012912944,6.59311309901416,,6.5208500279223,6.46660758856786,6.56218288229148,6.52823557656616,6.5079098153693
1239,Value,1340,5,Additive0.015,967856,4849,72,6.56282561172662,6.5785012912944,6.59282561172662,,6.5208500279223,6.46660758856787,6.56218288229148,6.52823557656616,6.5079098153693
1239,Vector,1340,5,Additive0.015,4186160,3737,40,6.56720067589406,6.5785012912944,6.59720067589406,,6.5208500279223,6.46660758856787,6.56218288229148,6.52823557656616,6.5079098153693
1239,Oracle Vector,1340,5,Additive0.015,3400920,3054,29,6.57444862979698,6.5785012912944,6.60444862979698,,6.5208500279223,6.46660758856787,6.56218288229148,6.52823557656616,6.5079098153693
1239,Dist L1,1340,5,Additive0.015,994588,4798,74,6.56282561172662,6.5785012912944,6.59282561172662,,6.5208500279223,6.46660758856787,6.56218288229148,6.52823557656616,6.5079098153693
1240,Oracle,1340,5,Additive0.015,214400,160,16,6.56311309901417,6.57925703452063,6.59311309901416,,6.52113304049927,6.46855800733645,6.56276697876545,6.52918236327016,6.50848509544307
1240,Oracle Vector,1340,5,Additive0.015,3400920,3054,29,6.57444862979698,6.57925703452062,6.60444862979698,,6.52113304049926,6.46855800733645,6.56276697876545,6.52918236327016,6.50848509544307
1240,Value,1340,5,Additive0.015,967860,4854,72,6.56282561172662,6.57925703452062,6.59282561172662,,6.52113304049926,6.46855800733645,6.56276697876545,6.52918236327016,6.50848509544307
1240,Vector,1340,5,Additive0.015,4186160,3737,40,6.56720067589406,6.57925703452063,6.59720067589406,,6.52113304049926,6.46855800733645,6.56276697876545,6.52918236327016,6.50848509544307
1240,Dist L1,1340,5,Additive0.015,994588,4798,74,6.56282561172662,6.57925703452062,6.59282561172662,,6.52113304049926,6.46855800733645,6.56276697876545,6.52918236327016,6.50848509544307
1241,Oracle,1340,5,Additive0.015,214400,160,16,6.56311309901417,6.57909631237935,6.59311309901416,,6.5203717724295,6.47029463347407,6.56264209992906,6.52906992558964,6.50756458911244
1241,Value,1340,5,Additive0.015,967870,4865,72,6.56282561172662,6.57909631237934,6.59282561172662,,6.5203717724295,6.47029463347407,6.56264209992906,6.52906992558964,6.50756458911244
1241,Oracle Vector,1340,5,Additive0.015,3406280,3059,29,6.57444862979698,6.57909631237935,6.60444862979698,,6.5203717724295,6.47029463347407,6.56264209992906,6.52906992558964,6.50756458911244
1241,Vector,1340,5,Additive0.015,4186160,3737,40,6.56720067589406,6.57909631237934,6.59720067589406,,6.5203717724295,6.47029463347407,6.56264209992906,6.52906992558964,6.50756458911244
1241,Dist L1,1340,5,Additive0.015,994596,4807,74,6.56282561172662,6.57909631237934,6.59282561172662,,6.5203717724295,6.47029463347407,6.56264209992906,6.52906992558964,6.50756458911244
1242,Oracle,1340,5,Additive0.015,214400,160,16,6.56311309901417,6.57931069538348,6.59311309901416,,6.51979121350582,6.47094816621309,6.56273359905789,6.52909018627288,6.5080604590505
1242,Oracle Vector,1340,5,Additive0.015,3406280,3059,29,6.57444862979698,6.57931069538348,6.60444862979698,,6.51979121350581,6.47094816621309,6.56273359905789,6.52909018627288,6.50806045905049
1242,Value,1340,5,Additive0.015,967874,4870,72,6.56282561172662,6.57931069538348,6.59282561172662,,6.51979121350581,6.47094816621309,6.56273359905789,6.52909018627288,6.50806045905049
1242,Vector,1340,5,Additive0.015,4186160,3737,40,6.56720067589406,6.57931069538348,6.59720067589406,,6.51979121350582,6.47094816621309,6.56273359905789,6.52909018627288,6.50806045905049
1242,Dist L1,1340,5,Additive0.015,994604,4817,74,6.56282561172662,6.57931069538348,6.59282561172662,,6.51979121350582,6.47094816621309,6.56273359905789,6.52909018627288,6.50806045905049
1243,Oracle,1340,5,Additive0.015,214400,160,16,6.56311309901417,6.58024675826679,6.59311309901416,,6.52018756883943,6.47285410155987,6.56335870653274,6.52959779834215,6.50866126619999
1243,Oracle Vector,1340,5,Additive0.015,3406280,3059,29,6.57444862979698,6.58024675826679,6.60444862979698,,6.52018756883942,6.47285410155987,6.56335870653274,6.52959779834215,6.50866126619999
1243,Value,1340,5,Additive0.015,967878,4875,72,6.56282561172662,6.58024675826679,6.59282561172662,,6.52018756883942,6.47285410155987,6.56335870653274,6.52959779834215,6.50866126619999
1243,Vector,1340,5,Additive0.015,4191520,3742,40,6.56720067589406,6.58024675826679,6.59720067589406,,6.52018756883942,6.47285410155987,6.56335870653274,6.52959779834215,6.50866126619999
1243,Dist L1,1340,5,Additive0.015,994612,4827,74,6.56282561172662,6.58024675826679,6.59282561172662,,6.52018756883942,6.47285410155987,6.56335870653274,6.52959779834215,6.50866126619999
1244,Oracle,1340,5,Additive0.015,214400,160,16,6.56311309901417,6.58120432079801,6.59311309901416,,6.52098996163368,6.4746649277806,6.56397292296466,6.53008248406614,6.50791133869413
1244,Oracle Vector,1340,5,Additive0.015,3406280,3059,29,6.57444862979698,6.58120432079801,6.60444862979698,,6.52098996163368,6.4746649277806,6.56397292296466,6.53008248406613,6.50791133869413
1244,Value,1340,5,Additive0.015,967878,4875,72,6.56282561172662,6.58120432079801,6.59282561172662,,6.52098996163369,6.4746649277806,6.56397292296466,6.53008248406614,6.50791133869413
1244,Vector,1340,5,Additive0.015,4191520,3742,40,6.56720067589406,6.58120432079801,6.59720067589406,,6.52098996163369,6.4746649277806,6.56397292296466,6.53008248406614,6.50791133869413
1244,Dist L1,1340,5,Additive0.015,994616,4832,74,6.56282561172662,6.58120432079801,6.59282561172662,,6.52098996163369,6.4746649277806,6.56397292296466,6.53008248406614,6.50791133869413
1245,Oracle,1340,5,Additive0.015,214400,160,16,6.56311309901417,6.58186880848312,6.59311309901416,,6.52144374570668,6.47630377415251,6.56454865149976,6.53045683106916,6.50688402346876
1245,Oracle Vector,1340,5,Additive0.015,3411640,3064,29,6.57444862979698,6.58186880848312,6.60444862979698,,6.52144374570668,6.47630377415251,6.56454865149976,6.53045683106916,6.50688402346876
1245,Vector,1340,5,Additive0.015,4191520,3742,40,6.56720067589406,6.58186880848313,6.59720067589406,,6.52144374570668,6.47630377415251,6.56454865149976,6.53045683106916,6.50688402346876
1245,Value,1340,5,Additive0.015,967878,4875,72,6.56282561172662,6.58186880848313,6.59282561172662,,6.52144374570668,6.47630377415251,6.56454865149976,6.53045683106916,6.50688402346876
1245,Dist L1,1340,5,Additive0.015,994616,4832,74,6.56282561172662,6.58186880848313,6.59282561172662,,6.52144374570668,6.47630377415251,6.56454865149976,6.53045683106916,6.50688402346876
1246,Oracle,1340,5,Additive0.015,214400,160,16,6.56311309901417,6.5827383484394,6.59311309901416,,6.5214070281475,6.47836483993863,6.56444745354634,6.5305782403413,6.50697532406397
1246,Value,1340,5,Additive0.015,967878,4875,72,6.56282561172662,6.5827383484394,6.59282561172662,,6.5214070281475,6.47836483993863,6.56444745354634,6.5305782403413,6.50697532406397
1246,Oracle Vector,1340,5,Additive0.015,3419680,3072,29,6.57444862979698,6.5827383484394,6.60444862979698,,6.5214070281475,6.47836483993863,6.56444745354634,6.5305782403413,6.50697532406397
1246,Vector,1340,5,Additive0.015,4196880,3747,40,6.56720067589406,6.5827383484394,6.59720067589406,,6.5214070281475,6.47836483993863,6.56444745354634,6.5305782403413,6.50697532406397
1246,Dist L1,1340,5,Additive0.015,994616,4832,74,6.56282561172662,6.5827383484394,6.59282561172662,,6.5214070281475,6.47836483993863,6.56444745354634,6.5305782403413,6.50697532406397
1247,Oracle,1340,5,Additive0.015,214400,160,16,6.56311309901417,6.58370458439653,6.59311309901416,,6.52167175885454,6.4805303534317,6.56503485922997,6.53073159711223,6.5074621265532
1247,Oracle Vector,1340,5,Additive0.015,3419680,3072,29,6.57444862979698,6.58370458439653,6.60444862979698,,6.52167175885454,6.4805303534317,6.56503485922997,6.53073159711223,6.5074621265532
1247,Value,1340,5,Additive0.015,967884,4883,72,6.56282561172662,6.58370458439653,6.59282561172662,,6.52167175885454,6.4805303534317,6.56503485922997,6.53073159711223,6.5074621265532
1247,Vector,1340,5,Additive0.015,4196880,3747,40,6.56720067589406,6.58370458439653,6.59720067589406,,6.52167175885454,6.4805303534317,6.56503485922997,6.53073159711223,6.5074621265532
1247,Dist L1,1340,5,Additive0.015,994620,4837,74,6.56282561172662,6.58370458439653,6.59282561172662,,6.52167175885454,6.4805303534317,6.56503485922997,6.53073159711223,6.5074621265532
1248,Oracle,1340,5,Additive0.015,214400,160,16,6.56311309901417,6.58417779816573,6.59311309901416,,6.52150363454525,6.48206270888356,6.56536966011338,6.53103920633867,6.50724032861613
1248,Oracle Vector,1340,5,Additive0.015,3419680,3072,29,6.57444862979698,6.58417779816573,6.60444862979698,,6.52150363454525,6.48206270888356,6.56536966011338,6.53103920633867,6.50724032861613
1248,Vector,1340,5,Additive0.015,4196880,3747,40,6.56720067589406,6.58417779816573,6.59720067589406,,6.52150363454525,6.48206270888356,6.56536966011338,6.53103920633867,6.50724032861613
1248,Value,1340,5,Additive0.015,967892,4893,72,6.56282561172662,6.58417779816573,6.59282561172662,,6.52150363454525,6.48206270888356,6.56536966011338,6.53103920633867,6.50724032861613
1248,Dist L1,1340,5,Additive0.015,994620,4837,74,6.56282561172662,6.58417779816573,6.59282561172662,,6.52150363454525,6.48206270888356,6.56536966011338,6.53103920633867,6.50724032861613
1249,Oracle,1340,5,Additive0.015,214400,160,16,6.56311309901417,6.58433026395258,6.59311309901416,,6.52107098957646,6.48356450802175,6.5651412256291,6.53166751585752,6.50615637364746
1249,Oracle Vector,1340,5,Additive0.015,3419680,3072,29,6.57444862979698,6.58433026395258,6.60444862979698,,6.52107098957647,6.48356450802175,6.5651412256291,6.53166751585753,6.50615637364746
1249,Vector,1340,5,Additive0.015,4196880,3747,40,6.56720067589406,6.58433026395258,6.59720067589406,,6.52107098957647,6.48356450802175,6.5651412256291,6.53166751585753,6.50615637364746
1249,Value,1340,5,Additive0.015,967896,4898,72,6.56282561172662,6.58433026395258,6.59282561172662,,6.52107098957647,6.48356450802175,6.5651412256291,6.53166751585753,6.50615637364746
1249,Dist L1,1340,5,Additive0.015,994630,4850,74,6.56282561172662,6.58433026395258,6.59282561172662,,6.52107098957647,6.48356450802175,6.5651412256291,6.53166751585753,6.50615637364746
1250,Oracle,1340,5,Additive0.015,214400,160,16,6.56311309901417,6.58571785270272,6.59311309901416,,6.52199395393892,6.48684628483751,6.56653462923908,6.53254989702333,6.50573093730357
1250,Oracle Vector,1340,5,Additive0.015,3425040,3077,29,6.57444862979698,6.58571785270272,6.60444862979698,,6.52199395393893,6.48684628483751,6.56653462923908,6.53254989702333,6.50573093730357
1250,Vector,1340,5,Additive0.015,4196880,3747,40,6.56720067589406,6.58571785270272,6.59720067589406,,6.52199395393893,6.48684628483751,6.56653462923908,6.53254989702334,6.50573093730357
1250,Value,1340,5,Additive0.015,967904,4908,72,6.56282561172662,6.58571785270272,6.59282561172662,,6.52199395393893,6.48684628483751,6.56653462923909,6.53254989702334,6.50573093730357
1250,Dist L1,1340,5,Additive0.015,994636,4858,74,6.56282561172662,6.58571785270272,6.59282561172662,,6.52199395393893,6.48684628483751,6.56653462923908,6.53254989702334,6.50573093730357
1251,Oracle,1340,5,Additive0.015,214400,160,16,6.56311309901417,6.58654952959295,6.59311309901416,,6.52250985879962,6.48906866791645,6.56626835695863,6.53363080868751,6.50441316017506
1251,Oracle Vector,1340,5,Additive0.015,3430400,3082,29,6.57444862979698,6.58654952959295,6.60444862979698,,6.52250985879962,6.48906866791645,6.56626835695863,6.53363080868751,6.50441316017506
1251,Vector,1340,5,Additive0.015,4202240,3752,40,6.56720067589406,6.58654952959295,6.59720067589406,,6.52250985879962,6.48906866791645,6.56626835695863,6.53363080868751,6.50441316017506
1251,Value,1340,5,Additive0.015,967910,4915,72,6.56282561172662,6.58654952959295,6.59282561172662,,6.52250985879962,6.48906866791645,6.56626835695863,6.53363080868751,6.50441316017506
1251,Dist L1,1340,5,Additive0.015,994644,4867,74,6.56282561172662,6.58654952959295,6.59282561172662,,6.52250985879962,6.48906866791645,6.56626835695863,6.53363080868751,6.50441316017506
1252,Oracle,1340,5,Additive0.015,214400,160,16,6.56311309901417,6.58756682025237,6.59311309901416,,6.52349935425834,6.49118721498446,6.56579104501917,6.53385209240063,6.5042508843664
1252,Oracle Vector,1340,5,Additive0.015,3430400,3082,29,6.57444862979698,6.58756682025237,6.60444862979698,,6.52349935425834,6.49118721498446,6.56579104501917,6.53385209240063,6.5042508843664
1252,Vector,1340,5,Additive0.015,4210280,3759,40,6.56720067589406,6.58756682025237,6.59720067589406,,6.52349935425834,6.49118721498446,6.56579104501917,6.53385209240063,6.5042508843664
1252,Value,1340,5,Additive0.015,981315,4937,73,6.57256682025237,6.58756682025237,6.60256682025237,,6.52349935425834,6.49118721498446,6.56579104501917,6.53385209240063,6.5042508843664
1252,Dist L1,1340,5,Additive0.015,1008049,4889,75,6.57256682025237,6.58756682025237,6.60256682025237,,6.52349935425834,6.49118721498446,6.56579104501917,6.53385209240063,6.5042508843664
1253,Oracle,1340,5,Additive0.015,214400,160,16,6.56311309901417,6.58892994276746,6.59311309901416,,6.52434780651167,6.49336606090298,6.56680672912458,6.53507524676046,6.50290454625779
1253,Oracle Vector,1340,5,Additive0.015,3435760,3087,29,6.57444862979698,6.58892994276746,6.60444862979698,,6.52434780651167,6.49336606090297,6.56680672912458,6.53507524676046,6.50290454625779
1253,Value,1340,5,Additive0.015,981315,4937,73,6.57256682025237,6.58892994276746,6.60256682025237,,6.52434780651166,6.49336606090297,6.56680672912458,6.53507524676045,6.50290454625779
1253,Vector,1340,5,Additive0.015,4223680,3770,40,6.56720067589406,6.58892994276746,6.59720067589406,,6.52434780651166,6.49336606090297,6.56680672912458,6.53507524676045,6.50290454625779
1253,Dist L1,1340,5,Additive0.015,1008049,4889,75,6.57256682025237,6.58892994276746,6.60256682025237,,6.52434780651166,6.49336606090297,6.56680672912458,6.53507524676045,6.50290454625779
1254,Oracle,1340,5,Additive0.015,214400,160,16,6.56311309901417,6.59024732138377,6.59311309901416,,6.52694492586763,6.49612801932642,6.56708748853519,6.53533561398288,6.50120967792451
1254,Oracle Vector,1340,5,Additive0.015,3441120,3092,29,6.57444862979698,6.59024732138377,6.60444862979698,,6.52694492586763,6.49612801932642,6.56708748853519,6.53533561398288,6.50120967792451
1254,Value,1340,5,Additive0.015,981315,4937,73,6.57256682025237,6.59024732138377,6.60256682025237,,6.52694492586763,6.49612801932642,6.56708748853519,6.53533561398288,6.50120967792451
1254,Dist L1,1340,5,Additive0.015,1008049,4889,75,6.57256682025237,6.59024732138377,6.60256682025237,,6.52694492586763,6.49612801932642,6.56708748853519,6.53533561398288,6.50120967792451
1254,Vector,1340,5,Additive0.015,4237080,3783,41,6.57524732138377,6.59024732138377,6.60524732138377,,6.52694492586763,6.49612801932642,6.56708748853519,6.53533561398288,6.50120967792451
1255,Oracle,1340,5,Additive0.015,214400,160,16,6.56311309901417,6.59159669626081,6.59311309901416,,6.52809520767397,6.49902213782222,6.56700719523728,6.53660874259902,6.50077332010188
1255,Oracle Vector,1340,5,Additive0.015,3446480,3097,29,6.57444862979698,6.59159669626081,6.60444862979698,,6.52809520767397,6.49902213782222,6.56700719523728,6.53660874259902,6.50077332010188
1255,Vector,1340,5,Additive0.015,4237080,3783,41,6.57524732138377,6.59159669626081,6.60524732138377,,6.52809520767397,6.49902213782222,6.56700719523728,6.53660874259902,6.50077332010188
1255,Value,1340,5,Additive0.015,981315,4937,73,6.57256682025237,6.59159669626081,6.60256682025237,,6.52809520767397,6.49902213782222,6.56700719523728,6.53660874259902,6.50077332010188
1255,Dist L1,1340,5,Additive0.015,1008049,4889,75,6.57256682025237,6.59159669626081,6.60256682025237,,6.52809520767397,6.49902213782222,6.56700719523728,6.53660874259902,6.50077332010188
1256,Oracle,1340,5,Additive0.015,227800,170,17,6.57814582686724,6.59314582686724,6.60814582686724,,6.52881731745391,6.50189897786033,6.568106231024,6.53751267470698,6.5000855772615
1256,Vector,1340,5,Additive0.015,4237080,3783,41,6.57524732138377,6.59314582686724,6.60524732138377,,6.52881731745391,6.50189897786033,6.568106231024,6.53751267470698,6.5000855772615
1256,Value,1340,5,Additive0.015,981315,4937,73,6.57256682025237,6.59314582686724,6.60256682025237,,6.52881731745391,6.50189897786033,6.568106231024,6.53751267470698,6.5000855772615
1256,Oracle Vector,1340,5,Additive0.015,3457200,3107,29,6.57444862979698,6.59314582686724,6.60444862979698,,6.52881731745391,6.50189897786033,6.568106231024,6.53751267470698,6.5000855772615
1256,Dist L1,1340,5,Additive0.015,1008049,4889,75,6.57256682025237,6.59314582686724,6.60256682025237,,6.52881731745391,6.50189897786033,6.568106231024,6.53751267470698,6.5000855772615
1257,Oracle,1340,5,Additive0.015,227800,170,17,6.57814582686724,6.59527333079013,6.60814582686724,,6.53033652253186,6.50525277421033,6.56962774674033,6.5389794185794,6.49936349222455
1257,Value,1340,5,Additive0.015,981315,4937,73,6.57256682025237,6.59527333079013,6.60256682025237,,6.53033652253187,6.50525277421033,6.56962774674033,6.5389794185794,6.49936349222455
1257,Vector,1340,5,Additive0.015,4237080,3783,41,6.57524732138377,6.59527333079013,6.60524732138377,,6.53033652253187,6.50525277421033,6.56962774674033,6.5389794185794,6.49936349222455
1257,Oracle Vector,1340,5,Additive0.015,3470600,3118,29,6.57444862979698,6.59527333079013,6.60444862979698,,6.53033652253186,6.50525277421033,6.56962774674033,6.5389794185794,6.49936349222455
1257,Dist L1,1340,5,Additive0.015,1008049,4889,75,6.57256682025237,6.59527333079013,6.60256682025237,,6.53033652253187,6.50525277421033,6.56962774674033,6.5389794185794,6.49936349222455
1258,Oracle,1340,5,Additive0.015,227800,170,17,6.57814582686724,6.597718725434,6.60814582686724,,6.53273635459011,6.50843917897581,6.57149801875374,6.54049624293286,6.50005253281298
1258,Value,1340,5,Additive0.015,981321,4945,73,6.57256682025237,6.597718725434,6.60256682025237,,6.53273635459012,6.50843917897582,6.57149801875375,6.54049624293286,6.50005253281298
1258,Vector,1340,5,Additive0.015,4237080,3783,41,6.57524732138377,6.597718725434,6.60524732138377,,6.53273635459012,6.50843917897582,6.57149801875375,6.54049624293286,6.50005253281298
1258,Oracle Vector,1340,5,Additive0.015,3484000,3128,30,6.582718725434,6.597718725434,6.612718725434,,6.53273635459011,6.50843917897582,6.57149801875375,6.54049624293286,6.50005253281298
1258,Dist L1,1340,5,Additive0.015,1008055,4897,75,6.57256682025237,6.597718725434,6.60256682025237,,6.53273635459012,6.50843917897582,6.57149801875375,6.54049624293286,6.50005253281298
1259,Oracle,1340,5,Additive0.015,227800,170,17,6.57814582686724,6.59832161351484,6.60814582686724,,6.53253107188688,6.51029276898094,6.5719905558449,6.5414980180317,6.49941740103096
1259,Oracle Vector,1340,5,Additive0.015,3484000,3128,30,6.582718725434,6.59832161351484,6.612718725434,,6.53253107188688,6.51029276898094,6.5719905558449,6.5414980180317,6.49941740103096
1259,Value,1340,5,Additive0.015,981327,4952,73,6.57256682025237,6.59832161351484,6.60256682025237,,6.53253107188688,6.51029276898094,6.5719905558449,6.5414980180317,6.49941740103096
1259,Vector,1340,5,Additive0.015,4237080,3783,41,6.57524732138377,6.59832161351484,6.60524732138377,,6.53253107188688,6.51029276898094,6.5719905558449,6.5414980180317,6.49941740103096
1259,Dist L1,1340,5,Additive0.015,1008059,4902,75,6.57256682025237,6.59832161351484,6.60256682025237,,6.53253107188688,6.51029276898094,6.5719905558449,6.5414980180317,6.49941740103096
1260,Oracle,1340,5,Additive0.015,227800,170,17,6.57814582686724,6.59886388255276,6.60814582686724,,6.5324790540767,6.51179189435216,6.57287322172189,6.54191968406545,6.49871091616751
1260,Oracle Vector,1340,5,Additive0.015,3484000,3128,30,6.582718725434,6.59886388255276,6.612718725434,,6.5324790540767,6.51179189435216,6.57287322172189,6.54191968406545,6.49871091616751
1260,Vector,1340,5,Additive0.015,4237080,3783,41,6.57524732138377,6.59886388255276,6.60524732138377,,6.5324790540767,6.51179189435217,6.57287322172189,6.54191968406545,6.49871091616751
1260,Value,1340,5,Additive0.015,981331,4957,73,6.57256682025237,6.59886388255276,6.60256682025237,,6.5324790540767,6.51179189435216,6.57287322172189,6.54191968406545,6.49871091616751
1260,Dist L1,1340,5,Additive0.015,1008067,4911,75,6.57256682025237,6.59886388255276,6.60256682025237,,6.5324790540767,6.51179189435217,6.57287322172189,6.54191968406545,6.49871091616751
1261,Oracle,1340,5,Additive0.015,227800,170,17,6.57814582686724,6.59797581279667,6.60814582686724,,6.53239418372741,6.51145772285258,6.57193002999731,6.54023995951916,6.49763387163561
1261,Oracle Vector,1340,5,Additive0.015,3484000,3128,30,6.582718725434,6.59797581279666,6.612718725434,,6.53239418372741,6.51145772285259,6.57193002999731,6.54023995951916,6.49763387163561
1261,Vector,1340,5,Additive0.015,4237080,3783,41,6.57524732138377,6.59797581279666,6.60524732138377,,6.53239418372741,6.51145772285259,6.57193002999731,6.54023995951916,6.49763387163561
1261,Value,1340,5,Additive0.015,981331,4957,73,6.57256682025237,6.59797581279666,6.60256682025237,,6.53239418372741,6.51145772285259,6.57193002999731,6.54023995951916,6.49763387163561
1261,Dist L1,1340,5,Additive0.015,1008067,4911,75,6.57256682025237,6.59797581279666,6.60256682025237,,6.53239418372741,6.51145772285259,6.57193002999731,6.54023995951916,6.49763387163561
1262,Oracle,1340,5,Additive0.015,227800,170,17,6.57814582686724,6.59769584336818,6.60814582686724,,6.53195478298013,6.51213272546456,6.57124807331398,6.53977524068996,6.4970860528598
1262,Oracle Vector,1340,5,Additive0.015,3484000,3128,30,6.582718725434,6.59769584336819,6.612718725434,,6.53195478298013,6.51213272546456,6.57124807331399,6.53977524068996,6.4970860528598
1262,Vector,1340,5,Additive0.015,4237080,3783,41,6.57524732138377,6.59769584336819,6.60524732138377,,6.53195478298013,6.51213272546456,6.57124807331399,6.53977524068996,6.4970860528598
1262,Value,1340,5,Additive0.015,981331,4957,73,6.57256682025237,6.59769584336818,6.60256682025237,,6.53195478298013,6.51213272546456,6.57124807331399,6.53977524068996,6.4970860528598
1262,Dist L1,1340,5,Additive0.015,1008067,4911,75,6.57256682025237,6.59769584336819,6.60256682025237,,6.53195478298013,6.51213272546456,6.57124807331399,6.53977524068996,6.4970860528598
1263,Oracle,1340,5,Additive0.015,227800,170,17,6.57814582686724,6.59769728194229,6.60814582686724,,6.53249645002016,6.51364063522298,6.57075476467043,6.53959485982279,6.49605466396764
1263,Oracle Vector,1340,5,Additive0.015,3484000,3128,30,6.582718725434,6.59769728194229,6.612718725434,,6.53249645002016,6.51364063522298,6.57075476467043,6.53959485982279,6.49605466396764
1263,Value,1340,5,Additive0.015,981335,4962,73,6.57256682025237,6.59769728194229,6.60256682025237,,6.53249645002016,6.51364063522298,6.57075476467043,6.53959485982279,6.49605466396764
1263,Vector,1340,5,Additive0.015,4242440,3788,41,6.57524732138377,6.59769728194228,6.60524732138377,,6.53249645002016,6.51364063522298,6.57075476467043,6.53959485982279,6.49605466396764
1263,Dist L1,1340,5,Additive0.015,1008071,4916,75,6.57256682025237,6.59769728194229,6.60256682025237,,6.53249645002016,6.51364063522298,6.57075476467043,6.53959485982279,6.49605466396764
1264,Oracle,1340,5,Additive0.015,227800,170,17,6.57814582686724,6.59780507115226,6.60814582686724,,6.53215091382374,6.51471166386912,6.57044927805542,6.53985676242891,6.49582640737231
1264,Oracle Vector,1340,5,Additive0.015,3484000,3128,30,6.582718725434,6.59780507115226,6.612718725434,,6.53215091382374,6.51471166386912,6.57044927805542,6.53985676242891,6.4958264073723
1264,Value,1340,5,Additive0.015,981335,4962,73,6.57256682025237,6.59780507115226,6.60256682025237,,6.53215091382374,6.51471166386911,6.57044927805542,6.53985676242891,6.4958264073723
1264,Vector,1340,5,Additive0.015,4242440,3788,41,6.57524732138377,6.59780507115226,6.60524732138377,,6.53215091382374,6.51471166386911,6.57044927805542,6.53985676242891,6.4958264073723
1264,Dist L1,1340,5,Additive0.015,1008075,4921,75,6.57256682025237,6.59780507115226,6.60256682025237,,6.53215091382374,6.51471166386911,6.57044927805542,6.53985676242891,6.4958264073723
1265,Oracle,1340,5,Additive0.015,227800,170,17,6.57814582686724,6.59773871831726,6.60814582686724,,6.53166338007639,6.51600246570615,6.57041544931694,6.53959603387673,6.49511786700088
1265,Oracle Vector,1340,5,Additive0.015,3484000,3128,30,6.582718725434,6.59773871831726,6.612718725434,,6.53166338007639,6.51600246570615,6.57041544931694,6.53959603387673,6.49511786700088
1265,Value,1340,5,Additive0.015,981339,4967,73,6.57256682025237,6.59773871831726,6.60256682025237,,6.53166338007639,6.51600246570615,6.57041544931694,6.53959603387673,6.49511786700088
1265,Vector,1340,5,Additive0.015,4247800,3793,41,6.57524732138377,6.59773871831726,6.60524732138377,,6.53166338007639,6.51600246570615,6.57041544931694,6.53959603387673,6.49511786700088
1265,Dist L1,1340,5,Additive0.015,1008075,4921,75,6.57256682025237,6.59773871831726,6.60256682025237,,6.53166338007639,6.51600246570615,6.57041544931694,6.53959603387673,6.49511786700088
1266,Oracle,1340,5,Additive0.015,227800,170,17,6.57814582686724,6.59756803726744,6.60814582686724,,6.5311168269579,6.51633468349693,6.57001938980822,6.53910787362136,6.49478477967895
1266,Oracle Vector,1340,5,Additive0.015,3484000,3128,30,6.582718725434,6.59756803726744,6.612718725434,,6.5311168269579,6.51633468349693,6.57001938980822,6.53910787362136,6.49478477967895
1266,Value,1340,5,Additive0.015,981339,4967,73,6.57256682025237,6.59756803726744,6.60256682025237,,6.5311168269579,6.51633468349693,6.57001938980822,6.53910787362136,6.49478477967895
1266,Vector,1340,5,Additive0.015,4253160,3798,41,6.57524732138377,6.59756803726744,6.60524732138377,,6.5311168269579,6.51633468349693,6.57001938980822,6.53910787362136,6.49478477967895
1266,Dist L1,1340,5,Additive0.015,1008075,4921,75,6.57256682025237,6.59756803726744,6.60256682025237,,6.5311168269579,6.51633468349693,6.57001938980822,6.53910787362136,6.49478477967895
1267,Oracle,1340,5,Additive0.015,227800,170,17,6.57814582686724,6.59764525258763,6.60814582686724,,6.53143383462417,6.51779639311006,6.56954930593658,6.53838574134887,6.49388639602123
1267,Oracle Vector,1340,5,Additive0.015,3484000,3128,30,6.582718725434,6.59764525258763,6.612718725434,,6.53143383462417,6.51779639311006,6.56954930593658,6.53838574134887,6.49388639602123
1267,Value,1340,5,Additive0.015,981343,4972,73,6.57256682025237,6.59764525258763,6.60256682025237,,6.53143383462417,6.51779639311006,6.56954930593658,6.53838574134887,6.49388639602123
1267,Vector,1340,5,Additive0.015,4253160,3798,41,6.57524732138377,6.59764525258763,6.60524732138377,,6.53143383462417,6.51779639311006,6.56954930593658,6.53838574134887,6.49388639602123
1267,Dist L1,1340,5,Additive0.015,1008079,4926,75,6.57256682025237,6.59764525258763,6.60256682025237,,6.53143383462417,6.51779639311006,6.56954930593658,6.53838574134887,6.49388639602123
1268,Oracle,1340,5,Additive0.015,227800,170,17,6.57814582686724,6.59768196318554,6.60814582686724,,6.53147883594018,6.518664827982,6.56974132794512,6.53800075056802,6.49252613120288
1268,Oracle Vector,1340,5,Additive0.015,3484000,3128,30,6.582718725434,6.59768196318555,6.612718725434,,6.53147883594018,6.51866482798201,6.56974132794512,6.53800075056802,6.49252613120288
1268,Value,1340,5,Additive0.015,981343,4972,73,6.57256682025237,6.59768196318555,6.60256682025237,,6.53147883594018,6.51866482798201,6.56974132794512,6.53800075056802,6.49252613120288
1268,Vector,1340,5,Additive0.015,4253160,3798,41,6.57524732138377,6.59768196318555,6.60524732138377,,6.53147883594018,6.518664827982,6.56974132794512,6.53800075056802,6.49252613120288
1268,Dist L1,1340,5,Additive0.015,1008083,4931,75,6.57256682025237,6.59768196318555,6.60256682025237,,6.53147883594018,6.518664827982,6.56974132794512,6.53800075056802,6.49252613120288
1269,Oracle,1340,5,Additive0.015,227800,170,17,6.57814582686724,6.59777313341963,6.60814582686724,,6.53184204753129,6.52025132540316,6.56985866252052,6.53770120172959,6.49071914056786
1269,Oracle Vector,1340,5,Additive0.015,3484000,3128,30,6.582718725434,6.59777313341963,6.612718725434,,6.53184204753129,6.52025132540316,6.56985866252052,6.53770120172959,6.49071914056786
1269,Value,1340,5,Additive0.015,981349,4979,73,6.57256682025237,6.59777313341963,6.60256682025237,,6.53184204753129,6.52025132540316,6.56985866252052,6.53770120172959,6.49071914056786
1269,Vector,1340,5,Additive0.015,4258520,3803,41,6.57524732138377,6.59777313341963,6.60524732138377,,6.53184204753129,6.52025132540316,6.56985866252052,6.53770120172959,6.49071914056786
1269,Dist L1,1340,5,Additive0.015,1008093,4944,75,6.57256682025237,6.59777313341963,6.60256682025237,,6.53184204753129,6.52025132540316,6.56985866252052,6.53770120172959,6.49071914056786
1270,Oracle,1340,5,Additive0.015,227800,170,17,6.57814582686724,6.59803950736699,6.60814582686724,,6.53195132952774,6.52120978477931,6.56986823025022,6.53777802926223,6.48967435359184
1270,Oracle Vector,1340,5,Additive0.015,3484000,3128,30,6.582718725434,6.59803950736699,6.612718725434,,6.53195132952774,6.52120978477931,6.56986823025022,6.53777802926223,6.48967435359184
1270,Value,1340,5,Additive0.015,981353,4984,73,6.57256682025237,6.59803950736699,6.60256682025237,,6.53195132952774,6.52120978477931,6.56986823025022,6.53777802926223,6.48967435359184
1270,Vector,1340,5,Additive0.015,4263880,3808,41,6.57524732138377,6.59803950736699,6.60524732138377,,6.53195132952774,6.52120978477931,6.56986823025022,6.53777802926223,6.48967435359184
1270,Dist L1,1340,5,Additive0.015,1008093,4944,75,6.57256682025237,6.59803950736699,6.60256682025237,,6.53195132952774,6.52120978477931,6.56986823025022,6.53777802926223,6.48967435359184
1271,Oracle,1340,5,Additive0.015,227800,170,17,6.57814582686724,6.59727139597246,6.60814582686724,,6.53190188797346,6.52209269285694,6.56825138275863,6.5367236043087,6.4878278702243
1271,Oracle Vector,1340,5,Additive0.015,3489360,3133,30,6.582718725434,6.59727139597246,6.612718725434,,6.53190188797346,6.52209269285694,6.56825138275863,6.5367236043087,6.4878278702243
1271,Vector,1340,5,Additive0.015,4263880,3808,41,6.57524732138377,6.59727139597246,6.60524732138377,,6.53190188797346,6.52209269285694,6.56825138275863,6.5367236043087,6.4878278702243
1271,Value,1340,5,Additive0.015,981357,4989,73,6.57256682025237,6.59727139597246,6.60256682025237,,6.53190188797346,6.52209269285694,6.56825138275863,6.53672360430869,6.4878278702243
1271,Dist L1,1340,5,Additive0.015,1008097,4949,75,6.57256682025237,6.59727139597246,6.60256682025237,,6.53190188797346,6.52209269285694,6.56825138275863,6.53672360430869,6.4878278702243
1272,Oracle,1340,5,Additive0.015,227800,170,17,6.57814582686724,6.59747629398339,6.60814582686724,,6.53194352454751,6.52400845514678,6.56879340231939,6.53648492260431,6.48672291307434
1272,Oracle Vector,1340,5,Additive0.015,3494720,3138,30,6.582718725434,6.59747629398339,6.612718725434,,6.53194352454751,6.52400845514678,6.56879340231939,6.53648492260432,6.48672291307434
1272,Vector,1340,5,Additive0.015,4263880,3808,41,6.57524732138377,6.59747629398339,6.60524732138377,,6.53194352454751,6.52400845514678,6.56879340231939,6.53648492260432,6.48672291307434
1272,Value,1340,5,Additive0.015,981361,4994,73,6.57256682025237,6.59747629398339,6.60256682025237,,6.53194352454751,6.52400845514678,6.56879340231939,6.53648492260432,6.48672291307434
1272,Dist L1,1340,5,Additive0.015,1008101,4954,75,6.57256682025237,6.59747629398339,6.60256682025237,,6.53194352454751,6.52400845514678,6.56879340231939,6.53648492260432,6.48672291307434
1273,Oracle,1340,5,Additive0.015,227800,170,17,6.57814582686724,6.59732593295655,6.60814582686724,,6.53220846943408,6.52470859976409,6.5689910530723,6.53517233815348,6.48582239256371
1273,Value,1340,5,Additive0.015,981367,5001,73,6.57256682025237,6.59732593295655,6.60256682025237,,6.53220846943409,6.52470859976409,6.5689910530723,6.53517233815348,6.48582239256371
1273,Oracle Vector,1340,5,Additive0.015,3494720,3138,30,6.582718725434,6.59732593295655,6.612718725434,,6.53220846943409,6.52470859976409,6.5689910530723,6.53517233815348,6.48582239256371
1273,Vector,1340,5,Additive0.015,4269240,3813,41,6.57524732138377,6.59732593295655,6.60524732138377,,6.53220846943409,6.52470859976409,6.5689910530723,6.53517233815348,6.48582239256371
1273,Dist L1,1340,5,Additive0.015,1008101,4954,75,6.57256682025237,6.59732593295655,6.60256682025237,,6.53220846943409,6.52470859976409,6.5689910530723,6.53517233815348,6.48582239256371
1274,Oracle,1340,5,Additive0.015,227800,170,17,6.57814582686724,6.59745659174198,6.60814582686724,,6.53253787983643,6.52582240858339,6.56928418893674,6.53443699037708,6.48550289364457
1274,Oracle Vector,1340,5,Additive0.015,3494720,3138,30,6.582718725434,6.59745659174198,6.612718725434,,6.53253787983643,6.52582240858339,6.56928418893674,6.53443699037708,6.48550289364457
1274,Value,1340,5,Additive0.015,981377,5013,73,6.57256682025237,6.59745659174198,6.60256682025237,,6.53253787983643,6.52582240858339,6.56928418893674,6.53443699037708,6.48550289364457
1274,Vector,1340,5,Additive0.015,4269240,3813,41,6.57524732138377,6.59745659174198,6.60524732138377,,6.53253787983643,6.52582240858339,6.56928418893674,6.53443699037708,6.48550289364457
1274,Dist L1,1340,5,Additive0.015,1008109,4964,75,6.57256682025237,6.59745659174198,6.60256682025237,,6.53253787983643,6.52582240858339,6.56928418893674,6.53443699037708,6.48550289364457
1275,Oracle,1340,5,Additive0.015,227800,170,17,6.57814582686724,6.596913051156,6.60814582686724,,6.53192479169243,6.52652339622194,6.56862139301313,6.53432042472603,6.48451880628528
1275,Oracle Vector,1340,5,Additive0.015,3494720,3138,30,6.582718725434,6.596913051156,6.612718725434,,6.53192479169243,6.52652339622194,6.56862139301313,6.53432042472603,6.48451880628528
1275,Vector,1340,5,Additive0.015,4269240,3813,41,6.57524732138377,6.596913051156,6.60524732138377,,6.53192479169243,6.52652339622194,6.56862139301313,6.53432042472603,6.48451880628528
1275,Value,1340,5,Additive0.015,981383,5021,73,6.57256682025237,6.596913051156,6.60256682025237,,6.53192479169243,6.52652339622194,6.56862139301312,6.53432042472603,6.48451880628528
1275,Dist L1,1340,5,Additive0.015,1008119,4977,75,6.57256682025237,6.596913051156,6.60256682025237,,6.53192479169243,6.52652339622194,6.56862139301312,6.53432042472603,6.48451880628528
1276,Oracle,1340,5,Additive0.015,227800,170,17,6.57814582686724,6.59632289536361,6.60814582686724,,6.53150461710643,6.52690365438472,6.56731582080137,6.53304588240776,6.48407845862259
1276,Oracle Vector,1340,5,Additive0.015,3500080,3143,30,6.582718725434,6.59632289536362,6.612718725434,,6.53150461710643,6.52690365438472,6.56731582080137,6.53304588240776,6.48407845862259
1276,Vector,1340,5,Additive0.015,4269240,3813,41,6.57524732138377,6.59632289536362,6.60524732138377,,6.53150461710643,6.52690365438472,6.56731582080137,6.53304588240776,6.48407845862259
1276,Value,1340,5,Additive0.015,981387,5026,73,6.57256682025237,6.59632289536362,6.60256682025237,,6.53150461710643,6.52690365438472,6.56731582080137,6.53304588240776,6.48407845862259
1276,Dist L1,1340,5,Additive0.015,1008123,4982,75,6.57256682025237,6.59632289536362,6.60256682025237,,6.53150461710643,6.52690365438472,6.56731582080137,6.53304588240776,6.48407845862259
1277,Oracle,1340,5,Additive0.015,227800,170,17,6.57814582686724,6.59623986064053,6.60814582686724,,6.5316873993555,6.52680585889617,6.5671299388981,6.53279817721904,6.48335748653201
1277,Oracle Vector,1340,5,Additive0.015,3500080,3143,30,6.582718725434,6.59623986064053,6.612718725434,,6.5316873993555,6.52680585889617,6.5671299388981,6.53279817721904,6.48335748653202
1277,Value,1340,5,Additive0.015,981391,5031,73,6.57256682025237,6.59623986064053,6.60256682025237,,6.5316873993555,6.52680585889617,6.5671299388981,6.53279817721904,6.48335748653201
1277,Vector,1340,5,Additive0.015,4274600,3818,41,6.57524732138377,6.59623986064053,6.60524732138377,,6.5316873993555,6.52680585889617,6.5671299388981,6.53279817721904,6.48335748653202
1277,Dist L1,1340,5,Additive0.015,1008129,4990,75,6.57256682025237,6.59623986064053,6.60256682025237,,6.5316873993555,6.52680585889617,6.5671299388981,6.53279817721904,6.48335748653201
1278,Oracle,1340,5,Additive0.015,227800,170,17,6.57814582686724,6.59618721652181,6.60814582686724,,6.53182258397041,6.52733597479174,6.56665304919702,6.53286967794438,6.48269554309109
1278,Oracle Vector,1340,5,Additive0.015,3500080,3143,30,6.582718725434,6.59618721652181,6.612718725434,,6.53182258397041,6.52733597479174,6.56665304919702,6.53286967794438,6.48269554309109
1278,Value,1340,5,Additive0.015,981399,5041,73,6.57256682025237,6.59618721652181,6.60256682025237,,6.53182258397041,6.52733597479174,6.56665304919702,6.53286967794438,6.48269554309109
1278,Vector,1340,5,Additive0.015,4279960,3823,41,6.57524732138377,6.59618721652181,6.60524732138377,,6.53182258397041,6.52733597479174,6.56665304919702,6.53286967794438,6.48269554309109
1278,Dist L1,1340,5,Additive0.015,1008129,4990,75,6.57256682025237,6.59618721652181,6.60256682025237,,6.53182258397041,6.52733597479174,6.56665304919702,6.53286967794438,6.48269554309109
1279,Oracle,1340,5,Additive0.015,227800,170,17,6.57814582686724,6.59587428001488,6.60814582686724,,6.53145768886879,6.5268183099981,6.56629246176138,6.53255906617777,6.48194914197413
1279,Oracle Vector,1340,5,Additive0.015,3505440,3148,30,6.582718725434,6.59587428001488,6.612718725434,,6.53145768886879,6.5268183099981,6.56629246176138,6.53255906617778,6.48194914197413
1279,Vector,1340,5,Additive0.015,4279960,3823,41,6.57524732138377,6.59587428001488,6.60524732138377,,6.53145768886879,6.52681830999811,6.56629246176138,6.53255906617778,6.48194914197413
1279,Value,1340,5,Additive0.015,981403,5046,73,6.57256682025237,6.59587428001488,6.60256682025237,,6.53145768886879,6.5268183099981,6.56629246176138,6.53255906617778,6.48194914197413
1279,Dist L1,1340,5,Additive0.015,1008135,4997,75,6.57256682025237,6.59587428001488,6.60256682025237,,6.53145768886879,6.52681830999811,6.56629246176138,6.53255906617778,6.48194914197413
1280,Oracle,1340,5,Additive0.015,227800,170,17,6.57814582686724,6.59539329299501,6.60814582686724,,6.53175043348421,6.5263706236579,6.56505815462304,6.53091396072503,6.48149295052841
1280,Oracle Vector,1340,5,Additive0.015,3505440,3148,30,6.582718725434,6.59539329299501,6.612718725434,,6.53175043348421,6.5263706236579,6.56505815462304,6.53091396072503,6.48149295052841
1280,Value,1340,5,Additive0.015,981411,5056,73,6.57256682025237,6.59539329299501,6.60256682025237,,6.53175043348421,6.5263706236579,6.56505815462304,6.53091396072503,6.48149295052841
1280,Vector,1340,5,Additive0.015,4285320,3828,41,6.57524732138377,6.59539329299501,6.60524732138377,,6.53175043348421,6.5263706236579,6.56505815462304,6.53091396072502,6.48149295052841
1280,Dist L1,1340,5,Additive0.015,1008135,4997,75,6.57256682025237,6.59539329299501,6.60256682025237,,6.53175043348421,6.5263706236579,6.56505815462304,6.53091396072503,6.48149295052841
1281,Oracle,1340,5,Additive0.015,227800,170,17,6.57814582686724,6.59486187845677,6.60814582686724,,6.53111558311979,6.52575900649092,6.56421818198053,6.52998724035646,6.48122983794742
1281,Oracle Vector,1340,5,Additive0.015,3505440,3148,30,6.582718725434,6.59486187845677,6.612718725434,,6.53111558311979,6.52575900649092,6.56421818198053,6.52998724035645,6.48122983794742
1281,Vector,1340,5,Additive0.015,4285320,3828,41,6.57524732138377,6.59486187845677,6.60524732138377,,6.53111558311979,6.52575900649092,6.56421818198052,6.52998724035645,6.48122983794742
1281,Value,1340,5,Additive0.015,981411,5056,73,6.57256682025237,6.59486187845677,6.60256682025237,,6.53111558311979,6.52575900649092,6.56421818198052,6.52998724035645,6.48122983794742
1281,Dist L1,1340,5,Additive0.015,1008135,4997,75,6.57256682025237,6.59486187845677,6.60256682025237,,6.53111558311979,6.52575900649092,6.56421818198052,6.52998724035645,6.48122983794742
1282,Oracle,1340,5,Additive0.015,227800,170,17,6.57814582686724,6.59480069815984,6.60814582686724,,6.53125045937092,6.52487979021834,6.56430972415736,6.52931334573277,6.48129211719958
1282,Oracle Vector,1340,5,Additive0.015,3505440,3148,30,6.582718725434,6.59480069815983,6.612718725434,,6.53125045937092,6.52487979021834,6.56430972415736,6.52931334573277,6.48129211719958
1282,Vector,1340,5,Additive0.015,4285320,3828,41,6.57524732138377,6.59480069815983,6.60524732138377,,6.53125045937092,6.52487979021834,6.56430972415736,6.52931334573277,6.48129211719958
1282,Value,1340,5,Additive0.015,981411,5056,73,6.57256682025237,6.59480069815983,6.60256682025237,,6.53125045937092,6.52487979021834,6.56430972415736,6.52931334573277,6.48129211719958
1282,Dist L1,1340,5,Additive0.015,1008135,4997,75,6.57256682025237,6.59480069815983,6.60256682025237,,6.53125045937092,6.52487979021834,6.56430972415736,6.52931334573277,6.48129211719958
1283,Oracle,1340,5,Additive0.015,227800,170,17,6.57814582686724,6.59490466610208,6.60814582686724,,6.53174442808457,6.5248838840587,6.56429322043013,6.52929826237162,6.48062827743925
1283,Oracle Vector,1340,5,Additive0.015,3505440,3148,30,6.582718725434,6.59490466610209,6.612718725434,,6.53174442808457,6.5248838840587,6.56429322043013,6.52929826237162,6.48062827743925
1283,Vector,1340,5,Additive0.015,4285320,3828,41,6.57524732138377,6.59490466610209,6.60524732138377,,6.53174442808457,6.5248838840587,6.56429322043013,6.52929826237162,6.48062827743925
1283,Value,1340,5,Additive0.015,981411,5056,73,6.57256682025237,6.59490466610209,6.60256682025237,,6.53174442808457,6.5248838840587,6.56429322043013,6.52929826237162,6.48062827743925
1283,Dist L1,1340,5,Additive0.015,1008145,5009,75,6.57256682025237,6.59490466610209,6.60256682025237,,6.53174442808457,6.5248838840587,6.56429322043013,6.52929826237162,6.48062827743925
1284,Oracle,1340,5,Additive0.015,227800,170,17,6.57814582686724,6.59537418474276,6.60814582686724,,6.53129027093821,6.5248333168015,6.5655816206133,6.52909470706272,6.48220015868685
1284,Oracle Vector,1340,5,Additive0.015,3505440,3148,30,6.582718725434,6.59537418474276,6.612718725434,,6.5312902709382,6.5248333168015,6.5655816206133,6.52909470706271,6.48220015868684
1284,Value,1340,5,Additive0.015,981421,5069,73,6.57256682025237,6.59537418474276,6.60256682025237,,6.5312902709382,6.5248333168015,6.5655816206133,6.52909470706271,6.48220015868684
1284,Vector,1340,5,Additive0.015,4296040,3838,41,6.57524732138377,6.59537418474276,6.60524732138377,,6.5312902709382,6.5248333168015,6.5655816206133,6.52909470706271,6.48220015868684
1284,Dist L1,1340,5,Additive0.015,1008145,5009,75,6.57256682025237,6.59537418474276,6.60256682025237,,6.5312902709382,6.5248333168015,6.5655816206133,6.52909470706271,6.48220015868684
1285,Oracle,1340,5,Additive0.015,227800,170,17,6.57814582686724,6.59490985211177,6.60814582686724,,6.53082783892569,6.52396797328212,6.56498578488094,6.52804271108112,6.48172963382353
1285,Oracle Vector,1340,5,Additive0.015,3510800,3153,30,6.582718725434,6.59490985211177,6.612718725434,,6.53082783892569,6.52396797328212,6.56498578488095,6.52804271108112,6.48172963382353
1285,Vector,1340,5,Additive0.015,4296040,3838,41,6.57524732138377,6.59490985211177,6.60524732138377,,6.53082783892569,6.52396797328212,6.56498578488095,6.52804271108112,6.48172963382353
1285,Value,1340,5,Additive0.015,981425,5074,73,6.57256682025237,6.59490985211177,6.60256682025237,,6.53082783892569,6.52396797328212,6.56498578488095,6.52804271108112,6.48172963382353
1285,Dist L1,1340,5,Additive0.015,1008151,5016,75,6.57256682025237,6.59490985211177,6.60256682025237,,6.53082783892569,6.52396797328212,6.56498578488095,6.52804271108112,6.48172963382353
1286,Oracle,1340,5,Additive0.015,227800,170,17,6.57814582686724,6.59452473007557,6.60814582686724,,6.53088304531532,6.52372217538294,6.56434380098532,6.52755678699424,6.48111921839977
1286,Oracle Vector,1340,5,Additive0.015,3516160,3158,30,6.582718725434,6.59452473007557,6.612718725434,,6.53088304531532,6.52372217538294,6.56434380098532,6.52755678699424,6.48111921839976
1286,Vector,1340,5,Additive0.015,4296040,3838,41,6.57524732138377,6.59452473007557,6.60524732138377,,6.53088304531532,6.52372217538294,6.56434380098532,6.52755678699424,6.48111921839976
1286,Value,1340,5,Additive0.015,981425,5074,73,6.57256682025237,6.59452473007557,6.60256682025237,,6.53088304531532,6.52372217538294,6.56434380098532,6.52755678699424,6.48111921839976
1286,Dist L1,1340,5,Additive0.015,1008157,5023,75,6.57256682025237,6.59452473007557,6.60256682025237,,6.53088304531532,6.52372217538294,6.56434380098532,6.52755678699424,6.48111921839976
1287,Oracle,1340,5,Additive0.015,227800,170,17,6.57814582686724,6.59499363277153,6.60814582686724,,6.53108596152341,6.52467321612279,6.5647586804906,6.52723781648835,6.48131005009289
1287,Value,1340,5,Additive0.015,981433,5084,73,6.57256682025237,6.59499363277153,6.60256682025237,,6.53108596152341,6.52467321612279,6.5647586804906,6.52723781648835,6.48131005009289
1287,Oracle Vector,1340,5,Additive0.015,3521520,3163,30,6.582718725434,6.59499363277153,6.612718725434,,6.53108596152341,6.52467321612279,6.5647586804906,6.52723781648835,6.48131005009289
1287,Vector,1340,5,Additive0.015,4301400,3843,41,6.57524732138377,6.59499363277153,6.60524732138377,,6.53108596152341,6.52467321612279,6.5647586804906,6.52723781648835,6.48131005009289
1287,Dist L1,1340,5,Additive0.015,1008161,5028,75,6.57256682025237,6.59499363277153,6.60256682025237,,6.53108596152341,6.52467321612279,6.5647586804906,6.52723781648835,6.48131005009289
1288,Oracle,1340,5,Additive0.015,227800,170,17,6.57814582686724,6.59580104932234,6.60814582686724,,6.53201296216668,6.52537730094414,6.56500051493183,6.527293607385,6.48169297136551
1288,Oracle Vector,1340,5,Additive0.015,3521520,3163,30,6.582718725434,6.59580104932234,6.612718725434,,6.53201296216668,6.52537730094414,6.56500051493184,6.527293607385,6.48169297136551
1288,Value,1340,5,Additive0.015,981441,5093,73,6.57256682025237,6.59580104932234,6.60256682025237,,6.53201296216668,6.52537730094414,6.56500051493184,6.527293607385,6.48169297136551
1288,Vector,1340,5,Additive0.015,4306760,3848,41,6.57524732138377,6.59580104932234,6.60524732138377,,6.53201296216668,6.52537730094414,6.56500051493184,6.527293607385,6.48169297136551
1288,Dist L1,1340,5,Additive0.015,1008173,5042,75,6.57256682025237,6.59580104932234,6.60256682025237,,6.53201296216668,6.52537730094414,6.56500051493184,6.527293607385,6.48169297136551
1289,Oracle,1340,5,Additive0.015,227800,170,17,6.57814582686724,6.59618498585661,6.60814582686724,,6.53270622406208,6.52518897415851,6.56562168619349,6.5264416184176,6.48347341491465
1289,Oracle Vector,1340,5,Additive0.015,3521520,3163,30,6.582718725434,6.59618498585661,6.612718725434,,6.53270622406208,6.52518897415851,6.56562168619349,6.5264416184176,6.48347341491465
1289,Value,1340,5,Additive0.015,981451,5104,73,6.57256682025237,6.59618498585661,6.60256682025237,,6.53270622406208,6.52518897415851,6.56562168619349,6.5264416184176,6.48347341491465
1289,Vector,1340,5,Additive0.015,4314800,3855,41,6.57524732138377,6.59618498585661,6.60524732138377,,6.53270622406208,6.52518897415851,6.56562168619349,6.5264416184176,6.48347341491465
1289,Dist L1,1340,5,Additive0.015,1008187,5058,75,6.57256682025237,6.59618498585661,6.60256682025237,,6.53270622406208,6.52518897415851,6.56562168619349,6.5264416184176,6.48347341491465
1290,Oracle,1340,5,Additive0.015,227800,170,17,6.57814582686724,6.59615572970716,6.60814582686724,,6.53306647474509,6.52518149263468,6.56524728406671,6.52573250421944,6.48309745750171
1290,Oracle Vector,1340,5,Additive0.015,3521520,3163,30,6.582718725434,6.59615572970715,6.612718725434,,6.53306647474508,6.52518149263468,6.56524728406671,6.52573250421944,6.48309745750171
1290,Value,1340,5,Additive0.015,981461,5117,73,6.57256682025237,6.59615572970715,6.60256682025237,,6.53306647474508,6.52518149263468,6.56524728406671,6.52573250421944,6.48309745750171
1290,Vector,1340,5,Additive0.015,4314800,3855,41,6.57524732138377,6.59615572970715,6.60524732138377,,6.53306647474508,6.52518149263468,6.56524728406671,6.52573250421944,6.48309745750171
1290,Dist L1,1340,5,Additive0.015,1008201,5076,75,6.57256682025237,6.59615572970715,6.60256682025237,,6.53306647474508,6.52518149263468,6.56524728406671,6.52573250421944,6.48309745750171
1291,Oracle,1340,5,Additive0.015,227800,170,17,6.57814582686724,6.59677640918142,6.60814582686724,,6.53368580446485,6.52543473116554,6.56543910312891,6.52525741918576,6.48350361610464
1291,Oracle Vector,1340,5,Additive0.015,3521520,3163,30,6.582718725434,6.59677640918142,6.612718725434,,6.53368580446484,6.52543473116554,6.56543910312891,6.52525741918576,6.48350361610464
1291,Vector,1340,5,Additive0.015,4314800,3855,41,6.57524732138377,6.59677640918142,6.60524732138377,,6.53368580446485,6.52543473116554,6.56543910312891,6.52525741918576,6.48350361610464
1291,Value,1340,5,Additive0.015,994866,5137,74,6.58177640918142,6.59677640918142,6.61177640918142,,6.53368580446485,6.52543473116554,6.56543910312891,6.52525741918576,6.48350361610464
1291,Dist L1,1340,5,Additive0.015,1021606,5096,76,6.58177640918142,6.59677640918142,6.61177640918142,,6.53368580446485,6.52543473116554,6.56543910312891,6.52525741918576,6.48350361610464
1292,Oracle,1340,5,Additive0.015,227800,170,17,6.57814582686724,6.59720759308035,6.60814582686724,,6.53394917854739,6.52536335830899,6.56617104324081,6.52604755001938,6.4831072164055
1292,Oracle Vector,1340,5,Additive0.015,3521520,3163,30,6.582718725434,6.59720759308035,6.612718725434,,6.53394917854739,6.52536335830899,6.56617104324081,6.52604755001938,6.4831072164055
1292,Value,1340,5,Additive0.015,994866,5137,74,6.58177640918142,6.59720759308035,6.61177640918142,,6.53394917854739,6.52536335830899,6.56617104324081,6.52604755001938,6.4831072164055
1292,Vector,1340,5,Additive0.015,4325520,3866,41,6.57524732138377,6.59720759308035,6.60524732138377,,6.53394917854739,6.52536335830899,6.56617104324081,6.52604755001938,6.4831072164055
1292,Dist L1,1340,5,Additive0.015,1021606,5096,76,6.58177640918142,6.59720759308035,6.61177640918142,,6.53394917854739,6.52536335830899,6.56617104324081,6.52604755001938,6.4831072164055
1293,Oracle,1340,5,Additive0.015,227800,170,17,6.57814582686724,6.59715991290586,6.60814582686724,,6.53374681428076,6.52549218924252,6.56603914286905,6.52587125441301,6.48259411949622
1293,Oracle Vector,1340,5,Additive0.015,3521520,3163,30,6.582718725434,6.59715991290586,6.612718725434,,6.53374681428076,6.52549218924252,6.56603914286905,6.52587125441301,6.48259411949622
1293,Value,1340,5,Additive0.015,994866,5137,74,6.58177640918142,6.59715991290586,6.61177640918142,,6.53374681428076,6.52549218924252,6.56603914286905,6.52587125441301,6.48259411949622
1293,Vector,1340,5,Additive0.015,4325520,3866,41,6.57524732138377,6.59715991290586,6.60524732138377,,6.53374681428076,6.52549218924252,6.56603914286905,6.52587125441301,6.48259411949622
1293,Dist L1,1340,5,Additive0.015,1021606,5096,76,6.58177640918142,6.59715991290586,6.61177640918142,,6.53374681428076,6.52549218924252,6.56603914286905,6.52587125441301,6.48259411949622
1294,Oracle,1340,5,Additive0.015,227800,170,17,6.57814582686724,6.59713654968597,6.60814582686724,,6.53326620700109,6.52558122912917,6.56596867397121,6.52531734744174,6.48313689924414
1294,Oracle Vector,1340,5,Additive0.015,3521520,3163,30,6.582718725434,6.59713654968597,6.612718725434,,6.53326620700108,6.52558122912917,6.56596867397121,6.52531734744174,6.48313689924414
1294,Vector,1340,5,Additive0.015,4330880,3871,41,6.57524732138377,6.59713654968597,6.60524732138377,,6.53326620700108,6.52558122912917,6.56596867397121,6.52531734744174,6.48313689924414
1294,Value,1340,5,Additive0.015,994866,5137,74,6.58177640918142,6.59713654968597,6.61177640918142,,6.53326620700108,6.52558122912917,6.56596867397121,6.52531734744174,6.48313689924413
1294,Dist L1,1340,5,Additive0.015,1021606,5096,76,6.58177640918142,6.59713654968597,6.61177640918142,,6.53326620700108,6.52558122912917,6.56596867397121,6.52531734744174,6.48313689924413
1295,Oracle,1340,5,Additive0.015,227800,170,17,6.57814582686724,6.59665513875517,6.60814582686724,,6.5326947390151,6.52507463769829,6.56554726345849,6.52441785681622,6.48270100303434
1295,Oracle Vector,1340,5,Additive0.015,3521520,3163,30,6.582718725434,6.59665513875517,6.612718725434,,6.5326947390151,6.52507463769829,6.56554726345849,6.52441785681622,6.48270100303433
1295,Value,1340,5,Additive0.015,994866,5137,74,6.58177640918142,6.59665513875517,6.61177640918142,,6.5326947390151,6.52507463769829,6.56554726345849,6.52441785681622,6.48270100303433
1295,Vector,1340,5,Additive0.015,4336240,3876,41,6.57524732138377,6.59665513875517,6.60524732138377,,6.5326947390151,6.52507463769829,6.56554726345849,6.52441785681622,6.48270100303433
1295,Dist L1,1340,5,Additive0.015,1021606,5096,76,6.58177640918142,6.59665513875517,6.61177640918142,,6.5326947390151,6.52507463769829,6.56554726345849,6.52441785681622,6.48270100303433
1296,Oracle,1340,5,Additive0.015,227800,170,17,6.57814582686724,6.59616123394818,6.60814582686724,,6.53228214918086,6.5252069642988,6.56511282611473,6.5238566340977,6.48165239453494
1296,Oracle Vector,1340,5,Additive0.015,3526880,3168,30,6.582718725434,6.59616123394818,6.612718725434,,6.53228214918087,6.5252069642988,6.56511282611473,6.5238566340977,6.48165239453494
1296,Value,1340,5,Additive0.015,994866,5137,74,6.58177640918142,6.59616123394818,6.61177640918142,,6.53228214918087,6.5252069642988,6.56511282611473,6.5238566340977,6.48165239453494
1296,Vector,1340,5,Additive0.015,4341600,3881,41,6.57524732138377,6.59616123394818,6.60524732138377,,6.53228214918087,6.5252069642988,6.56511282611473,6.5238566340977,6.48165239453494
1296,Dist L1,1340,5,Additive0.015,1021606,5096,76,6.58177640918142,6.59616123394818,6.61177640918142,,6.53228214918087,6.5252069642988,6.56511282611473,6.5238566340977,6.48165239453494
1297,Oracle,1340,5,Additive0.015,227800,170,17,6.57814582686724,6.59563256261545,6.60814582686724,,6.53261139687406,6.52415619102353,6.5648637573667,6.52284677118052,6.48043957887674
1297,Oracle Vector,1340,5,Additive0.015,3526880,3168,30,6.582718725434,6.59563256261545,6.612718725434,,6.53261139687406,6.52415619102353,6.5648637573667,6.52284677118052,6.48043957887674
1297,Value,1340,5,Additive0.015,994866,5137,74,6.58177640918142,6.59563256261545,6.61177640918142,,6.53261139687406,6.52415619102353,6.5648637573667,6.52284677118051,6.48043957887673
1297,Vector,1340,5,Additive0.015,4346960,3886,41,6.57524732138377,6.59563256261545,6.60524732138377,,6.53261139687406,6.52415619102353,6.5648637573667,6.52284677118052,6.48043957887674
1297,Dist L1,1340,5,Additive0.015,1021606,5096,76,6.58177640918142,6.59563256261545,6.61177640918142,,6.53261139687406,6.52415619102353,6.5648637573667,6.52284677118051,6.48043957887673
1298,Oracle,1340,5,Additive0.015,227800,170,17,6.57814582686724,6.59592805610472,6.60814582686724,,6.53264407750113,6.52418405041214,6.56521721832965,6.52292876277263,6.48093466868966
1298,Oracle Vector,1340,5,Additive0.015,3526880,3168,30,6.582718725434,6.59592805610472,6.612718725434,,6.53264407750113,6.52418405041214,6.56521721832965,6.52292876277262,6.48093466868966
1298,Vector,1340,5,Additive0.015,4346960,3886,41,6.57524732138377,6.59592805610472,6.60524732138377,,6.53264407750113,6.52418405041214,6.56521721832965,6.52292876277262,6.48093466868966
1298,Value,1340,5,Additive0.015,994866,5137,74,6.58177640918142,6.59592805610472,6.61177640918142,,6.53264407750113,6.52418405041214,6.56521721832965,6.52292876277262,6.48093466868966
1298,Dist L1,1340,5,Additive0.015,1021606,5096,76,6.58177640918142,6.59592805610472,6.61177640918142,,6.53264407750113,6.52418405041214,6.56521721832965,6.52292876277262,6.48093466868966
1299,Oracle,1340,5,Additive0.015,227800,170,17,6.57814582686724,6.59581858582105,6.60814582686724,,6.53266029332247,6.52396855228349,6.56517609252772,6.52257378366165,6.48099361296731
1299,Value,1340,5,Additive0.015,994866,5137,74,6.58177640918142,6.59581858582105,6.61177640918142,,6.53266029332247,6.52396855228349,6.56517609252771,6.52257378366165,6.48099361296731
1299,Oracle Vector,1340,5,Additive0.015,3537600,3178,30,6.582718725434,6.59581858582105,6.612718725434,,6.53266029332247,6.52396855228349,6.56517609252771,6.52257378366165,6.48099361296731
1299,Vector,1340,5,Additive0.015,4352320,3891,41,6.57524732138377,6.59581858582105,6.60524732138377,,6.53266029332247,6.52396855228349,6.56517609252771,6.52257378366165,6.48099361296731
1299,Dist L1,1340,5,Additive0.015,1021606,5096,76,6.58177640918142,6.59581858582105,6.61177640918142,,6.53266029332247,6.52396855228349,6.56517609252771,6.52257378366165,6.48099361296731
1300,Oracle,1340,5,Additive0.015,227800,170,17,6.57814582686724,6.59488511385316,6.60814582686724,,6.5322161801107,6.52220138567983,6.56250541151264,6.52186952746521,6.48078572471373
1300,Vector,1340,5,Additive0.015,4352320,3891,41,6.57524732138377,6.59488511385316,6.60524732138377,,6.53221618011071,6.52220138567983,6.56250541151264,6.52186952746521,6.48078572471373
1300,Oracle Vector,1340,5,Additive0.015,3542960,3183,30,6.582718725434,6.59488511385316,6.612718725434,,6.53221618011071,6.52220138567983,6.56250541151264,6.52186952746521,6.48078572471373
1300,Value,1340,5,Additive0.015,994866,5137,74,6.58177640918142,6.59488511385316,6.61177640918142,,6.53221618011071,6.52220138567983,6.56250541151264,6.52186952746521,6.48078572471373
1300,Dist L1,1340,5,Additive0.015,1021606,5096,76,6.58177640918142,6.59488511385316,6.61177640918142,,6.53221618011071,6.52220138567983,6.56250541151264,6.52186952746521,6.48078572471373
1301,Oracle,1340,5,Additive0.015,227800,170,17,6.57814582686724,6.59483157201226,6.60814582686724,,6.5323521663929,6.52170634251417,6.5628570759729,6.52166627983235,6.48083483967365
1301,Oracle Vector,1340,5,Additive0.015,3542960,3183,30,6.582718725434,6.59483157201226,6.612718725434,,6.5323521663929,6.52170634251418,6.5628570759729,6.52166627983234,6.48083483967366
1301,Value,1340,5,Additive0.015,994870,5142,74,6.58177640918142,6.59483157201226,6.61177640918142,,6.5323521663929,6.52170634251417,6.5628570759729,6.52166627983234,6.48083483967365
1301,Vector,1340,5,Additive0.015,4352320,3891,41,6.57524732138377,6.59483157201226,6.60524732138377,,6.5323521663929,6.52170634251418,6.5628570759729,6.52166627983234,6.48083483967365
1301,Dist L1,1340,5,Additive0.015,1021610,5101,76,6.58177640918142,6.59483157201226,6.61177640918142,,6.5323521663929,6.52170634251418,6.5628570759729,6.52166627983234,6.48083483967365
1302,Oracle,1340,5,Additive0.015,227800,170,17,6.57814582686724,6.59462683736034,6.60814582686724,,6.53248066051951,6.52074363017006,6.56276044146288,6.52177811809323,6.48091617520904
1302,Oracle Vector,1340,5,Additive0.015,3542960,3183,30,6.582718725434,6.59462683736034,6.612718725434,,6.53248066051951,6.52074363017006,6.56276044146288,6.52177811809322,6.48091617520904
1302,Value,1340,5,Additive0.015,994870,5142,74,6.58177640918142,6.59462683736034,6.61177640918142,,6.53248066051951,6.52074363017006,6.56276044146288,6.52177811809322,6.48091617520904
1302,Vector,1340,5,Additive0.015,4352320,3891,41,6.57524732138377,6.59462683736034,6.60524732138377,,6.53248066051951,6.52074363017006,6.56276044146288,6.52177811809322,6.48091617520905
1302,Dist L1,1340,5,Additive0.015,1021610,5101,76,6.58177640918142,6.59462683736034,6.61177640918142,,6.53248066051951,6.52074363017006,6.56276044146288,6.52177811809322,6.48091617520904
1303,Oracle,1340,5,Additive0.015,227800,170,17,6.57814582686724,6.59388556925239,6.60814582686724,,6.53215495520922,6.52024258066808,6.56141452465975,6.52071450274115,6.4810356444499
1303,Oracle Vector,1340,5,Additive0.015,3542960,3183,30,6.582718725434,6.59388556925239,6.612718725434,,6.53215495520922,6.52024258066808,6.56141452465975,6.52071450274115,6.4810356444499
1303,Value,1340,5,Additive0.015,994874,5147,74,6.58177640918142,6.5938855692524,6.61177640918142,,6.53215495520922,6.52024258066808,6.56141452465975,6.52071450274115,6.4810356444499
1303,Vector,1340,5,Additive0.015,4352320,3891,41,6.57524732138377,6.5938855692524,6.60524732138377,,6.53215495520922,6.52024258066808,6.56141452465975,6.52071450274115,6.4810356444499
1303,Dist L1,1340,5,Additive0.015,1021614,5106,76,6.58177640918142,6.5938855692524,6.61177640918142,,6.53215495520922,6.52024258066808,6.56141452465975,6.52071450274115,6.4810356444499
1304,Oracle,1340,5,Additive0.015,227800,170,17,6.57814582686724,6.5936059839369,6.60814582686724,,6.53146222418551,6.5192472216303,6.56130472212603,6.52016694004813,6.4812834754846
1304,Oracle Vector,1340,5,Additive0.015,3542960,3183,30,6.582718725434,6.5936059839369,6.612718725434,,6.53146222418551,6.5192472216303,6.56130472212603,6.52016694004813,6.4812834754846
1304,Value,1340,5,Additive0.015,994878,5152,74,6.58177640918142,6.5936059839369,6.61177640918142,,6.53146222418551,6.5192472216303,6.56130472212603,6.52016694004813,6.4812834754846
1304,Vector,1340,5,Additive0.015,4357680,3896,41,6.57524732138377,6.5936059839369,6.60524732138377,,6.53146222418551,6.5192472216303,6.56130472212603,6.52016694004813,6.4812834754846
1304,Dist L1,1340,5,Additive0.015,1021618,5111,76,6.58177640918142,6.5936059839369,6.61177640918142,,6.53146222418551,6.5192472216303,6.56130472212603,6.52016694004813,6.4812834754846
1305,Oracle,1340,5,Additive0.015,227800,170,17,6.57814582686724,6.59370357938061,6.60814582686724,,6.53182627303318,6.5189047998926,6.56170821654775,6.51962343056887,6.48073944237052
1305,Oracle Vector,1340,5,Additive0.015,3542960,3183,30,6.582718725434,6.59370357938061,6.612718725434,,6.53182627303318,6.51890479989259,6.56170821654775,6.51962343056888,6.48073944237052
1305,Value,1340,5,Additive0.015,994882,5157,74,6.58177640918142,6.59370357938061,6.61177640918142,,6.53182627303318,6.5189047998926,6.56170821654775,6.51962343056888,6.48073944237052
1305,Vector,1340,5,Additive0.015,4357680,3896,41,6.57524732138377,6.59370357938061,6.60524732138377,,6.53182627303318,6.5189047998926,6.56170821654775,6.51962343056888,6.48073944237052
1305,Dist L1,1340,5,Additive0.015,1021622,5116,76,6.58177640918142,6.59370357938061,6.61177640918142,,6.53182627303318,6.5189047998926,6.56170821654775,6.51962343056888,6.48073944237052
1306,Oracle,1340,5,Additive0.015,227800,170,17,6.57814582686724,6.59300294015233,6.60814582686724,,6.53154321672048,6.51849069963048,6.56026491868093,6.51820358926299,6.48036691501941
1306,Oracle Vector,1340,5,Additive0.015,3542960,3183,30,6.582718725434,6.59300294015233,6.612718725434,,6.53154321672048,6.51849069963047,6.56026491868093,6.51820358926299,6.48036691501941
1306,Vector,1340,5,Additive0.015,4357680,3896,41,6.57524732138377,6.59300294015233,6.60524732138377,,6.53154321672048,6.51849069963047,6.56026491868093,6.51820358926299,6.48036691501941
1306,Value,1340,5,Additive0.015,994892,5169,74,6.58177640918142,6.59300294015233,6.61177640918142,,6.53154321672048,6.51849069963047,6.56026491868093,6.518203589263,6.48036691501941
1306,Dist L1,1340,5,Additive0.015,1021632,5127,76,6.58177640918142,6.59300294015233,6.61177640918142,,6.53154321672048,6.51849069963047,6.56026491868093,6.518203589263,6.48036691501941
1307,Oracle,1340,5,Additive0.015,227800,170,17,6.57814582686724,6.59243401090385,6.60814582686724,,6.53089350000412,6.51798903536571,6.55951564900535,6.51727755844443,6.48031142506087
1307,Oracle Vector,1340,5,Additive0.015,3548320,3188,30,6.582718725434,6.59243401090385,6.612718725434,,6.53089350000413,6.51798903536571,6.55951564900536,6.51727755844443,6.48031142506087
1307,Vector,1340,5,Additive0.015,4363040,3901,41,6.57524732138377,6.59243401090385,6.60524732138377,,6.53089350000413,6.51798903536571,6.55951564900536,6.51727755844443,6.48031142506087
1307,Value,1340,5,Additive0.015,1008297,5190,75,6.57743401090385,6.59243401090385,6.60743401090385,,6.53089350000413,6.51798903536571,6.55951564900536,6.51727755844443,6.48031142506087
1307,Dist L1,1340,5,Additive0.015,1035037,5148,77,6.57743401090385,6.59243401090385,6.60743401090385,,6.53089350000413,6.51798903536571,6.55951564900536,6.51727755844443,6.48031142506087
1308,Oracle,1340,5,Additive0.015,227800,170,17,6.57814582686724,6.59149036363126,6.60814582686724,,6.52998232452248,6.51732041820094,6.55784050402551,6.51636535143267,6.47921904143275
1308,Value,1340,5,Additive0.015,1008297,5190,75,6.57743401090385,6.59149036363125,6.60743401090385,,6.52998232452247,6.51732041820094,6.55784050402551,6.51636535143267,6.47921904143275
1308,Oracle Vector,1340,5,Additive0.015,3553680,3193,30,6.582718725434,6.59149036363125,6.612718725434,,6.52998232452247,6.51732041820094,6.55784050402551,6.51636535143267,6.47921904143275
1308,Vector,1340,5,Additive0.015,4368400,3906,41,6.57524732138377,6.59149036363126,6.60524732138377,,6.52998232452247,6.51732041820094,6.55784050402551,6.51636535143267,6.47921904143275
1308,Dist L1,1340,5,Additive0.015,1035037,5148,77,6.57743401090385,6.59149036363125,6.60743401090385,,6.52998232452247,6.51732041820094,6.55784050402551,6.51636535143267,6.47921904143275
1309,Oracle,1340,5,Additive0.015,227800,170,17,6.57814582686724,6.59116816730932,6.60814582686724,,6.5292818329181,6.51755695349287,6.55774899867334,6.51583946653119,6.47985652875262
1309,Value,1340,5,Additive0.015,1008297,5190,75,6.57743401090385,6.59116816730932,6.60743401090385,,6.52928183291811,6.51755695349287,6.55774899867334,6.5158394665312,6.47985652875263
1309,Oracle Vector,1340,5,Additive0.015,3553680,3193,30,6.582718725434,6.59116816730932,6.612718725434,,6.52928183291811,6.51755695349287,6.55774899867334,6.51583946653119,6.47985652875263
1309,Vector,1340,5,Additive0.015,4368400,3906,41,6.57524732138377,6.59116816730932,6.60524732138377,,6.52928183291811,6.51755695349287,6.55774899867334,6.51583946653119,6.47985652875263
1309,Dist L1,1340,5,Additive0.015,1035037,5148,77,6.57743401090385,6.59116816730932,6.60743401090385,,6.5292818329181,6.51755695349287,6.55774899867334,6.5158394665312,6.47985652875263
1310,Oracle,1340,5,Additive0.015,227800,170,17,6.57814582686724,6.59021585646978,6.60814582686724,,6.52919418633872,6.51779144881156,6.55644174781055,6.51410130875253,6.47822353489076
1310,Vector,1340,5,Additive0.015,4368400,3906,41,6.57524732138377,6.59021585646978,6.60524732138377,,6.52919418633872,6.51779144881157,6.55644174781055,6.51410130875253,6.47822353489077
1310,Oracle Vector,1340,5,Additive0.015,3559040,3198,30,6.582718725434,6.59021585646978,6.612718725434,,6.52919418633872,6.51779144881157,6.55644174781055,6.51410130875253,6.47822353489077
1310,Value,1340,5,Additive0.015,1008297,5190,75,6.57743401090385,6.59021585646978,6.60743401090385,,6.52919418633872,6.51779144881157,6.55644174781055,6.51410130875253,6.47822353489077
1310,Dist L1,1340,5,Additive0.015,1035037,5148,77,6.57743401090385,6.59021585646978,6.60743401090385,,6.52919418633872,6.51779144881157,6.55644174781055,6.51410130875253,6.47822353489077
1311,Oracle,1340,5,Additive0.015,227800,170,17,6.57814582686724,6.59132184844914,6.60814582686724,,6.52990416572121,6.51926735372912,6.55716525119084,6.51436412114523,6.47898990345968
1311,Oracle Vector,1340,5,Additive0.015,3559040,3198,30,6.582718725434,6.59132184844914,6.612718725434,,6.52990416572121,6.51926735372912,6.55716525119084,6.51436412114523,6.47898990345968
1311,Value,1340,5,Additive0.015,1008297,5190,75,6.57743401090385,6.59132184844914,6.60743401090385,,6.52990416572121,6.51926735372912,6.55716525119084,6.51436412114523,6.47898990345968
1311,Vector,1340,5,Additive0.015,4368400,3906,41,6.57524732138377,6.59132184844914,6.60524732138377,,6.52990416572121,6.51926735372912,6.55716525119084,6.51436412114523,6.47898990345968
1311,Dist L1,1340,5,Additive0.015,1035037,5148,77,6.57743401090385,6.59132184844914,6.60743401090385,,6.52990416572121,6.51926735372912,6.55716525119084,6.51436412114523,6.47898990345968
1312,Oracle,1340,5,Additive0.015,227800,170,17,6.57814582686724,6.59142723024857,6.60814582686724,,6.53052231732782,6.51901924455766,6.55713647505503,6.51427422461018,6.47850460926865
1312,Oracle Vector,1340,5,Additive0.015,3559040,3198,30,6.582718725434,6.59142723024857,6.612718725434,,6.53052231732782,6.51901924455766,6.55713647505503,6.51427422461018,6.47850460926865
1312,Value,1340,5,Additive0.015,1008297,5190,75,6.57743401090385,6.59142723024857,6.60743401090385,,6.53052231732782,6.51901924455766,6.55713647505503,6.51427422461018,6.47850460926865
1312,Vector,1340,5,Additive0.015,4368400,3906,41,6.57524732138377,6.59142723024857,6.60524732138377,,6.53052231732782,6.51901924455766,6.55713647505503,6.51427422461018,6.47850460926865
1312,Dist L1,1340,5,Additive0.015,1035037,5148,77,6.57743401090385,6.59142723024857,6.60743401090385,,6.53052231732782,6.51901924455766,6.55713647505503,6.51427422461018,6.47850460926865
1313,Oracle,1340,5,Additive0.015,227800,170,17,6.57814582686724,6.59129440127594,6.60814582686724,,6.53016746201528,6.51804731846102,6.55655968079232,6.51406217172429,6.47858601457562
1313,Oracle Vector,1340,5,Additive0.015,3559040,3198,30,6.582718725434,6.59129440127594,6.612718725434,,6.53016746201528,6.51804731846102,6.55655968079232,6.51406217172429,6.47858601457562
1313,Value,1340,5,Additive0.015,1008297,5190,75,6.57743401090385,6.59129440127594,6.60743401090385,,6.53016746201528,6.51804731846102,6.55655968079232,6.51406217172429,6.47858601457562
1313,Vector,1340,5,Additive0.015,4368400,3906,41,6.57524732138377,6.59129440127594,6.60524732138377,,6.53016746201528,6.51804731846102,6.55655968079232,6.51406217172429,6.47858601457562
1313,Dist L1,1340,5,Additive0.015,1035037,5148,77,6.57743401090385,6.59129440127594,6.60743401090385,,6.53016746201528,6.51804731846102,6.55655968079232,6.51406217172429,6.47858601457562
1314,Oracle,1340,5,Additive0.015,227800,170,17,6.57814582686724,6.59083869914819,6.60814582686724,,6.53042274220578,6.51754927906881,6.55537214698406,6.51332982636487,6.4775917275296
1314,Oracle Vector,1340,5,Additive0.015,3559040,3198,30,6.582718725434,6.59083869914819,6.612718725434,,6.53042274220577,6.51754927906881,6.55537214698406,6.51332982636488,6.4775917275296
1314,Value,1340,5,Additive0.015,1008297,5190,75,6.57743401090385,6.59083869914819,6.60743401090385,,6.53042274220577,6.51754927906881,6.55537214698406,6.51332982636488,6.4775917275296
1314,Vector,1340,5,Additive0.015,4373760,3911,41,6.57524732138377,6.59083869914819,6.60524732138377,,6.53042274220577,6.51754927906881,6.55537214698406,6.51332982636488,6.4775917275296
1314,Dist L1,1340,5,Additive0.015,1035037,5148,77,6.57743401090385,6.59083869914819,6.60743401090385,,6.53042274220577,6.51754927906881,6.55537214698406,6.51332982636488,6.4775917275296
1315,Oracle,1340,5,Additive0.015,227800,170,17,6.57814582686724,6.59095722462419,6.60814582686724,,6.53075848838125,6.51741433251772,6.55513732726341,6.51410458219911,6.47699872217666
1315,Oracle Vector,1340,5,Additive0.015,3559040,3198,30,6.582718725434,6.59095722462419,6.612718725434,,6.53075848838125,6.51741433251772,6.55513732726341,6.51410458219911,6.47699872217666
1315,Value,1340,5,Additive0.015,1008297,5190,75,6.57743401090385,6.59095722462419,6.60743401090385,,6.53075848838125,6.51741433251772,6.55513732726341,6.51410458219911,6.47699872217666
1315,Vector,1340,5,Additive0.015,4384480,3921,41,6.57524732138377,6.59095722462419,6.60524732138377,,6.53075848838125,6.51741433251772,6.55513732726341,6.51410458219911,6.47699872217666
1315,Dist L1,1340,5,Additive0.015,1035037,5148,77,6.57743401090385,6.59095722462419,6.60743401090385,,6.53075848838125,6.51741433251772,6.55513732726341,6.51410458219911,6.47699872217666
1316,Oracle,1340,5,Additive0.015,227800,170,17,6.57814582686724,6.59134309066398,6.60814582686724,,6.53180179253097,6.51790342187554,6.55496883255739,6.51449041738766,6.47623633976592
1316,Oracle Vector,1340,5,Additive0.015,3559040,3198,30,6.582718725434,6.59134309066398,6.612718725434,,6.53180179253097,6.51790342187554,6.55496883255739,6.51449041738766,6.47623633976592
1316,Value,1340,5,Additive0.015,1008297,5190,75,6.57743401090385,6.59134309066398,6.60743401090385,,6.53180179253097,6.51790342187554,6.55496883255739,6.51449041738766,6.47623633976592
1316,Vector,1340,5,Additive0.015,4384480,3921,41,6.57524732138377,6.59134309066398,6.60524732138377,,6.53180179253097,6.51790342187553,6.55496883255739,6.51449041738766,6.47623633976592
1316,Dist L1,1340,5,Additive0.015,1035037,5148,77,6.57743401090385,6.59134309066398,6.60743401090385,,6.53180179253097,6.51790342187553,6.55496883255739,6.51449041738766,6.47623633976592
1317,Oracle,1340,5,Additive0.015,227800,170,17,6.57814582686724,6.59152693004801,6.60814582686724,,6.53175678561366,6.51800153731577,6.55412326471556,6.51486712441266,6.47664661712984
1317,Oracle Vector,1340,5,Additive0.015,3569760,3208,30,6.582718725434,6.59152693004801,6.612718725434,,6.53175678561366,6.51800153731577,6.55412326471556,6.51486712441266,6.47664661712984
1317,Value,1340,5,Additive0.015,1008297,5190,75,6.57743401090385,6.59152693004801,6.60743401090385,,6.53175678561366,6.51800153731577,6.55412326471556,6.51486712441266,6.47664661712984
1317,Vector,1340,5,Additive0.015,4384480,3921,41,6.57524732138377,6.59152693004801,6.60524732138377,,6.53175678561366,6.51800153731577,6.55412326471556,6.51486712441266,6.47664661712984
1317,Dist L1,1340,5,Additive0.015,1035037,5148,77,6.57743401090385,6.59152693004801,6.60743401090385,,6.53175678561366,6.51800153731577,6.55412326471556,6.51486712441266,6.47664661712984
1318,Oracle,1340,5,Additive0.015,227800,170,17,6.57814582686724,6.59168728167147,6.60814582686724,,6.53162788245823,6.51835741133541,6.55354278503988,6.51466443905678,6.47688281345602
1318,Oracle Vector,1340,5,Additive0.015,3569760,3208,30,6.582718725434,6.59168728167147,6.612718725434,,6.53162788245823,6.51835741133541,6.55354278503988,6.51466443905678,6.47688281345602
1318,Vector,1340,5,Additive0.015,4384480,3921,41,6.57524732138377,6.59168728167147,6.60524732138377,,6.53162788245823,6.51835741133541,6.55354278503988,6.51466443905678,6.47688281345602
1318,Value,1340,5,Additive0.015,1008297,5190,75,6.57743401090385,6.59168728167147,6.60743401090385,,6.53162788245823,6.51835741133541,6.55354278503988,6.51466443905678,6.47688281345602
1318,Dist L1,1340,5,Additive0.015,1035037,5148,77,6.57743401090385,6.59168728167147,6.60743401090385,,6.53162788245823,6.51835741133541,6.55354278503988,6.51466443905678,6.47688281345602
1319,Oracle,1340,5,Additive0.015,227800,170,17,6.57814582686724,6.59107860225053,6.60814582686724,,6.53140977241482,6.51730191819467,6.5523355922094,6.51509467669398,6.47603138369454
1319,Oracle Vector,1340,5,Additive0.015,3569760,3208,30,6.582718725434,6.59107860225053,6.612718725434,,6.53140977241482,6.51730191819467,6.5523355922094,6.51509467669398,6.47603138369454
1319,Value,1340,5,Additive0.015,1008301,5195,75,6.57743401090385,6.59107860225053,6.60743401090385,,6.53140977241482,6.51730191819467,6.5523355922094,6.51509467669398,6.47603138369454
1319,Vector,1340,5,Additive0.015,4384480,3921,41,6.57524732138377,6.59107860225053,6.60524732138377,,6.53140977241482,6.51730191819467,6.5523355922094,6.51509467669398,6.47603138369454
1319,Dist L1,1340,5,Additive0.015,1035041,5153,77,6.57743401090385,6.59107860225053,6.60743401090385,,6.53140977241482,6.51730191819467,6.5523355922094,6.51509467669398,6.47603138369454
1320,Oracle,1340,5,Additive0.015,227800,170,17,6.57814582686724,6.59041975884219,6.60814582686724,,6.53084522350141,6.5169533347484,6.55046012976677,6.51504733040536,6.47509525400925
1320,Oracle Vector,1340,5,Additive0.015,3569760,3208,30,6.582718725434,6.59041975884219,6.612718725434,,6.53084522350142,6.5169533347484,6.55046012976677,6.51504733040536,6.47509525400925
1320,Value,1340,5,Additive0.015,1008305,5200,75,6.57743401090385,6.59041975884219,6.60743401090385,,6.53084522350142,6.5169533347484,6.55046012976677,6.51504733040536,6.47509525400925
1320,Vector,1340,5,Additive0.015,4384480,3921,41,6.57524732138377,6.59041975884219,6.60524732138377,,6.53084522350142,6.5169533347484,6.55046012976677,6.51504733040536,6.47509525400925
1320,Dist L1,1340,5,Additive0.015,1035041,5153,77,6.57743401090385,6.59041975884219,6.60743401090385,,6.53084522350142,6.51695333474841,6.55046012976677,6.51504733040536,6.47509525400925
1321,Oracle,1340,5,Additive0.015,227800,170,17,6.57814582686724,6.59132302883471,6.60814582686724,,6.53105366384897,6.51741665646299,6.55083168275773,6.51635686157783,6.4762447502971
1321,Oracle Vector,1340,5,Additive0.015,3569760,3208,30,6.582718725434,6.59132302883471,6.612718725434,,6.53105366384897,6.51741665646299,6.55083168275773,6.51635686157783,6.4762447502971
1321,Value,1340,5,Additive0.015,1008305,5200,75,6.57743401090385,6.59132302883471,6.60743401090385,,6.53105366384897,6.51741665646299,6.55083168275773,6.51635686157783,6.4762447502971
1321,Vector,1340,5,Additive0.015,4384480,3921,41,6.57524732138377,6.59132302883471,6.60524732138377,,6.53105366384897,6.51741665646299,6.55083168275773,6.51635686157783,6.4762447502971
1321,Dist L1,1340,5,Additive0.015,1035041,5153,77,6.57743401090385,6.59132302883471,6.60743401090385,,6.53105366384897,6.51741665646299,6.55083168275773,6.51635686157783,6.4762447502971
1322,Oracle,1340,5,Additive0.015,227800,170,17,6.57814582686724,6.59135725675611,6.60814582686724,,6.53119717876039,6.5172541207427,6.54986089606143,6.51680616619212,6.4757052810453
1322,Oracle Vector,1340,5,Additive0.015,3569760,3208,30,6.582718725434,6.59135725675611,6.612718725434,,6.5311971787604,6.51725412074269,6.54986089606143,6.51680616619212,6.4757052810453
1322,Value,1340,5,Additive0.015,1008309,5205,75,6.57743401090385,6.59135725675611,6.60743401090385,,6.5311971787604,6.51725412074269,6.54986089606143,6.51680616619212,6.4757052810453
1322,Vector,1340,5,Additive0.015,4389840,3926,41,6.57524732138377,6.59135725675611,6.60524732138377,,6.5311971787604,6.51725412074269,6.54986089606143,6.51680616619212,6.4757052810453
1322,Dist L1,1340,5,Additive0.015,1035045,5158,77,6.57743401090385,6.59135725675611,6.60743401090385,,6.5311971787604,6.51725412074269,6.54986089606143,6.51680616619212,6.4757052810453
1323,Oracle,1340,5,Additive0.015,227800,170,17,6.57814582686724,6.59210155866972,6.60814582686724,,6.53254643070454,6.5180178813749,6.55003717404979,6.51739872036433,6.475367314096
1323,Value,1340,5,Additive0.015,1008309,5205,75,6.57743401090385,6.59210155866972,6.60743401090385,,6.53254643070454,6.5180178813749,6.55003717404979,6.51739872036433,6.47536731409601
1323,Oracle Vector,1340,5,Additive0.015,3569760,3208,30,6.582718725434,6.59210155866972,6.612718725434,,6.53254643070454,6.5180178813749,6.55003717404979,6.51739872036433,6.47536731409601
1323,Vector,1340,5,Additive0.015,4389840,3926,41,6.57524732138377,6.59210155866972,6.60524732138377,,6.53254643070454,6.5180178813749,6.55003717404979,6.51739872036433,6.47536731409601
1323,Dist L1,1340,5,Additive0.015,1035045,5158,77,6.57743401090385,6.59210155866972,6.60743401090385,,6.53254643070454,6.5180178813749,6.55003717404979,6.51739872036433,6.47536731409601
1324,Oracle,1340,5,Additive0.015,227800,170,17,6.57814582686724,6.59170979227389,6.60814582686724,,6.53239255942209,6.51717207218809,6.54859104371054,6.51756114829207,6.47550908304095
1324,Oracle Vector,1340,5,Additive0.015,3575120,3213,30,6.582718725434,6.59170979227389,6.612718725434,,6.53239255942209,6.51717207218809,6.54859104371054,6.51756114829207,6.47550908304095
1324,Vector,1340,5,Additive0.015,4389840,3926,41,6.57524732138377,6.59170979227389,6.60524732138377,,6.53239255942209,6.51717207218809,6.54859104371054,6.51756114829207,6.47550908304095
1324,Value,1340,5,Additive0.015,1008313,5210,75,6.57743401090385,6.59170979227389,6.60743401090385,,6.53239255942209,6.51717207218809,6.54859104371054,6.51756114829207,6.47550908304095
1324,Dist L1,1340,5,Additive0.015,1035049,5163,77,6.57743401090385,6.59170979227389,6.60743401090385,,6.53239255942209,6.51717207218809,6.54859104371054,6.51756114829207,6.47550908304095
1325,Oracle,1340,5,Additive0.015,227800,170,17,6.57814582686724,6.59196744534521,6.60814582686724,,6.53280661207322,6.51729053841887,6.54836028010513,6.51710440970002,6.47554542808405
1325,Oracle Vector,1340,5,Additive0.015,3575120,3213,30,6.582718725434,6.59196744534521,6.612718725434,,6.53280661207322,6.51729053841887,6.54836028010513,6.51710440970002,6.47554542808405
1325,Value,1340,5,Additive0.015,1008313,5210,75,6.57743401090385,6.59196744534521,6.60743401090385,,6.53280661207322,6.51729053841887,6.54836028010513,6.51710440970002,6.47554542808405
1325,Vector,1340,5,Additive0.015,4395200,3931,41,6.57524732138377,6.59196744534521,6.60524732138377,,6.53280661207322,6.51729053841887,6.54836028010513,6.51710440970002,6.47554542808405
1325,Dist L1,1340,5,Additive0.015,1035053,5168,77,6.57743401090385,6.59196744534521,6.60743401090385,,6.53280661207322,6.51729053841887,6.54836028010513,6.51710440970002,6.47554542808405
1326,Oracle,1340,5,Additive0.015,227800,170,17,6.57814582686724,6.59217189127982,6.60814582686724,,6.5334567149914,6.51730946172205,6.54804819579639,6.5170402201613,6.47520080961776
1326,Oracle Vector,1340,5,Additive0.015,3575120,3213,30,6.582718725434,6.59217189127982,6.612718725434,,6.5334567149914,6.51730946172205,6.54804819579639,6.5170402201613,6.47520080961776
1326,Value,1340,5,Additive0.015,1008317,5215,75,6.57743401090385,6.59217189127982,6.60743401090385,,6.5334567149914,6.51730946172205,6.54804819579639,6.5170402201613,6.47520080961776
1326,Vector,1340,5,Additive0.015,4395200,3931,41,6.57524732138377,6.59217189127982,6.60524732138377,,6.5334567149914,6.51730946172205,6.54804819579639,6.5170402201613,6.47520080961776
1326,Dist L1,1340,5,Additive0.015,1035053,5168,77,6.57743401090385,6.59217189127982,6.60743401090385,,6.5334567149914,6.51730946172205,6.54804819579639,6.5170402201613,6.47520080961776
1327,Oracle,1340,5,Additive0.015,227800,170,17,6.57814582686724,6.59279914322676,6.60814582686724,,6.53392260007726,6.51723784464727,6.5484523573868,6.51741557827574,6.47545140492963
1327,Oracle Vector,1340,5,Additive0.015,3575120,3213,30,6.582718725434,6.59279914322676,6.612718725434,,6.53392260007726,6.51723784464727,6.5484523573868,6.51741557827574,6.47545140492963
1327,Value,1340,5,Additive0.015,1008321,5220,75,6.57743401090385,6.59279914322676,6.60743401090385,,6.53392260007726,6.51723784464727,6.5484523573868,6.51741557827574,6.47545140492963
1327,Vector,1340,5,Additive0.015,4400560,3936,41,6.57524732138377,6.59279914322676,6.60524732138377,,6.53392260007726,6.51723784464727,6.5484523573868,6.51741557827574,6.47545140492963
1327,Dist L1,1340,5,Additive0.015,1035053,5168,77,6.57743401090385,6.59279914322676,6.60743401090385,,6.53392260007726,6.51723784464727,6.5484523573868,6.51741557827574,6.47545140492963
1328,Oracle,1340,5,Additive0.015,227800,170,17,6.57814582686724,6.5939010900271,6.60814582686724,,6.53708944221275,6.5204651893769,6.54984370261782,6.51718846500539,6.47518393232299
1328,Oracle Vector,1340,5,Additive0.015,3575120,3213,30,6.582718725434,6.5939010900271,6.612718725434,,6.53708944221275,6.5204651893769,6.54984370261782,6.51718846500539,6.47518393232299
1328,Value,1340,5,Additive0.015,1008321,5220,75,6.57743401090385,6.5939010900271,6.60743401090385,,6.53708944221275,6.5204651893769,6.54984370261782,6.51718846500539,6.47518393232299
1328,Vector,1340,5,Additive0.015,4405920,3941,41,6.57524732138377,6.5939010900271,6.60524732138377,,6.53708944221275,6.5204651893769,6.54984370261782,6.51718846500539,6.47518393232299
1328,Dist L1,1340,5,Additive0.015,1035053,5168,77,6.57743401090385,6.5939010900271,6.60743401090385,,6.53708944221275,6.5204651893769,6.54984370261782,6.51718846500539,6.47518393232299
1329,Oracle,1340,5,Additive0.015,227800,170,17,6.57814582686724,6.59338409029304,6.60814582686724,,6.53767478342516,6.52064311578101,6.54874861317463,6.51640018015842,6.47362257225509
1329,Oracle Vector,1340,5,Additive0.015,3575120,3213,30,6.582718725434,6.59338409029304,6.612718725434,,6.53767478342516,6.52064311578101,6.54874861317464,6.51640018015843,6.47362257225509
1329,Value,1340,5,Additive0.015,1008321,5220,75,6.57743401090385,6.59338409029304,6.60743401090385,,6.53767478342516,6.52064311578101,6.54874861317463,6.51640018015843,6.47362257225509
1329,Vector,1340,5,Additive0.015,4411280,3946,41,6.57524732138377,6.59338409029304,6.60524732138377,,6.53767478342516,6.52064311578101,6.54874861317464,6.51640018015842,6.47362257225509
1329,Dist L1,1340,5,Additive0.015,1035057,5173,77,6.57743401090385,6.59338409029304,6.60743401090385,,6.53767478342516,6.52064311578101,6.54874861317463,6.51640018015843,6.47362257225509
1330,Oracle,1340,5,Additive0.015,227800,170,17,6.57814582686724,6.59295648967518,6.60814582686724,,6.53763716768889,6.52063607172675,6.54763908181737,6.51583774812175,6.47288702324219
1330,Oracle Vector,1340,5,Additive0.015,3575120,3213,30,6.582718725434,6.59295648967517,6.612718725434,,6.53763716768888,6.52063607172675,6.54763908181736,6.51583774812175,6.47288702324219
1330,Value,1340,5,Additive0.015,1008329,5229,75,6.57743401090385,6.59295648967517,6.60743401090385,,6.53763716768888,6.52063607172675,6.54763908181736,6.51583774812175,6.47288702324219
1330,Vector,1340,5,Additive0.015,4419320,3953,41,6.57524732138377,6.59295648967518,6.60524732138377,,6.53763716768888,6.52063607172675,6.54763908181736,6.51583774812175,6.47288702324219
1330,Dist L1,1340,5,Additive0.015,1035063,5180,77,6.57743401090385,6.59295648967518,6.60743401090385,,6.53763716768888,6.52063607172675,6.54763908181736,6.51583774812175,6.47288702324219
1331,Oracle,1340,5,Additive0.015,227800,170,17,6.57814582686724,6.59298469617399,6.60814582686724,,6.5378519256841,6.52080194334903,6.54740349474153,6.51575030631002,6.47299513444352
1331,Oracle Vector,1340,5,Additive0.015,3575120,3213,30,6.582718725434,6.59298469617399,6.612718725434,,6.5378519256841,6.52080194334903,6.54740349474153,6.51575030631002,6.47299513444352
1331,Vector,1340,5,Additive0.015,4419320,3953,41,6.57524732138377,6.59298469617399,6.60524732138377,,6.5378519256841,6.52080194334903,6.54740349474153,6.51575030631002,6.47299513444352
1331,Value,1340,5,Additive0.015,1008333,5234,75,6.57743401090385,6.59298469617399,6.60743401090385,,6.5378519256841,6.52080194334903,6.54740349474153,6.51575030631002,6.47299513444352
1331,Dist L1,1340,5,Additive0.015,1035071,5189,77,6.57743401090385,6.59298469617399,6.60743401090385,,6.5378519256841,6.52080194334903,6.54740349474153,6.51575030631002,6.47299513444352
1332,Oracle,1340,5,Additive0.015,227800,170,17,6.57814582686724,6.59281797126857,6.60814582686724,,6.53795761803272,6.5217216677294,6.54585024696323,6.51610567006103,6.47224194589418
1332,Oracle Vector,1340,5,Additive0.015,3575120,3213,30,6.582718725434,6.59281797126857,6.612718725434,,6.53795761803272,6.5217216677294,6.54585024696323,6.51610567006103,6.47224194589418
1332,Vector,1340,5,Additive0.015,4419320,3953,41,6.57524732138377,6.59281797126857,6.60524732138377,,6.53795761803272,6.5217216677294,6.54585024696323,6.51610567006103,6.47224194589418
1332,Value,1340,5,Additive0.015,1021738,5257,76,6.57781797126857,6.59281797126857,6.60781797126857,,6.53795761803272,6.5217216677294,6.54585024696323,6.51610567006103,6.47224194589418
1332,Dist L1,1340,5,Additive0.015,1048476,5211,78,6.57781797126857,6.59281797126857,6.60781797126857,,6.53795761803272,6.5217216677294,6.54585024696323,6.51610567006103,6.47224194589418
1333,Oracle,1340,5,Additive0.015,227800,170,17,6.57814582686724,6.59243257925055,6.60814582686724,,6.53741978916418,6.52160110247669,6.54561399514757,6.51542800488584,6.47153180600833
1333,Vector,1340,5,Additive0.015,4419320,3953,41,6.57524732138377,6.59243257925055,6.60524732138377,,6.53741978916417,6.52160110247668,6.54561399514757,6.51542800488584,6.47153180600833
1333,Oracle Vector,1340,5,Additive0.015,3583160,3220,30,6.582718725434,6.59243257925055,6.612718725434,,6.53741978916418,6.52160110247669,6.54561399514757,6.51542800488584,6.47153180600833
1333,Value,1340,5,Additive0.015,1021738,5257,76,6.57781797126857,6.59243257925055,6.60781797126857,,6.53741978916418,6.52160110247668,6.54561399514757,6.51542800488583,6.47153180600833
1333,Dist L1,1340,5,Additive0.015,1048476,5211,78,6.57781797126857,6.59243257925055,6.60781797126857,,6.53741978916417,6.52160110247668,6.54561399514757,6.51542800488583,6.47153180600833
1334,Oracle,1340,5,Additive0.015,227800,170,17,6.57814582686724,6.59194738680797,6.60814582686724,,6.53759913418774,6.52142492754811,6.54485413097032,6.51484095079063,6.46958167277375
1334,Oracle Vector,1340,5,Additive0.015,3583160,3220,30,6.582718725434,6.59194738680797,6.612718725434,,6.53759913418774,6.52142492754811,6.54485413097032,6.51484095079063,6.46958167277375
1334,Vector,1340,5,Additive0.015,4424680,3958,41,6.57524732138377,6.59194738680797,6.60524732138377,,6.53759913418774,6.52142492754811,6.54485413097032,6.51484095079063,6.46958167277375
1334,Value,1340,5,Additive0.015,1021738,5257,76,6.57781797126857,6.59194738680797,6.60781797126857,,6.53759913418774,6.52142492754811,6.54485413097032,6.51484095079063,6.46958167277375
1334,Dist L1,1340,5,Additive0.015,1048476,5211,78,6.57781797126857,6.59194738680797,6.60781797126857,,6.53759913418774,6.52142492754811,6.54485413097032,6.51484095079063,6.46958167277375
1335,Oracle,1340,5,Additive0.015,227800,170,17,6.57814582686724,6.59212752706561,6.60814582686724,,6.53783662578646,6.52167641875187,6.54432151639855,6.51478882035419,6.46918027912134
1335,Oracle Vector,1340,5,Additive0.015,3583160,3220,30,6.582718725434,6.59212752706561,6.612718725434,,6.53783662578646,6.52167641875187,6.54432151639855,6.51478882035419,6.46918027912134
1335,Value,1340,5,Additive0.015,1021738,5257,76,6.57781797126857,6.59212752706561,6.60781797126857,,6.53783662578646,6.52167641875187,6.54432151639855,6.51478882035419,6.46918027912134
1335,Vector,1340,5,Additive0.015,4430040,3963,41,6.57524732138377,6.59212752706561,6.60524732138377,,6.53783662578646,6.52167641875187,6.54432151639855,6.51478882035419,6.46918027912134
1335,Dist L1,1340,5,Additive0.015,1048476,5211,78,6.57781797126857,6.59212752706561,6.60781797126857,,6.53783662578646,6.52167641875187,6.54432151639855,6.51478882035419,6.46918027912134
1336,Oracle,1340,5,Additive0.015,227800,170,17,6.57814582686724,6.59206305609681,6.60814582686724,,6.53863432167622,6.52134462563749,6.54346091881032,6.51480068296349,6.46888850744934
1336,Oracle Vector,1340,5,Additive0.015,3583160,3220,30,6.582718725434,6.59206305609681,6.612718725434,,6.53863432167622,6.52134462563749,6.54346091881032,6.51480068296349,6.46888850744934
1336,Value,1340,5,Additive0.015,1021738,5257,76,6.57781797126857,6.59206305609681,6.60781797126857,,6.53863432167623,6.52134462563749,6.54346091881032,6.51480068296349,6.46888850744934
1336,Vector,1340,5,Additive0.015,4435400,3968,41,6.57524732138377,6.59206305609681,6.60524732138377,,6.53863432167622,6.52134462563749,6.54346091881032,6.51480068296349,6.46888850744934
1336,Dist L1,1340,5,Additive0.015,1048476,5211,78,6.57781797126857,6.59206305609681,6.60781797126857,,6.53863432167623,6.52134462563749,6.54346091881032,6.51480068296349,6.46888850744934
1337,Oracle,1340,5,Additive0.015,227800,170,17,6.57814582686724,6.59178188866693,6.60814582686724,,6.53863753932678,6.52031971102444,6.54313219010327,6.5146070597553,6.46805184362384
1337,Oracle Vector,1340,5,Additive0.015,3583160,3220,30,6.582718725434,6.59178188866693,6.612718725434,,6.53863753932678,6.52031971102444,6.54313219010327,6.5146070597553,6.46805184362383
1337,Value,1340,5,Additive0.015,1021738,5257,76,6.57781797126857,6.59178188866693,6.60781797126857,,6.53863753932678,6.52031971102444,6.54313219010327,6.5146070597553,6.46805184362383
1337,Vector,1340,5,Additive0.015,4435400,3968,41,6.57524732138377,6.59178188866693,6.60524732138377,,6.53863753932678,6.52031971102444,6.54313219010327,6.5146070597553,6.46805184362383
1337,Dist L1,1340,5,Additive0.015,1048476,5211,78,6.57781797126857,6.59178188866693,6.60781797126857,,6.53863753932678,6.52031971102444,6.54313219010327,6.5146070597553,6.46805184362383
1338,Oracle,1340,5,Additive0.015,227800,170,17,6.57814582686724,6.59114939489423,6.60814582686724,,6.53972282762085,6.51959463160504,6.54173942342372,6.51368582770204,6.46658457514033
1338,Vector,1340,5,Additive0.015,4435400,3968,41,6.57524732138377,6.59114939489423,6.60524732138377,,6.53972282762085,6.51959463160504,6.54173942342372,6.51368582770204,6.46658457514033
1338,Value,1340,5,Additive0.015,1021738,5257,76,6.57781797126857,6.59114939489423,6.60781797126857,,6.53972282762085,6.51959463160504,6.54173942342372,6.51368582770204,6.46658457514033
1338,Oracle Vector,1340,5,Additive0.015,3593880,3230,30,6.582718725434,6.59114939489423,6.612718725434,,6.53972282762085,6.51959463160504,6.54173942342372,6.51368582770204,6.46658457514033
1338,Dist L1,1340,5,Additive0.015,1048476,5211,78,6.57781797126857,6.59114939489423,6.60781797126857,,6.53972282762085,6.51959463160504,6.54173942342372,6.51368582770204,6.46658457514033
1339,Oracle,1340,5,Additive0.015,227800,170,17,6.57814582686724,6.59111228884193,6.60814582686724,,6.54046887486131,6.51978555812736,6.54065706478868,6.51477542495526,6.46507065950174
1339,Oracle Vector,1340,5,Additive0.015,3599240,3235,30,6.582718725434,6.59111228884193,6.612718725434,,6.54046887486131,6.51978555812736,6.54065706478868,6.51477542495526,6.46507065950174
1339,Value,1340,5,Additive0.015,1021738,5257,76,6.57781797126857,6.59111228884193,6.60781797126857,,6.54046887486131,6.51978555812736,6.54065706478868,6.51477542495526,6.46507065950174
1339,Vector,1340,5,Additive0.015,4435400,3968,41,6.57524732138377,6.59111228884193,6.60524732138377,,6.54046887486131,6.51978555812736,6.54065706478868,6.51477542495526,6.46507065950174
1339,Dist L1,1340,5,Additive0.015,1048476,5211,78,6.57781797126857,6.59111228884193,6.60781797126857,,6.54046887486131,6.51978555812736,6.54065706478868,6.51477542495526,6.46507065950174
1340,Oracle,1340,5,Additive0.015,227800,170,17,6.57814582686724,6.59113469728318,6.60814582686724,,6.54153435356229,6.51987407037007,6.53992401025266,6.51502909800355,6.46500708773483
1340,Oracle Vector,1340,5,Additive0.015,3599240,3235,30,6.582718725434,6.59113469728318,6.612718725434,,6.54153435356229,6.51987407037008,6.53992401025267,6.51502909800356,6.46500708773483
1340,Value,1340,5,Additive0.015,1021738,5257,76,6.57781797126857,6.59113469728318,6.60781797126857,,6.54153435356229,6.51987407037008,6.53992401025267,6.51502909800356,6.46500708773483
1340,Vector,1340,5,Additive0.015,4440760,3973,41,6.57524732138377,6.59113469728318,6.60524732138377,,6.54153435356229,6.51987407037008,6.53992401025267,6.51502909800356,6.46500708773483
1340,Dist L1,1340,5,Additive0.015,1048476,5211,78,6.57781797126857,6.59113469728318,6.60781797126857,,6.54153435356229,6.51987407037008,6.53992401025267,6.51502909800356,6.46500708773483
1341,Oracle,1340,5,Additive0.015,227800,170,17,6.57814582686724,6.5907726708029,6.60814582686724,,6.54221729790485,6.51889528496494,6.53910857415708,6.51478290781078,6.464279578477
1341,Oracle Vector,1340,5,Additive0.015,3599240,3235,30,6.582718725434,6.5907726708029,6.612718725434,,6.54221729790485,6.51889528496494,6.53910857415708,6.51478290781078,6.464279578477
1341,Value,1340,5,Additive0.015,1021742,5262,76,6.57781797126857,6.5907726708029,6.60781797126857,,6.54221729790485,6.51889528496494,6.53910857415708,6.51478290781078,6.464279578477
1341,Vector,1340,5,Additive0.015,4448800,3980,41,6.57524732138377,6.5907726708029,6.60524732138377,,6.54221729790485,6.51889528496494,6.53910857415708,6.51478290781078,6.464279578477
1341,Dist L1,1340,5,Additive0.015,1048480,5216,78,6.57781797126857,6.5907726708029,6.60781797126857,,6.54221729790485,6.51889528496494,6.53910857415708,6.51478290781078,6.464279578477
1342,Oracle,1340,5,Additive0.015,227800,170,17,6.57814582686724,6.59042202331053,6.60814582686724,,6.54171064069555,6.5187533094508,6.53763466710905,6.51378571688926,6.4646130209077
1342,Oracle Vector,1340,5,Additive0.015,3599240,3235,30,6.582718725434,6.59042202331052,6.612718725434,,6.54171064069556,6.5187533094508,6.53763466710905,6.51378571688926,6.4646130209077
1342,Value,1340,5,Additive0.015,1021746,5267,76,6.57781797126857,6.59042202331052,6.60781797126857,,6.54171064069555,6.5187533094508,6.53763466710905,6.51378571688926,6.4646130209077
1342,Vector,1340,5,Additive0.015,4448800,3980,41,6.57524732138377,6.59042202331052,6.60524732138377,,6.54171064069555,6.5187533094508,6.53763466710905,6.51378571688926,6.4646130209077
1342,Dist L1,1340,5,Additive0.015,1048484,5221,78,6.57781797126857,6.59042202331052,6.60781797126857,,6.54171064069555,6.5187533094508,6.53763466710905,6.51378571688926,6.4646130209077
1343,Oracle,1340,5,Additive0.015,227800,170,17,6.57814582686724,6.59005668124877,6.60814582686724,,6.54228299846439,6.51704877718065,6.53689749190258,6.51336767085099,6.46448883693567
1343,Oracle Vector,1340,5,Additive0.015,3607280,3242,30,6.582718725434,6.59005668124877,6.612718725434,,6.54228299846439,6.51704877718065,6.53689749190258,6.51336767085099,6.46448883693567
1343,Value,1340,5,Additive0.015,1021746,5267,76,6.57781797126857,6.59005668124877,6.60781797126857,,6.54228299846439,6.51704877718065,6.53689749190258,6.51336767085099,6.46448883693567
1343,Vector,1340,5,Additive0.015,4454160,3985,41,6.57524732138377,6.59005668124877,6.60524732138377,,6.54228299846439,6.51704877718065,6.53689749190258,6.51336767085099,6.46448883693567
1343,Dist L1,1340,5,Additive0.015,1048492,5230,78,6.57781797126857,6.59005668124877,6.60781797126857,,6.54228299846439,6.51704877718065,6.53689749190258,6.51336767085099,6.46448883693567
1344,Oracle,1340,5,Additive0.015,227800,170,17,6.57814582686724,6.58939439549185,6.60814582686724,,6.54216187749415,6.5157392087432,6.5351451248705,6.51316851470441,6.46427389043061
1344,Value,1340,5,Additive0.015,1021746,5267,76,6.57781797126857,6.58939439549185,6.60781797126857,,6.54216187749415,6.5157392087432,6.53514512487051,6.51316851470441,6.46427389043061
1344,Oracle Vector,1340,5,Additive0.015,3612640,3247,30,6.582718725434,6.58939439549185,6.612718725434,,6.54216187749415,6.5157392087432,6.53514512487051,6.51316851470441,6.46427389043061
1344,Vector,1340,5,Additive0.015,4459520,3990,41,6.57524732138377,6.58939439549185,6.60524732138377,,6.54216187749415,6.5157392087432,6.53514512487051,6.51316851470441,6.46427389043061
1344,Dist L1,1340,5,Additive0.015,1048502,5242,78,6.57781797126857,6.58939439549185,6.60781797126857,,6.54216187749415,6.5157392087432,6.53514512487051,6.51316851470441,6.46427389043061
1345,Oracle,1340,5,Additive0.015,227800,170,17,6.57814582686724,6.58986691646043,6.60814582686724,,6.54233009440445,6.51534152451629,6.5356273454467,6.51398586846623,6.46485601736212
1345,Oracle Vector,1340,5,Additive0.015,3612640,3247,30,6.582718725434,6.58986691646043,6.612718725434,,6.54233009440445,6.51534152451629,6.5356273454467,6.51398586846623,6.46485601736212
1345,Value,1340,5,Additive0.015,1021746,5267,76,6.57781797126857,6.58986691646043,6.60781797126857,,6.54233009440445,6.51534152451629,6.5356273454467,6.51398586846623,6.46485601736212
1345,Vector,1340,5,Additive0.015,4464880,3995,41,6.57524732138377,6.58986691646043,6.60524732138377,,6.54233009440445,6.51534152451629,6.5356273454467,6.51398586846623,6.46485601736212
1345,Dist L1,1340,5,Additive0.015,1048502,5242,78,6.57781797126857,6.58986691646043,6.60781797126857,,6.54233009440445,6.51534152451629,6.5356273454467,6.51398586846623,6.46485601736212
1346,Oracle,1340,5,Additive0.015,227800,170,17,6.57814582686724,6.59082343643378,6.60814582686724,,6.54394630782361,6.51486487956374,6.53572341237255,6.51544211347746,6.4660779177876
1346,Oracle Vector,1340,5,Additive0.015,3612640,3247,30,6.582718725434,6.59082343643378,6.612718725434,,6.5439463078236,6.51486487956373,6.53572341237255,6.51544211347746,6.4660779177876
1346,Value,1340,5,Additive0.015,1021746,5267,76,6.57781797126857,6.59082343643378,6.60781797126857,,6.5439463078236,6.51486487956373,6.53572341237255,6.51544211347746,6.4660779177876
1346,Vector,1340,5,Additive0.015,4470240,4000,41,6.57524732138377,6.59082343643378,6.60524732138377,,6.5439463078236,6.51486487956373,6.53572341237255,6.51544211347746,6.4660779177876
1346,Dist L1,1340,5,Additive0.015,1048502,5242,78,6.57781797126857,6.59082343643378,6.60781797126857,,6.5439463078236,6.51486487956373,6.53572341237255,6.51544211347746,6.4660779177876
1347,Oracle,1340,5,Additive0.015,227800,170,17,6.57814582686724,6.59063030732184,6.60814582686724,,6.54355643935532,6.51448629551794,6.53475124363985,6.51656147600203,6.46632461543616
1347,Oracle Vector,1340,5,Additive0.015,3612640,3247,30,6.582718725434,6.59063030732183,6.612718725434,,6.54355643935532,6.51448629551794,6.53475124363985,6.51656147600203,6.46632461543616
1347,Value,1340,5,Additive0.015,1021750,5272,76,6.57781797126857,6.59063030732183,6.60781797126857,,6.54355643935532,6.51448629551794,6.53475124363985,6.51656147600203,6.46632461543616
1347,Vector,1340,5,Additive0.015,4470240,4000,41,6.57524732138377,6.59063030732183,6.60524732138377,,6.54355643935532,6.51448629551794,6.53475124363985,6.51656147600203,6.46632461543616
1347,Dist L1,1340,5,Additive0.015,1048502,5242,78,6.57781797126857,6.59063030732183,6.60781797126857,,6.54355643935532,6.51448629551794,6.53475124363985,6.51656147600203,6.46632461543616
1348,Oracle,1340,5,Additive0.015,227800,170,17,6.57814582686724,6.58978908010657,6.60814582686724,,6.54353942366856,6.51365811344711,6.533371861698,6.51626102226739,6.4647701233025
1348,Oracle Vector,1340,5,Additive0.015,3612640,3247,30,6.582718725434,6.58978908010657,6.612718725434,,6.54353942366856,6.51365811344711,6.533371861698,6.51626102226739,6.4647701233025
1348,Value,1340,5,Additive0.015,1021758,5281,76,6.57781797126857,6.58978908010657,6.60781797126857,,6.54353942366856,6.51365811344711,6.533371861698,6.51626102226739,6.4647701233025
1348,Vector,1340,5,Additive0.015,4480960,4009,41,6.57524732138377,6.58978908010656,6.60524732138377,,6.54353942366856,6.51365811344711,6.533371861698,6.51626102226739,6.4647701233025
1348,Dist L1,1340,5,Additive0.015,1048512,5254,78,6.57781797126857,6.58978908010657,6.60781797126857,,6.54353942366856,6.51365811344711,6.533371861698,6.51626102226739,6.4647701233025
1349,Oracle,1340,5,Additive0.015,227800,170,17,6.57814582686724,6.58983062490513,6.60814582686724,,6.54357980680854,6.51240805165448,6.53340322994874,6.5166194170637,6.46492731035927
1349,Oracle Vector,1340,5,Additive0.015,3612640,3247,30,6.582718725434,6.58983062490512,6.612718725434,,6.54357980680854,6.51240805165448,6.53340322994874,6.5166194170637,6.46492731035927
1349,Vector,1340,5,Additive0.015,4480960,4009,41,6.57524732138377,6.58983062490513,6.60524732138377,,6.54357980680854,6.51240805165448,6.53340322994874,6.5166194170637,6.46492731035927
1349,Value,1340,5,Additive0.015,1021768,5293,76,6.57781797126857,6.58983062490512,6.60781797126857,,6.54357980680853,6.51240805165448,6.53340322994874,6.5166194170637,6.46492731035927
1349,Dist L1,1340,5,Additive0.015,1061917,5278,79,6.57483062490512,6.58983062490512,6.60483062490512,,6.54357980680854,6.51240805165448,6.53340322994874,6.5166194170637,6.46492731035927
1350,Oracle,1340,5,Additive0.015,227800,170,17,6.57814582686724,6.5905571643292,6.60814582686724,,6.54454527148734,6.51253074741856,6.53428584201348,6.51686347439007,6.46566407744401
1350,Oracle Vector,1340,5,Additive0.015,3612640,3247,30,6.582718725434,6.5905571643292,6.612718725434,,6.54454527148734,6.51253074741856,6.53428584201348,6.51686347439007,6.46566407744401
1350,Value,1340,5,Additive0.015,1021774,5301,76,6.57781797126857,6.5905571643292,6.60781797126857,,6.54454527148734,6.51253074741856,6.53428584201348,6.51686347439007,6.46566407744401
1350,Vector,1340,5,Additive0.015,4486320,4014,41,6.57524732138377,6.5905571643292,6.60524732138377,,6.54454527148734,6.51253074741856,6.53428584201348,6.51686347439007,6.46566407744401
1350,Dist L1,1340,5,Additive0.015,1061917,5278,79,6.57483062490512,6.5905571643292,6.60483062490512,,6.54454527148734,6.51253074741856,6.53428584201348,6.51686347439007,6.46566407744401
1351,Oracle,1340,5,Additive0.015,227800,170,17,6.57814582686724,6.59107357188773,6.60814582686724,,6.54473263651918,6.51242616342238,6.5339634941044,6.51754140185161,6.46672267083365
1351,Oracle Vector,1340,5,Additive0.015,3612640,3247,30,6.582718725434,6.59107357188773,6.612718725434,,6.54473263651918,6.51242616342238,6.5339634941044,6.51754140185161,6.46672267083365
1351,Value,1340,5,Additive0.015,1021780,5308,76,6.57781797126857,6.59107357188773,6.60781797126857,,6.54473263651918,6.51242616342238,6.5339634941044,6.51754140185161,6.46672267083365
1351,Vector,1340,5,Additive0.015,4494360,4021,41,6.57524732138377,6.59107357188773,6.60524732138377,,6.54473263651918,6.51242616342238,6.5339634941044,6.51754140185161,6.46672267083365
1351,Dist L1,1340,5,Additive0.015,1061917,5278,79,6.57483062490512,6.59107357188773,6.60483062490512,,6.54473263651918,6.51242616342238,6.5339634941044,6.51754140185161,6.46672267083365
1352,Oracle,1340,5,Additive0.015,227800,170,17,6.57814582686724,6.59148530518028,6.60814582686724,,6.5448642068869,6.51256326781167,6.53452410193921,6.51826723181571,6.46699497968562
1352,Oracle Vector,1340,5,Additive0.015,3612640,3247,30,6.582718725434,6.59148530518028,6.612718725434,,6.5448642068869,6.51256326781167,6.53452410193922,6.51826723181571,6.46699497968563
1352,Value,1340,5,Additive0.015,1021786,5315,76,6.57781797126857,6.59148530518028,6.60781797126857,,6.5448642068869,6.51256326781167,6.53452410193922,6.51826723181571,6.46699497968563
1352,Vector,1340,5,Additive0.015,4499720,4026,41,6.57524732138377,6.59148530518028,6.60524732138377,,6.5448642068869,6.51256326781167,6.53452410193922,6.51826723181571,6.46699497968563
1352,Dist L1,1340,5,Additive0.015,1061917,5278,79,6.57483062490512,6.59148530518028,6.60483062490512,,6.5448642068869,6.51256326781167,6.53452410193922,6.51826723181571,6.46699497968563
1353,Oracle,1340,5,Additive0.015,227800,170,17,6.57814582686724,6.59253018174769,6.60814582686724,,6.54582736329376,6.51301114084386,6.53549731422736,6.5193027145735,6.46750984708336
1353,Oracle Vector,1340,5,Additive0.015,3618000,3252,30,6.582718725434,6.59253018174769,6.612718725434,,6.54582736329376,6.51301114084386,6.53549731422736,6.5193027145735,6.46750984708336
1353,Value,1340,5,Additive0.015,1021794,5325,76,6.57781797126857,6.59253018174769,6.60781797126857,,6.54582736329376,6.51301114084386,6.53549731422736,6.5193027145735,6.46750984708336
1353,Vector,1340,5,Additive0.015,4505080,4031,41,6.57524732138377,6.59253018174769,6.60524732138377,,6.54582736329376,6.51301114084386,6.53549731422736,6.5193027145735,6.46750984708336
1353,Dist L1,1340,5,Additive0.015,1061917,5278,79,6.57483062490512,6.59253018174769,6.60483062490512,,6.54582736329376,6.51301114084386,6.53549731422736,6.5193027145735,6.46750984708336
1354,Oracle,1340,5,Additive0.015,227800,170,17,6.57814582686724,6.59367328036814,6.60814582686724,,6.54582244496051,6.51402317235139,6.53648105568137,6.52072379117067,6.46875675118917
1354,Oracle Vector,1340,5,Additive0.015,3618000,3252,30,6.582718725434,6.59367328036814,6.612718725434,,6.54582244496051,6.51402317235139,6.53648105568137,6.52072379117067,6.46875675118917
1354,Value,1340,5,Additive0.015,1021802,5335,76,6.57781797126857,6.59367328036814,6.60781797126857,,6.54582244496051,6.51402317235139,6.53648105568137,6.52072379117067,6.46875675118917
1354,Vector,1340,5,Additive0.015,4510440,4036,41,6.57524732138377,6.59367328036814,6.60524732138377,,6.54582244496051,6.51402317235139,6.53648105568137,6.52072379117067,6.46875675118917
1354,Dist L1,1340,5,Additive0.015,1061917,5278,79,6.57483062490512,6.59367328036814,6.60483062490512,,6.54582244496051,6.51402317235139,6.53648105568137,6.52072379117067,6.46875675118917
1355,Oracle,1340,5,Additive0.015,227800,170,17,6.57814582686724,6.59505544878392,6.60814582686724,,6.54691211421272,6.51589738198342,6.53705800681287,6.52329866438485,6.4698996226812
1355,Oracle Vector,1340,5,Additive0.015,3618000,3252,30,6.582718725434,6.59505544878392,6.612718725434,,6.54691211421271,6.51589738198342,6.53705800681286,6.52329866438485,6.4698996226812
1355,Value,1340,5,Additive0.015,1021806,5340,76,6.57781797126857,6.59505544878392,6.60781797126857,,6.54691211421271,6.51589738198342,6.53705800681286,6.52329866438485,6.4698996226812
1355,Vector,1340,5,Additive0.015,4515800,4041,41,6.57524732138377,6.59505544878392,6.60524732138377,,6.54691211421271,6.51589738198342,6.53705800681286,6.52329866438485,6.4698996226812
1355,Dist L1,1340,5,Additive0.015,1061917,5278,79,6.57483062490512,6.59505544878392,6.60483062490512,,6.54691211421271,6.51589738198342,6.53705800681286,6.52329866438485,6.4698996226812
1356,Oracle,1340,5,Additive0.015,227800,170,17,6.57814582686724,6.59687473493226,6.60814582686724,,6.54901725264609,6.51703917025562,6.53930240114379,6.52677288907146,6.47165215845192
1356,Oracle Vector,1340,5,Additive0.015,3623360,3257,30,6.582718725434,6.59687473493225,6.612718725434,,6.54901725264609,6.51703917025562,6.53930240114379,6.52677288907146,6.47165215845192
1356,Value,1340,5,Additive0.015,1021812,5348,76,6.57781797126857,6.59687473493225,6.60781797126857,,6.54901725264609,6.51703917025562,6.53930240114379,6.52677288907146,6.47165215845192
1356,Dist L1,1340,5,Additive0.015,1061923,5285,79,6.57483062490512,6.59687473493225,6.60483062490512,,6.54901725264609,6.51703917025562,6.53930240114379,6.52677288907146,6.47165215845192
1356,Vector,1340,5,Additive0.015,4529200,4054,42,6.58187473493225,6.59687473493225,6.61187473493225,,6.54901725264609,6.51703917025562,6.53930240114379,6.52677288907146,6.47165215845192
1357,Oracle Vector,1340,5,Additive0.015,3623360,3257,30,6.582718725434,6.59873857224878,6.612718725434,,6.55093281468182,6.51843642460488,6.54156999682875,6.52944884491724,6.47413173333411
1357,Oracle,1340,5,Additive0.015,227800,170,17,6.57814582686724,6.59873857224878,6.60814582686724,,6.55093281468182,6.51843642460488,6.54156999682875,6.52944884491724,6.47413173333411
1357,Vector,1340,5,Additive0.015,4529200,4054,42,6.58187473493225,6.59873857224878,6.61187473493225,,6.55093281468182,6.51843642460488,6.54156999682875,6.52944884491724,6.47413173333411
1357,Dist L1,1340,5,Additive0.015,1061929,5292,79,6.57483062490512,6.59873857224878,6.60483062490512,,6.55093281468182,6.51843642460488,6.54156999682875,6.52944884491724,6.47413173333411
1357,Value,1340,5,Additive0.015,1021820,5358,76,6.57781797126857,6.59873857224878,6.60781797126857,,6.55093281468182,6.51843642460488,6.54156999682875,6.52944884491724,6.47413173333411
1358,Oracle,1340,5,Additive0.015,227800,170,17,6.57814582686724,6.60029574223397,6.60814582686724,,6.55353854592985,6.52004393579863,6.54310130695174,6.53175312202216,6.47680394164966
1358,Vector,1340,5,Additive0.015,4529200,4054,42,6.58187473493225,6.60029574223397,6.61187473493225,,6.55353854592986,6.52004393579864,6.54310130695174,6.53175312202217,6.47680394164966
1358,Value,1340,5,Additive0.015,1021832,5373,76,6.57781797126857,6.60029574223397,6.60781797126857,,6.55353854592986,6.52004393579864,6.54310130695174,6.53175312202217,6.47680394164966
1358,Oracle Vector,1340,5,Additive0.015,3631400,3264,30,6.582718725434,6.60029574223397,6.612718725434,,6.55353854592986,6.52004393579864,6.54310130695174,6.53175312202217,6.47680394164966
1358,Dist L1,1340,5,Additive0.015,1061937,5301,79,6.57483062490512,6.60029574223397,6.60483062490512,,6.55353854592986,6.52004393579864,6.54310130695174,6.53175312202217,6.47680394164966
1359,Value,1340,5,Additive0.015,1035241,5401,77,6.58725759853103,6.60225759853103,6.61725759853103,,6.55588461597342,6.52171853643805,6.54463373503464,6.53476496165558,6.47851780520329
1359,Oracle Vector,1340,5,Additive0.015,3642120,3274,30,6.582718725434,6.60225759853102,6.612718725434,,6.55588461597342,6.52171853643805,6.54463373503464,6.53476496165558,6.47851780520329
1359,Oracle,1340,5,Additive0.015,227800,170,17,6.57814582686724,6.60225759853103,6.60814582686724,,6.55588461597341,6.52171853643805,6.54463373503464,6.53476496165557,6.47851780520329
1359,Vector,1340,5,Additive0.015,4537240,4062,42,6.58187473493225,6.60225759853103,6.61187473493225,,6.55588461597342,6.52171853643805,6.54463373503464,6.53476496165558,6.47851780520329
1359,Dist L1,1340,5,Additive0.015,1075342,5324,80,6.58725759853103,6.60225759853103,6.61725759853103,,6.55588461597342,6.52171853643805,6.54463373503464,6.53476496165558,6.47851780520329
1360,Oracle,1340,5,Additive0.015,227800,170,17,6.57814582686724,6.60443633338216,6.60814582686724,,6.55733608065307,6.52263333545518,6.54625472393583,6.53878347155537,6.48227397152581
1360,Oracle Vector,1340,5,Additive0.015,3655520,3287,30,6.582718725434,6.60443633338216,6.612718725434,,6.55733608065306,6.52263333545518,6.54625472393583,6.53878347155537,6.48227397152581
1360,Vector,1340,5,Additive0.015,4545280,4069,42,6.58187473493225,6.60443633338216,6.61187473493225,,6.55733608065306,6.52263333545518,6.54625472393583,6.53878347155537,6.48227397152581
1360,Dist L1,1340,5,Additive0.015,1075342,5324,80,6.58725759853103,6.60443633338216,6.61725759853103,,6.55733608065306,6.52263333545518,6.54625472393583,6.53878347155537,6.48227397152581
1360,Value,1340,5,Additive0.015,1035241,5401,77,6.58725759853103,6.60443633338216,6.61725759853103,,6.55733608065306,6.52263333545518,6.54625472393583,6.53878347155537,6.48227397152581
1361,Value,1340,5,Additive0.015,1035241,5401,77,6.58725759853103,6.60550680138619,6.61725759853103,,6.5584764070681,6.52270723203648,6.54672884463423,6.5412969802064,6.48455319077623
1361,Oracle,1340,5,Additive0.015,227800,170,17,6.57814582686724,6.6055068013862,6.60814582686724,,6.5584764070681,6.52270723203648,6.54672884463423,6.54129698020641,6.48455319077623
1361,Oracle Vector,1340,5,Additive0.015,3668920,3299,31,6.59050680138619,6.60550680138619,6.62050680138619,,6.5584764070681,6.52270723203648,6.54672884463423,6.5412969802064,6.48455319077623
1361,Vector,1340,5,Additive0.015,4545280,4069,42,6.58187473493225,6.60550680138619,6.61187473493225,,6.5584764070681,6.52270723203648,6.54672884463423,6.54129698020641,6.48455319077623
1361,Dist L1,1340,5,Additive0.015,1075342,5324,80,6.58725759853103,6.60550680138619,6.61725759853103,,6.5584764070681,6.52270723203648,6.54672884463423,6.5412969802064,6.48455319077623
1362,Value,1340,5,Additive0.015,1035241,5401,77,6.58725759853103,6.60597205132188,6.61725759853103,,6.55859060212255,6.52300024736038,6.54695441383219,6.5423976065127,6.48464296618072
1362,Oracle Vector,1340,5,Additive0.015,3668920,3299,31,6.59050680138619,6.60597205132188,6.62050680138619,,6.55859060212255,6.52300024736038,6.54695441383219,6.5423976065127,6.48464296618072
1362,Oracle,1340,5,Additive0.015,227800,170,17,6.57814582686724,6.60597205132188,6.60814582686724,,6.55859060212255,6.52300024736038,6.54695441383219,6.5423976065127,6.48464296618072
1362,Vector,1340,5,Additive0.015,4553320,4076,42,6.58187473493225,6.60597205132187,6.61187473493225,,6.55859060212255,6.52300024736038,6.54695441383219,6.5423976065127,6.48464296618072
1362,Dist L1,1340,5,Additive0.015,1075342,5324,80,6.58725759853103,6.60597205132188,6.61725759853103,,6.55859060212255,6.52300024736038,6.54695441383219,6.5423976065127,6.48464296618072
1363,Value,1340,5,Additive0.015,1035241,5401,77,6.58725759853103,6.60606594261618,6.61725759853103,,6.55876511505725,6.52247018779598,6.54660480489644,6.54343027652724,6.48528715650155
1363,Vector,1340,5,Additive0.015,4553320,4076,42,6.58187473493225,6.60606594261618,6.61187473493225,,6.55876511505725,6.52247018779598,6.54660480489644,6.54343027652724,6.48528715650155
1363,Oracle,1340,5,Additive0.015,227800,170,17,6.57814582686724,6.60606594261618,6.60814582686724,,6.55876511505725,6.52247018779598,6.54660480489644,6.54343027652724,6.48528715650155
1363,Oracle Vector,1340,5,Additive0.015,3668920,3299,31,6.59050680138619,6.60606594261618,6.62050680138619,,6.55876511505725,6.52247018779598,6.54660480489644,6.54343027652724,6.48528715650155
1363,Dist L1,1340,5,Additive0.015,1075342,5324,80,6.58725759853103,6.60606594261618,6.61725759853103,,6.55876511505725,6.52247018779598,6.54660480489644,6.54343027652724,6.48528715650155
1364,Oracle,1340,5,Additive0.015,227800,170,17,6.57814582686724,6.60654661453699,6.60814582686724,,6.55868395541565,6.52292545149957,6.54685912562923,6.54446025175416,6.48614661632023
1364,Oracle Vector,1340,5,Additive0.015,3668920,3299,31,6.59050680138619,6.60654661453699,6.62050680138619,,6.55868395541565,6.52292545149957,6.54685912562923,6.54446025175416,6.48614661632023
1364,Value,1340,5,Additive0.015,1035241,5401,77,6.58725759853103,6.60654661453699,6.61725759853103,,6.55868395541565,6.52292545149957,6.54685912562923,6.54446025175416,6.48614661632023
1364,Vector,1340,5,Additive0.015,4564040,4085,42,6.58187473493225,6.60654661453699,6.61187473493225,,6.55868395541565,6.52292545149957,6.54685912562923,6.54446025175416,6.48614661632023
1364,Dist L1,1340,5,Additive0.015,1075342,5324,80,6.58725759853103,6.60654661453699,6.61725759853103,,6.55868395541565,6.52292545149957,6.54685912562923,6.54446025175416,6.48614661632023
1365,Oracle,1340,5,Additive0.015,227800,170,17,6.57814582686724,6.60708018558593,6.60814582686724,,6.55885204943098,6.52307429289228,6.54726314398165,6.54535671733264,6.4871307782829
1365,Oracle Vector,1340,5,Additive0.015,3668920,3299,31,6.59050680138619,6.60708018558593,6.62050680138619,,6.55885204943098,6.52307429289228,6.54726314398165,6.54535671733264,6.4871307782829
1365,Vector,1340,5,Additive0.015,4569400,4090,42,6.58187473493225,6.60708018558593,6.61187473493225,,6.55885204943098,6.52307429289228,6.54726314398165,6.54535671733264,6.4871307782829
1365,Value,1340,5,Additive0.015,1035241,5401,77,6.58725759853103,6.60708018558593,6.61725759853103,,6.55885204943098,6.52307429289228,6.54726314398165,6.54535671733264,6.4871307782829
1365,Dist L1,1340,5,Additive0.015,1075342,5324,80,6.58725759853103,6.60708018558593,6.61725759853103,,6.55885204943098,6.52307429289228,6.54726314398165,6.54535671733264,6.4871307782829
1366,Oracle,1340,5,Additive0.015,241200,180,18,6.59324035814226,6.60824035814226,6.62324035814226,,6.55960672009448,6.52350946939168,6.54858026584526,6.54644506720515,6.48904181494114
1366,Oracle Vector,1340,5,Additive0.015,3668920,3299,31,6.59050680138619,6.60824035814227,6.62050680138619,,6.55960672009448,6.52350946939169,6.54858026584526,6.54644506720515,6.48904181494114
1366,Value,1340,5,Additive0.015,1035241,5401,77,6.58725759853103,6.60824035814227,6.61725759853103,,6.55960672009448,6.52350946939169,6.54858026584526,6.54644506720515,6.48904181494114
1366,Vector,1340,5,Additive0.015,4580120,4099,42,6.58187473493225,6.60824035814227,6.61187473493225,,6.55960672009448,6.52350946939169,6.54858026584526,6.54644506720515,6.48904181494114
1366,Dist L1,1340,5,Additive0.015,1075342,5324,80,6.58725759853103,6.60824035814227,6.61725759853103,,6.55960672009448,6.52350946939169,6.54858026584526,6.54644506720515,6.48904181494114
1367,Oracle,1340,5,Additive0.015,241200,180,18,6.59324035814226,6.60919528781002,6.62324035814226,,6.56029872912167,6.52354807272229,6.54996304482728,6.54774245184681,6.49025918878353
1367,Oracle Vector,1340,5,Additive0.015,3668920,3299,31,6.59050680138619,6.60919528781001,6.62050680138619,,6.56029872912167,6.52354807272229,6.54996304482728,6.54774245184681,6.49025918878353
1367,Value,1340,5,Additive0.015,1035247,5408,77,6.58725759853103,6.60919528781002,6.61725759853103,,6.56029872912167,6.52354807272229,6.54996304482728,6.54774245184681,6.49025918878353
1367,Vector,1340,5,Additive0.015,4593520,4111,43,6.59419528781002,6.60919528781002,6.62419528781002,,6.56029872912167,6.52354807272229,6.54996304482728,6.54774245184681,6.49025918878353
1367,Dist L1,1340,5,Additive0.015,1075348,5331,80,6.58725759853103,6.60919528781002,6.61725759853103,,6.56029872912167,6.52354807272229,6.54996304482728,6.54774245184681,6.49025918878353
1368,Oracle,1340,5,Additive0.015,241200,180,18,6.59324035814226,6.60993544969457,6.62324035814226,,6.56215387149634,6.52286446053205,6.55081379459891,6.54931195833507,6.48987637181512
1368,Oracle Vector,1340,5,Additive0.015,3668920,3299,31,6.59050680138619,6.60993544969457,6.62050680138619,,6.56215387149634,6.52286446053205,6.5508137945989,6.54931195833507,6.48987637181511
1368,Value,1340,5,Additive0.015,1035247,5408,77,6.58725759853103,6.60993544969457,6.61725759853103,,6.56215387149634,6.52286446053205,6.5508137945989,6.54931195833507,6.48987637181511
1368,Vector,1340,5,Additive0.015,4593520,4111,43,6.59419528781002,6.60993544969457,6.62419528781002,,6.56215387149634,6.52286446053205,6.5508137945989,6.54931195833507,6.48987637181511
1368,Dist L1,1340,5,Additive0.015,1075348,5331,80,6.58725759853103,6.60993544969457,6.61725759853103,,6.56215387149634,6.52286446053205,6.5508137945989,6.54931195833507,6.48987637181511
1369,Oracle,1340,5,Additive0.015,241200,180,18,6.59324035814226,6.61124462090386,6.62324035814226,,6.56324821502104,6.52347786925106,6.55229306852496,6.55056424978273,6.49135927691311
1369,Oracle Vector,1340,5,Additive0.015,3668920,3299,31,6.59050680138619,6.61124462090386,6.62050680138619,,6.56324821502104,6.52347786925106,6.55229306852497,6.55056424978273,6.49135927691311
1369,Vector,1340,5,Additive0.015,4593520,4111,43,6.59419528781002,6.61124462090386,6.62419528781002,,6.56324821502104,6.52347786925106,6.55229306852497,6.55056424978273,6.49135927691311
1369,Value,1340,5,Additive0.015,1035247,5408,77,6.58725759853103,6.61124462090386,6.61725759853103,,6.56324821502104,6.52347786925106,6.55229306852497,6.55056424978273,6.49135927691311
1369,Dist L1,1340,5,Additive0.015,1075356,5340,80,6.58725759853103,6.61124462090386,6.61725759853103,,6.56324821502104,6.52347786925106,6.55229306852497,6.55056424978273,6.49135927691311
1370,Oracle,1340,5,Additive0.015,241200,180,18,6.59324035814226,6.61235489844825,6.62324035814226,,6.56472585103778,6.52341275124674,6.55363830870985,6.55196767042372,6.49242333563195
1370,Oracle Vector,1340,5,Additive0.015,3668920,3299,31,6.59050680138619,6.61235489844825,6.62050680138619,,6.56472585103778,6.52341275124674,6.55363830870985,6.55196767042372,6.49242333563195
1370,Value,1340,5,Additive0.015,1035253,5415,77,6.58725759853103,6.61235489844825,6.61725759853103,,6.56472585103778,6.52341275124674,6.55363830870985,6.55196767042372,6.49242333563195
1370,Vector,1340,5,Additive0.015,4593520,4111,43,6.59419528781002,6.61235489844825,6.62419528781002,,6.56472585103778,6.52341275124674,6.55363830870985,6.55196767042372,6.49242333563195
1370,Dist L1,1340,5,Additive0.015,1075356,5340,80,6.58725759853103,6.61235489844825,6.61725759853103,,6.56472585103778,6.52341275124674,6.55363830870985,6.55196767042372,6.49242333563195
1371,Oracle,1340,5,Additive0.015,241200,180,18,6.59324035814226,6.61296699967541,6.62324035814226,,6.56538309236349,6.52357118253961,6.55409563427521,6.55293046168942,6.49255206242297
1371,Oracle Vector,1340,5,Additive0.015,3668920,3299,31,6.59050680138619,6.61296699967541,6.62050680138619,,6.56538309236349,6.52357118253961,6.55409563427521,6.55293046168942,6.49255206242297
1371,Vector,1340,5,Additive0.015,4593520,4111,43,6.59419528781002,6.61296699967541,6.62419528781002,,6.5653830923635,6.52357118253961,6.55409563427521,6.55293046168943,6.49255206242297
1371,Value,1340,5,Additive0.015,1035253,5415,77,6.58725759853103,6.61296699967541,6.61725759853103,,6.5653830923635,6.52357118253961,6.55409563427521,6.55293046168942,6.49255206242297
1371,Dist L1,1340,5,Additive0.015,1075356,5340,80,6.58725759853103,6.61296699967541,6.61725759853103,,6.5653830923635,6.52357118253961,6.55409563427521,6.55293046168942,6.49255206242297
1372,Oracle,1340,5,Additive0.015,241200,180,18,6.59324035814226,6.61366617806062,6.62324035814226,,6.5663801552388,6.52327491933385,6.55502782457238,6.55404399186877,6.49325724065637
1372,Oracle Vector,1340,5,Additive0.015,3676960,3306,31,6.59050680138619,6.61366617806062,6.62050680138619,,6.5663801552388,6.52327491933385,6.55502782457238,6.55404399186878,6.49325724065637
1372,Value,1340,5,Additive0.015,1035261,5424,77,6.58725759853103,6.61366617806062,6.61725759853103,,6.5663801552388,6.52327491933385,6.55502782457238,6.55404399186878,6.49325724065637
1372,Vector,1340,5,Additive0.015,4593520,4111,43,6.59419528781002,6.61366617806062,6.62419528781002,,6.5663801552388,6.52327491933385,6.55502782457238,6.55404399186878,6.49325724065637
1372,Dist L1,1340,5,Additive0.015,1075362,5347,80,6.58725759853103,6.61366617806062,6.61725759853103,,6.5663801552388,6.52327491933385,6.55502782457238,6.55404399186878,6.49325724065637
1373,Oracle,1340,5,Additive0.015,241200,180,18,6.59324035814226,6.61285526013949,6.62324035814226,,6.56487026883369,6.52224240584424,6.55450540599947,6.55410196884107,6.49332576899105
1373,Oracle Vector,1340,5,Additive0.015,3676960,3306,31,6.59050680138619,6.61285526013949,6.62050680138619,,6.56487026883369,6.52224240584424,6.55450540599947,6.55410196884107,6.49332576899105
1373,Vector,1340,5,Additive0.015,4593520,4111,43,6.59419528781002,6.61285526013949,6.62419528781002,,6.56487026883369,6.52224240584424,6.55450540599947,6.55410196884107,6.49332576899105
1373,Value,1340,5,Additive0.015,1035265,5429,77,6.58725759853103,6.61285526013949,6.61725759853103,,6.56487026883369,6.52224240584424,6.55450540599947,6.55410196884107,6.49332576899105
1373,Dist L1,1340,5,Additive0.015,1075366,5352,80,6.58725759853103,6.61285526013949,6.61725759853103,,6.56487026883369,6.52224240584424,6.55450540599947,6.55410196884107,6.49332576899105
1374,Oracle,1340,5,Additive0.015,241200,180,18,6.59324035814226,6.6138056061471,6.62324035814226,,6.56588297831854,6.52367074535873,6.55561134595421,6.55532491951638,6.49275916550319
1374,Oracle Vector,1340,5,Additive0.015,3676960,3306,31,6.59050680138619,6.6138056061471,6.62050680138619,,6.56588297831853,6.52367074535873,6.55561134595421,6.55532491951638,6.49275916550318
1374,Value,1340,5,Additive0.015,1035273,5439,77,6.58725759853103,6.6138056061471,6.61725759853103,,6.56588297831853,6.52367074535873,6.55561134595421,6.55532491951638,6.49275916550318
1374,Vector,1340,5,Additive0.015,4593520,4111,43,6.59419528781002,6.6138056061471,6.62419528781002,,6.56588297831853,6.52367074535873,6.55561134595421,6.55532491951638,6.49275916550318
1374,Dist L1,1340,5,Additive0.015,1075372,5360,80,6.58725759853103,6.6138056061471,6.61725759853103,,6.56588297831853,6.52367074535873,6.55561134595421,6.55532491951638,6.49275916550318
1375,Oracle,1340,5,Additive0.015,241200,180,18,6.59324035814226,6.61434232428647,6.62324035814226,,6.5668475741417,6.52405589123862,6.55581454839069,6.55630040167402,6.49236025273401
1375,Oracle Vector,1340,5,Additive0.015,3685000,3314,31,6.59050680138619,6.61434232428647,6.62050680138619,,6.5668475741417,6.52405589123862,6.55581454839069,6.55630040167402,6.49236025273401
1375,Vector,1340,5,Additive0.015,4593520,4111,43,6.59419528781002,6.61434232428647,6.62419528781002,,6.5668475741417,6.52405589123862,6.55581454839069,6.55630040167402,6.49236025273401
1375,Value,1340,5,Additive0.015,1048678,5462,78,6.59934232428647,6.61434232428647,6.62934232428647,,6.5668475741417,6.52405589123862,6.55581454839069,6.55630040167402,6.49236025273401
1375,Dist L1,1340,5,Additive0.015,1088777,5382,81,6.59934232428647,6.61434232428647,6.62934232428647,,6.5668475741417,6.52405589123862,6.55581454839069,6.55630040167402,6.49236025273401
1376,Oracle,1340,5,Additive0.015,241200,180,18,6.59324035814226,6.61470902542168,6.62324035814226,,6.56701675862913,6.52456276012697,6.55624415270172,6.55699956031058,6.4914585373043
1376,Oracle Vector,1340,5,Additive0.015,3685000,3314,31,6.59050680138619,6.61470902542168,6.62050680138619,,6.56701675862913,6.52456276012697,6.55624415270172,6.55699956031057,6.4914585373043
1376,Vector,1340,5,Additive0.015,4593520,4111,43,6.59419528781002,6.61470902542168,6.62419528781002,,6.56701675862913,6.52456276012697,6.55624415270172,6.55699956031057,6.4914585373043
1376,Value,1340,5,Additive0.015,1048678,5462,78,6.59934232428647,6.61470902542168,6.62934232428647,,6.56701675862913,6.52456276012697,6.55624415270171,6.55699956031057,6.4914585373043
1376,Dist L1,1340,5,Additive0.015,1088777,5382,81,6.59934232428647,6.61470902542168,6.62934232428647,,6.56701675862913,6.52456276012697,6.55624415270171,6.55699956031057,6.4914585373043
1377,Oracle,1340,5,Additive0.015,241200,180,18,6.59324035814226,6.61451194788429,6.62324035814226,,6.56729464282543,6.52431488627222,6.55649154255943,6.55696490461588,6.49117102537114
1377,Oracle Vector,1340,5,Additive0.015,3690360,3319,31,6.59050680138619,6.61451194788429,6.62050680138619,,6.56729464282543,6.52431488627222,6.55649154255943,6.55696490461588,6.49117102537114
1377,Value,1340,5,Additive0.015,1048678,5462,78,6.59934232428647,6.61451194788429,6.62934232428647,,6.56729464282543,6.52431488627222,6.55649154255943,6.55696490461588,6.49117102537114
1377,Vector,1340,5,Additive0.015,4593520,4111,43,6.59419528781002,6.61451194788429,6.62419528781002,,6.56729464282543,6.52431488627222,6.55649154255943,6.55696490461588,6.49117102537114
1377,Dist L1,1340,5,Additive0.015,1088777,5382,81,6.59934232428647,6.61451194788429,6.62934232428647,,6.56729464282543,6.52431488627222,6.55649154255943,6.55696490461588,6.49117102537114
1378,Oracle,1340,5,Additive0.015,241200,180,18,6.59324035814226,6.61431016314697,6.62324035814226,,6.56526480823302,6.52176452801027,6.55564687077252,6.5587595089045,6.49170782034244
1378,Vector,1340,5,Additive0.015,4593520,4111,43,6.59419528781002,6.61431016314697,6.62419528781002,,6.56526480823302,6.52176452801027,6.55564687077252,6.5587595089045,6.49170782034244
1378,Oracle Vector,1340,5,Additive0.015,3695720,3324,31,6.59050680138619,6.61431016314697,6.62050680138619,,6.56526480823302,6.52176452801027,6.55564687077252,6.5587595089045,6.49170782034244
1378,Value,1340,5,Additive0.015,1048678,5462,78,6.59934232428647,6.61431016314697,6.62934232428647,,6.56526480823302,6.52176452801027,6.55564687077252,6.5587595089045,6.49170782034243
1378,Dist L1,1340,5,Additive0.015,1088777,5382,81,6.59934232428647,6.61431016314697,6.62934232428647,,6.56526480823302,6.52176452801027,6.55564687077252,6.5587595089045,6.49170782034243
1379,Oracle,1340,5,Additive0.015,241200,180,18,6.59324035814226,6.61489715998693,6.62324035814226,,6.56514413786559,6.52168589698326,6.55664226154837,6.55993226787922,6.49161030385352
1379,Vector,1340,5,Additive0.015,4593520,4111,43,6.59419528781002,6.61489715998693,6.62419528781002,,6.56514413786559,6.52168589698326,6.55664226154837,6.55993226787922,6.49161030385352
1379,Value,1340,5,Additive0.015,1048678,5462,78,6.59934232428647,6.61489715998693,6.62934232428647,,6.5651441378656,6.52168589698326,6.55664226154837,6.55993226787922,6.49161030385352
1379,Oracle Vector,1340,5,Additive0.015,3701080,3329,31,6.59050680138619,6.61489715998694,6.62050680138619,,6.5651441378656,6.52168589698326,6.55664226154837,6.55993226787922,6.49161030385352
1379,Dist L1,1340,5,Additive0.015,1088777,5382,81,6.59934232428647,6.61489715998693,6.62934232428647,,6.5651441378656,6.52168589698326,6.55664226154837,6.55993226787922,6.49161030385352
1380,Oracle,1340,5,Additive0.015,241200,180,18,6.59324035814226,6.61590015994237,6.62324035814226,,6.56538446855032,6.52176883046436,6.55838200576475,6.56188356444997,6.49150624332807
1380,Oracle Vector,1340,5,Additive0.015,3711800,3338,31,6.59050680138619,6.61590015994237,6.62050680138619,,6.56538446855031,6.52176883046436,6.55838200576475,6.56188356444997,6.49150624332807
1380,Vector,1340,5,Additive0.015,4593520,4111,43,6.59419528781002,6.61590015994237,6.62419528781002,,6.56538446855031,6.52176883046436,6.55838200576475,6.56188356444997,6.49150624332807
1380,Value,1340,5,Additive0.015,1048678,5462,78,6.59934232428647,6.61590015994237,6.62934232428647,,6.56538446855031,6.52176883046436,6.55838200576475,6.56188356444997,6.49150624332807
1380,Dist L1,1340,5,Additive0.015,1088777,5382,81,6.59934232428647,6.61590015994237,6.62934232428647,,6.56538446855031,6.52176883046436,6.55838200576475,6.56188356444997,6.49150624332807
1381,Oracle,1340,5,Additive0.015,241200,180,18,6.59324035814226,6.61642796010935,6.62324035814226,,6.56654335163711,6.52213875987256,6.55860347818539,6.56289950710307,6.49120810822171
1381,Vector,1340,5,Additive0.015,4598880,4116,43,6.59419528781002,6.61642796010934,6.62419528781002,,6.56654335163711,6.52213875987256,6.55860347818539,6.56289950710307,6.49120810822171
1381,Oracle Vector,1340,5,Additive0.015,3717160,3343,31,6.59050680138619,6.61642796010935,6.62050680138619,,6.56654335163711,6.52213875987256,6.55860347818539,6.56289950710307,6.49120810822171
1381,Value,1340,5,Additive0.015,1048678,5462,78,6.59934232428647,6.61642796010935,6.62934232428647,,6.56654335163711,6.52213875987256,6.55860347818539,6.56289950710307,6.49120810822171
1381,Dist L1,1340,5,Additive0.015,1088777,5382,81,6.59934232428647,6.61642796010934,6.62934232428647,,6.56654335163711,6.52213875987256,6.55860347818539,6.56289950710307,6.49120810822171
1382,Oracle,1340,5,Additive0.015,241200,180,18,6.59324035814226,6.61722525692471,6.62324035814226,,6.56708683974628,6.52234670097686,6.56008389383112,6.56341827468579,6.49148459540231
1382,Value,1340,5,Additive0.015,1048678,5462,78,6.59934232428647,6.61722525692471,6.62934232428647,,6.56708683974628,6.52234670097686,6.56008389383111,6.56341827468579,6.49148459540231
1382,Oracle Vector,1340,5,Additive0.015,3730560,3354,32,6.60222525692471,6.61722525692471,6.63222525692471,,6.56708683974628,6.52234670097686,6.56008389383111,6.56341827468579,6.49148459540231
1382,Vector,1340,5,Additive0.015,4598880,4116,43,6.59419528781002,6.61722525692471,6.62419528781002,,6.56708683974628,6.52234670097686,6.56008389383111,6.56341827468579,6.49148459540231
1382,Dist L1,1340,5,Additive0.015,1088777,5382,81,6.59934232428647,6.61722525692471,6.62934232428647,,6.56708683974628,6.52234670097686,6.56008389383111,6.56341827468579,6.49148459540231
1383,Oracle,1340,5,Additive0.015,241200,180,18,6.59324035814226,6.6179191974308,6.62324035814226,,6.56711261393133,6.52257061707953,6.56087189857891,6.56433009462779,6.49122450904568
1383,Oracle Vector,1340,5,Additive0.015,3730560,3354,32,6.60222525692471,6.61791919743079,6.63222525692471,,6.56711261393133,6.52257061707953,6.56087189857891,6.56433009462779,6.49122450904567
1383,Vector,1340,5,Additive0.015,4598880,4116,43,6.59419528781002,6.6179191974308,6.62419528781002,,6.56711261393133,6.52257061707953,6.56087189857891,6.56433009462779,6.49122450904567
1383,Value,1340,5,Additive0.015,1048678,5462,78,6.59934232428647,6.6179191974308,6.62934232428647,,6.56711261393133,6.52257061707953,6.56087189857891,6.56433009462779,6.49122450904567
1383,Dist L1,1340,5,Additive0.015,1088777,5382,81,6.59934232428647,6.6179191974308,6.62934232428647,,6.56711261393133,6.52257061707953,6.56087189857891,6.56433009462779,6.49122450904567
1384,Oracle,1340,5,Additive0.015,241200,180,18,6.59324035814226,6.61911983733535,6.62324035814226,,6.56910282336021,6.52287680670259,6.56172272911933,6.56626180931893,6.49110825136957
1384,Oracle Vector,1340,5,Additive0.015,3730560,3354,32,6.60222525692471,6.61911983733535,6.63222525692471,,6.56910282336021,6.5228768067026,6.56172272911933,6.56626180931893,6.49110825136957
1384,Value,1340,5,Additive0.015,1048678,5462,78,6.59934232428647,6.61911983733535,6.62934232428647,,6.56910282336021,6.52287680670259,6.56172272911933,6.56626180931893,6.49110825136957
1384,Vector,1340,5,Additive0.015,4598880,4116,43,6.59419528781002,6.61911983733535,6.62419528781002,,6.56910282336021,6.5228768067026,6.56172272911933,6.56626180931893,6.49110825136957
1384,Dist L1,1340,5,Additive0.015,1088777,5382,81,6.59934232428647,6.61911983733535,6.62934232428647,,6.56910282336021,6.5228768067026,6.56172272911933,6.56626180931893,6.49110825136957
1385,Oracle,1340,5,Additive0.015,241200,180,18,6.59324035814226,6.61999952638439,6.62324035814226,,6.56935501644443,6.5233575721241,6.5624035813892,6.56797326585836,6.49125923903074
1385,Oracle Vector,1340,5,Additive0.015,3730560,3354,32,6.60222525692471,6.61999952638439,6.63222525692471,,6.56935501644443,6.5233575721241,6.5624035813892,6.56797326585836,6.49125923903074
1385,Value,1340,5,Additive0.015,1048678,5462,78,6.59934232428647,6.61999952638439,6.62934232428647,,6.56935501644443,6.5233575721241,6.5624035813892,6.56797326585836,6.49125923903074
1385,Vector,1340,5,Additive0.015,4606920,4124,43,6.59419528781002,6.61999952638439,6.62419528781002,,6.56935501644443,6.5233575721241,6.5624035813892,6.56797326585836,6.49125923903074
1385,Dist L1,1340,5,Additive0.015,1088777,5382,81,6.59934232428647,6.61999952638439,6.62934232428647,,6.56935501644443,6.5233575721241,6.5624035813892,6.56797326585836,6.49125923903074
1386,Oracle,1340,5,Additive0.015,241200,180,18,6.59324035814226,6.62117789669149,6.62324035814226,,6.57021559334049,6.52407047261931,6.56369177795692,6.56969269868012,6.49168708781609
1386,Oracle Vector,1340,5,Additive0.015,3730560,3354,32,6.60222525692471,6.62117789669148,6.63222525692471,,6.57021559334049,6.52407047261931,6.56369177795692,6.56969269868012,6.49168708781609
1386,Value,1340,5,Additive0.015,1048682,5467,78,6.59934232428647,6.62117789669148,6.62934232428647,,6.57021559334049,6.52407047261931,6.56369177795692,6.56969269868012,6.49168708781609
1386,Vector,1340,5,Additive0.015,4620320,4136,44,6.60617789669148,6.62117789669148,6.63617789669148,,6.57021559334049,6.52407047261931,6.56369177795692,6.56969269868012,6.49168708781609
1386,Dist L1,1340,5,Additive0.015,1088781,5387,81,6.59934232428647,6.62117789669148,6.62934232428647,,6.57021559334049,6.52407047261931,6.56369177795692,6.56969269868012,6.49168708781609
1387,Oracle,1340,5,Additive0.015,241200,180,18,6.59324035814226,6.62204266675741,6.62324035814226,,6.57118533746248,6.5253412472662,6.56402086256045,6.57157345866794,6.4913245873402
1387,Oracle Vector,1340,5,Additive0.015,3730560,3354,32,6.60222525692471,6.62204266675741,6.63222525692471,,6.57118533746247,6.5253412472662,6.56402086256045,6.57157345866794,6.4913245873402
1387,Vector,1340,5,Additive0.015,4620320,4136,44,6.60617789669148,6.62204266675741,6.63617789669148,,6.57118533746247,6.5253412472662,6.56402086256045,6.57157345866794,6.4913245873402
1387,Value,1340,5,Additive0.015,1048682,5467,78,6.59934232428647,6.62204266675741,6.62934232428647,,6.57118533746247,6.5253412472662,6.56402086256045,6.57157345866794,6.4913245873402
1387,Dist L1,1340,5,Additive0.015,1088781,5387,81,6.59934232428647,6.62204266675741,6.62934232428647,,6.57118533746247,6.5253412472662,6.56402086256045,6.57157345866794,6.4913245873402
1388,Oracle,1340,5,Additive0.015,241200,180,18,6.59324035814226,6.62270074689075,6.62324035814226,,6.57107419466248,6.52514689355603,6.56505100726897,6.57285990839341,6.49175968408062
1388,Oracle Vector,1340,5,Additive0.015,3730560,3354,32,6.60222525692471,6.62270074689075,6.63222525692471,,6.57107419466248,6.52514689355603,6.56505100726897,6.57285990839341,6.49175968408062
1388,Vector,1340,5,Additive0.015,4620320,4136,44,6.60617789669148,6.62270074689075,6.63617789669148,,6.57107419466248,6.52514689355603,6.56505100726897,6.57285990839341,6.49175968408062
1388,Value,1340,5,Additive0.015,1048686,5472,78,6.59934232428647,6.62270074689075,6.62934232428647,,6.57107419466248,6.52514689355603,6.56505100726897,6.57285990839341,6.49175968408062
1388,Dist L1,1340,5,Additive0.015,1088787,5394,81,6.59934232428647,6.62270074689075,6.62934232428647,,6.57107419466248,6.52514689355603,6.56505100726897,6.57285990839341,6.49175968408062
1389,Oracle,1340,5,Additive0.015,254600,190,19,6.60848266720584,6.62348266720584,6.63848266720584,,6.57183579841832,6.52471832307434,6.56631853564276,6.57411515294651,6.49232676071815
1389,Oracle Vector,1340,5,Additive0.015,3730560,3354,32,6.60222525692471,6.62348266720584,6.63222525692471,,6.57183579841832,6.52471832307434,6.56631853564276,6.57411515294651,6.49232676071815
1389,Value,1340,5,Additive0.015,1048692,5479,78,6.59934232428647,6.62348266720584,6.62934232428647,,6.57183579841832,6.52471832307434,6.56631853564276,6.57411515294651,6.49232676071815
1389,Vector,1340,5,Additive0.015,4620320,4136,44,6.60617789669148,6.62348266720584,6.63617789669148,,6.57183579841832,6.52471832307434,6.56631853564276,6.57411515294651,6.49232676071815
1389,Dist L1,1340,5,Additive0.015,1088787,5394,81,6.59934232428647,6.62348266720584,6.62934232428647,,6.57183579841832,6.52471832307434,6.56631853564276,6.57411515294651,6.49232676071815
1390,Oracle,1340,5,Additive0.015,254600,190,19,6.60848266720584,6.62472285676265,6.63848266720584,,6.57252604042024,6.52558344793888,6.56852456311052,6.57605960403142,6.4934019818603
1390,Value,1340,5,Additive0.015,1048700,5488,78,6.59934232428647,6.62472285676265,6.62934232428647,,6.57252604042024,6.52558344793888,6.56852456311052,6.57605960403142,6.4934019818603
1390,Oracle Vector,1340,5,Additive0.015,3735920,3359,32,6.60222525692471,6.62472285676265,6.63222525692471,,6.57252604042024,6.52558344793888,6.56852456311052,6.57605960403142,6.4934019818603
1390,Vector,1340,5,Additive0.015,4620320,4136,44,6.60617789669148,6.62472285676265,6.63617789669148,,6.57252604042024,6.52558344793888,6.56852456311052,6.57605960403142,6.4934019818603
1390,Dist L1,1340,5,Additive0.015,1088793,5401,81,6.59934232428647,6.62472285676265,6.62934232428647,,6.57252604042024,6.52558344793888,6.56852456311052,6.57605960403142,6.4934019818603
1391,Oracle,1340,5,Additive0.015,254600,190,19,6.60848266720584,6.6253642457877,6.63848266720584,,6.57276908262846,6.52525093535311,6.56962387403455,6.5774171285353,6.49378050269872
1391,Oracle Vector,1340,5,Additive0.015,3735920,3359,32,6.60222525692471,6.62536424578769,6.63222525692471,,6.57276908262846,6.52525093535311,6.56962387403454,6.57741712853529,6.49378050269872
1391,Value,1340,5,Additive0.015,1048700,5488,78,6.59934232428647,6.62536424578769,6.62934232428647,,6.57276908262846,6.52525093535311,6.56962387403454,6.57741712853529,6.49378050269872
1391,Vector,1340,5,Additive0.015,4620320,4136,44,6.60617789669148,6.62536424578769,6.63617789669148,,6.57276908262846,6.52525093535311,6.56962387403454,6.57741712853529,6.49378050269872
1391,Dist L1,1340,5,Additive0.015,1088801,5410,81,6.59934232428647,6.62536424578769,6.62934232428647,,6.57276908262846,6.52525093535311,6.56962387403454,6.57741712853529,6.49378050269872
1392,Oracle,1340,5,Additive0.015,254600,190,19,6.60848266720584,6.62593690257544,6.63848266720584,,6.57332181612386,6.52541923479238,6.57066402164458,6.57914980473169,6.49316102412508
1392,Value,1340,5,Additive0.015,1048712,5503,78,6.59934232428647,6.62593690257544,6.62934232428647,,6.57332181612386,6.52541923479238,6.57066402164458,6.57914980473169,6.49316102412508
1392,Vector,1340,5,Additive0.015,4620320,4136,44,6.60617789669148,6.62593690257544,6.63617789669148,,6.57332181612386,6.52541923479238,6.57066402164458,6.57914980473169,6.49316102412508
1392,Oracle Vector,1340,5,Additive0.015,3741280,3364,32,6.60222525692471,6.62593690257544,6.63222525692471,,6.57332181612386,6.52541923479238,6.57066402164458,6.57914980473169,6.49316102412508
1392,Dist L1,1340,5,Additive0.015,1088815,5427,81,6.59934232428647,6.62593690257544,6.62934232428647,,6.57332181612386,6.52541923479238,6.57066402164458,6.57914980473169,6.49316102412508
1393,Oracle,1340,5,Additive0.015,254600,190,19,6.60848266720584,6.62621482603095,6.63848266720584,,6.5731064021198,6.52574552947197,6.57088054921257,6.58034267903507,6.4921476981313
1393,Value,1340,5,Additive0.015,1048722,5516,78,6.59934232428647,6.62621482603095,6.62934232428647,,6.5731064021198,6.52574552947197,6.57088054921258,6.58034267903507,6.4921476981313
1393,Vector,1340,5,Additive0.015,4625680,4141,44,6.60617789669148,6.62621482603095,6.63617789669148,,6.5731064021198,6.52574552947197,6.57088054921258,6.58034267903507,6.4921476981313
1393,Oracle Vector,1340,5,Additive0.015,3746640,3369,32,6.60222525692471,6.62621482603095,6.63222525692471,,6.5731064021198,6.52574552947197,6.57088054921258,6.58034267903507,6.4921476981313
1393,Dist L1,1340,5,Additive0.015,1088825,5440,81,6.59934232428647,6.62621482603095,6.62934232428647,,6.5731064021198,6.52574552947197,6.57088054921258,6.58034267903507,6.4921476981313
1394,Oracle,1340,5,Additive0.015,254600,190,19,6.60848266720584,6.62682519002226,6.63848266720584,,6.57369874922771,6.52595286812577,6.57250638504642,6.58099916358428,6.49144630185929
1394,Oracle Vector,1340,5,Additive0.015,3746640,3369,32,6.60222525692471,6.62682519002226,6.63222525692471,,6.57369874922771,6.52595286812578,6.57250638504642,6.58099916358428,6.49144630185929
1394,Vector,1340,5,Additive0.015,4625680,4141,44,6.60617789669148,6.62682519002226,6.63617789669148,,6.57369874922772,6.52595286812578,6.57250638504642,6.58099916358428,6.49144630185929
1394,Value,1340,5,Additive0.015,1062127,5536,79,6.61182519002226,6.62682519002226,6.64182519002226,,6.57369874922772,6.52595286812578,6.57250638504642,6.58099916358428,6.49144630185929
1394,Dist L1,1340,5,Additive0.015,1102230,5460,82,6.61182519002226,6.62682519002226,6.64182519002226,,6.57369874922772,6.52595286812578,6.57250638504642,6.58099916358428,6.49144630185929
1395,Oracle,1340,5,Additive0.015,254600,190,19,6.60848266720584,6.62744333166045,6.63848266720584,,6.57496935778821,6.52655138339939,6.57267125333299,6.58191138066867,6.49091874223783
1395,Vector,1340,5,Additive0.015,4625680,4141,44,6.60617789669148,6.62744333166045,6.63617789669148,,6.57496935778821,6.52655138339939,6.57267125333299,6.58191138066867,6.49091874223783
1395,Value,1340,5,Additive0.015,1062127,5536,79,6.61182519002226,6.62744333166045,6.64182519002226,,6.57496935778821,6.52655138339939,6.57267125333299,6.58191138066867,6.49091874223783
1395,Oracle Vector,1340,5,Additive0.015,3754680,3376,32,6.60222525692471,6.62744333166045,6.63222525692471,,6.57496935778821,6.52655138339939,6.57267125333299,6.58191138066867,6.49091874223783
1395,Dist L1,1340,5,Additive0.015,1102230,5460,82,6.61182519002226,6.62744333166045,6.64182519002226,,6.57496935778821,6.52655138339939,6.57267125333299,6.58191138066867,6.49091874223783
1396,Oracle,1340,5,Additive0.015,254600,190,19,6.60848266720584,6.62786177426327,6.63848266720584,,6.57585463275772,6.52672561747298,6.57323119637618,6.58277019277011,6.49022837033813
1396,Oracle Vector,1340,5,Additive0.015,3754680,3376,32,6.60222525692471,6.62786177426327,6.63222525692471,,6.57585463275772,6.52672561747297,6.57323119637618,6.58277019277011,6.49022837033812
1396,Value,1340,5,Additive0.015,1062127,5536,79,6.61182519002226,6.62786177426327,6.64182519002226,,6.57585463275772,6.52672561747297,6.57323119637618,6.58277019277011,6.49022837033813
1396,Vector,1340,5,Additive0.015,4625680,4141,44,6.60617789669148,6.62786177426327,6.63617789669148,,6.57585463275772,6.52672561747297,6.57323119637618,6.58277019277011,6.49022837033813
1396,Dist L1,1340,5,Additive0.015,1102230,5460,82,6.61182519002226,6.62786177426327,6.64182519002226,,6.57585463275772,6.52672561747297,6.57323119637618,6.58277019277011,6.49022837033813
1397,Oracle,1340,5,Additive0.015,254600,190,19,6.60848266720584,6.62870474931166,6.63848266720584,,6.57799695133358,6.52765870025597,6.57408420655224,6.58358831959842,6.48931843278048
1397,Oracle Vector,1340,5,Additive0.015,3765400,3385,32,6.60222525692471,6.62870474931167,6.63222525692471,,6.57799695133358,6.52765870025598,6.57408420655224,6.58358831959842,6.48931843278048
1397,Value,1340,5,Additive0.015,1062127,5536,79,6.61182519002226,6.62870474931167,6.64182519002226,,6.57799695133358,6.52765870025598,6.57408420655224,6.58358831959842,6.48931843278048
1397,Vector,1340,5,Additive0.015,4633720,4149,44,6.60617789669148,6.62870474931166,6.63617789669148,,6.57799695133358,6.52765870025598,6.57408420655224,6.58358831959842,6.48931843278048
1397,Dist L1,1340,5,Additive0.015,1102230,5460,82,6.61182519002226,6.62870474931166,6.64182519002226,,6.57799695133358,6.52765870025598,6.57408420655224,6.58358831959842,6.48931843278048
1398,Oracle,1340,5,Additive0.015,254600,190,19,6.60848266720584,6.62986418664337,6.63848266720584,,6.58052057377482,6.5288506801002,6.57504001650392,6.58522408654659,6.48922907795595
1398,Value,1340,5,Additive0.015,1062127,5536,79,6.61182519002226,6.62986418664337,6.64182519002226,,6.58052057377482,6.5288506801002,6.57504001650392,6.58522408654659,6.48922907795596
1398,Oracle Vector,1340,5,Additive0.015,3778800,3397,33,6.61486418664337,6.62986418664337,6.64486418664337,,6.58052057377482,6.5288506801002,6.57504001650392,6.58522408654659,6.48922907795595
1398,Vector,1340,5,Additive0.015,4649800,4163,44,6.60617789669148,6.62986418664337,6.63617789669148,,6.58052057377482,6.5288506801002,6.57504001650392,6.58522408654659,6.48922907795595
1398,Dist L1,1340,5,Additive0.015,1102230,5460,82,6.61182519002226,6.62986418664337,6.64182519002226,,6.58052057377482,6.5288506801002,6.57504001650392,6.58522408654659,6.48922907795596
1399,Oracle,1340,5,Additive0.015,254600,190,19,6.60848266720584,6.63062686887535,6.63848266720584,,6.5818237346912,6.52918275075865,6.57576953023466,6.58621033481247,6.4890065694084
1399,Oracle Vector,1340,5,Additive0.015,3778800,3397,33,6.61486418664337,6.63062686887535,6.64486418664337,,6.5818237346912,6.52918275075864,6.57576953023466,6.58621033481247,6.4890065694084
1399,Value,1340,5,Additive0.015,1062127,5536,79,6.61182519002226,6.63062686887535,6.64182519002226,,6.5818237346912,6.52918275075864,6.57576953023466,6.58621033481247,6.4890065694084
1399,Vector,1340,5,Additive0.015,4663200,4174,44,6.60617789669148,6.63062686887535,6.63617789669148,,6.5818237346912,6.52918275075864,6.57576953023466,6.58621033481247,6.4890065694084
1399,Dist L1,1340,5,Additive0.015,1102230,5460,82,6.61182519002226,6.63062686887535,6.64182519002226,,6.5818237346912,6.52918275075864,6.57576953023466,6.58621033481247,6.4890065694084
1400,Oracle,1340,5,Additive0.015,254600,190,19,6.60848266720584,6.63146205642018,6.63848266720584,,6.5824907993791,6.52967336542581,6.57680885983425,6.58813645310638,6.48929935128084
1400,Vector,1340,5,Additive0.015,4663200,4174,44,6.60617789669148,6.63146205642018,6.63617789669148,,6.58249079937911,6.52967336542581,6.57680885983425,6.58813645310638,6.48929935128084
1400,Oracle Vector,1340,5,Additive0.015,3778800,3397,33,6.61486418664337,6.63146205642018,6.64486418664337,,6.5824907993791,6.52967336542581,6.57680885983425,6.58813645310638,6.48929935128084
1400,Value,1340,5,Additive0.015,1062127,5536,79,6.61182519002226,6.63146205642018,6.64182519002226,,6.5824907993791,6.52967336542581,6.57680885983425,6.58813645310638,6.48929935128084
1400,Dist L1,1340,5,Additive0.015,1102230,5460,82,6.61182519002226,6.63146205642018,6.64182519002226,,6.5824907993791,6.52967336542581,6.57680885983425,6.58813645310638,6.48929935128084
1401,Oracle,1340,5,Additive0.015,254600,190,19,6.60848266720584,6.63182965254573,6.63848266720584,,6.58348054460752,6.53018103096175,6.57766969404968,6.58858634814644,6.48821249408911
1401,Oracle Vector,1340,5,Additive0.015,3778800,3397,33,6.61486418664337,6.63182965254573,6.64486418664337,,6.58348054460752,6.53018103096175,6.57766969404968,6.58858634814644,6.48821249408911
1401,Value,1340,5,Additive0.015,1062127,5536,79,6.61182519002226,6.63182965254573,6.64182519002226,,6.58348054460752,6.53018103096175,6.57766969404968,6.58858634814644,6.48821249408911
1401,Vector,1340,5,Additive0.015,4668560,4179,44,6.60617789669148,6.63182965254573,6.63617789669148,,6.58348054460752,6.53018103096175,6.57766969404968,6.58858634814644,6.48821249408911
1401,Dist L1,1340,5,Additive0.015,1102230,5460,82,6.61182519002226,6.63182965254573,6.64182519002226,,6.58348054460752,6.53018103096175,6.57766969404968,6.58858634814644,6.48821249408911
1402,Value,1340,5,Additive0.015,1062127,5536,79,6.61182519002226,6.63145579148763,6.64182519002226,,6.58258647963541,6.5297448248977,6.57744750416272,6.58846557607589,6.48746361884801
1402,Oracle Vector,1340,5,Additive0.015,3778800,3397,33,6.61486418664337,6.63145579148763,6.64486418664337,,6.58258647963541,6.5297448248977,6.57744750416272,6.58846557607589,6.48746361884801
1402,Oracle,1340,5,Additive0.015,254600,190,19,6.60848266720584,6.63145579148762,6.63848266720584,,6.58258647963541,6.5297448248977,6.57744750416272,6.58846557607589,6.48746361884801
1402,Vector,1340,5,Additive0.015,4673920,4184,44,6.60617789669148,6.63145579148763,6.63617789669148,,6.58258647963541,6.5297448248977,6.57744750416272,6.58846557607589,6.48746361884801
1402,Dist L1,1340,5,Additive0.015,1102230,5460,82,6.61182519002226,6.63145579148763,6.64182519002226,,6.58258647963541,6.5297448248977,6.57744750416272,6.58846557607589,6.48746361884801
1403,Oracle,1340,5,Additive0.015,254600,190,19,6.60848266720584,6.63144715320057,6.63848266720584,,6.58316295440029,6.52937351856406,6.5782076128301,6.58930188311225,6.48625641869339
1403,Oracle Vector,1340,5,Additive0.015,3778800,3397,33,6.61486418664337,6.63144715320057,6.64486418664337,,6.58316295440029,6.52937351856407,6.5782076128301,6.58930188311225,6.48625641869339
1403,Vector,1340,5,Additive0.015,4673920,4184,44,6.60617789669148,6.63144715320056,6.63617789669148,,6.58316295440029,6.52937351856407,6.5782076128301,6.58930188311225,6.48625641869339
1403,Value,1340,5,Additive0.015,1062127,5536,79,6.61182519002226,6.63144715320056,6.64182519002226,,6.58316295440029,6.52937351856407,6.5782076128301,6.58930188311225,6.48625641869339
1403,Dist L1,1340,5,Additive0.015,1102230,5460,82,6.61182519002226,6.63144715320056,6.64182519002226,,6.58316295440029,6.52937351856407,6.5782076128301,6.58930188311225,6.48625641869339
1404,Oracle,1340,5,Additive0.015,254600,190,19,6.60848266720584,6.63117899545361,6.63848266720584,,6.58327776110572,6.52780806999683,6.57821932581582,6.58965694125205,6.48592489293484
1404,Oracle Vector,1340,5,Additive0.015,3778800,3397,33,6.61486418664337,6.63117899545361,6.64486418664337,,6.58327776110572,6.52780806999683,6.57821932581583,6.58965694125205,6.48592489293484
1404,Value,1340,5,Additive0.015,1062127,5536,79,6.61182519002226,6.63117899545361,6.64182519002226,,6.58327776110572,6.52780806999683,6.57821932581583,6.58965694125205,6.48592489293484
1404,Vector,1340,5,Additive0.015,4679280,4189,44,6.60617789669148,6.63117899545361,6.63617789669148,,6.58327776110572,6.52780806999683,6.57821932581583,6.58965694125205,6.48592489293484
1404,Dist L1,1340,5,Additive0.015,1102230,5460,82,6.61182519002226,6.63117899545361,6.64182519002226,,6.58327776110572,6.52780806999683,6.57821932581583,6.58965694125205,6.48592489293484
1405,Oracle,1340,5,Additive0.015,254600,190,19,6.60848266720584,6.63114301281936,6.63848266720584,,6.58339664559024,6.52657679955074,6.5789070363106,6.59023118720824,6.48535145062276
1405,Oracle Vector,1340,5,Additive0.015,3778800,3397,33,6.61486418664337,6.63114301281936,6.64486418664337,,6.58339664559024,6.52657679955074,6.5789070363106,6.59023118720824,6.48535145062275
1405,Value,1340,5,Additive0.015,1062127,5536,79,6.61182519002226,6.63114301281936,6.64182519002226,,6.58339664559025,6.52657679955074,6.5789070363106,6.59023118720824,6.48535145062275
1405,Vector,1340,5,Additive0.015,4687320,4196,44,6.60617789669148,6.63114301281935,6.63617789669148,,6.58339664559024,6.52657679955074,6.5789070363106,6.59023118720824,6.48535145062276
1405,Dist L1,1340,5,Additive0.015,1102230,5460,82,6.61182519002226,6.63114301281936,6.64182519002226,,6.58339664559024,6.52657679955074,6.5789070363106,6.59023118720824,6.48535145062275
1406,Oracle,1340,5,Additive0.015,254600,190,19,6.60848266720584,6.63038767934405,6.63848266720584,,6.58218379574651,6.5252189126942,6.57785708653805,6.58950284406563,6.48459038157167
1406,Oracle Vector,1340,5,Additive0.015,3778800,3397,33,6.61486418664337,6.63038767934405,6.64486418664337,,6.58218379574651,6.5252189126942,6.57785708653805,6.58950284406563,6.48459038157167
1406,Value,1340,5,Additive0.015,1062127,5536,79,6.61182519002226,6.63038767934405,6.64182519002226,,6.58218379574651,6.5252189126942,6.57785708653805,6.58950284406563,6.48459038157167
1406,Vector,1340,5,Additive0.015,4692680,4201,44,6.60617789669148,6.63038767934405,6.63617789669148,,6.58218379574651,6.5252189126942,6.57785708653805,6.58950284406563,6.48459038157167
1406,Dist L1,1340,5,Additive0.015,1102230,5460,82,6.61182519002226,6.63038767934405,6.64182519002226,,6.58218379574651,6.5252189126942,6.57785708653805,6.58950284406563,6.48459038157167
1407,Oracle,1340,5,Additive0.015,254600,190,19,6.60848266720584,6.62915443028181,6.63848266720584,,6.58164695022463,6.52327407786108,6.57643797970197,6.58786764558443,6.48252884164287
1407,Oracle Vector,1340,5,Additive0.015,3784160,3402,33,6.61486418664337,6.62915443028181,6.64486418664337,,6.58164695022463,6.52327407786108,6.57643797970197,6.58786764558444,6.48252884164287
1407,Value,1340,5,Additive0.015,1062131,5541,79,6.61182519002226,6.62915443028181,6.64182519002226,,6.58164695022463,6.52327407786108,6.57643797970198,6.58786764558444,6.48252884164287
1407,Vector,1340,5,Additive0.015,4698040,4206,44,6.60617789669148,6.62915443028181,6.63617789669148,,6.58164695022463,6.52327407786108,6.57643797970197,6.58786764558444,6.48252884164287
1407,Dist L1,1340,5,Additive0.015,1102234,5465,82,6.61182519002226,6.62915443028181,6.64182519002226,,6.58164695022463,6.52327407786109,6.57643797970198,6.58786764558444,6.48252884164287
1408,Oracle Vector,1340,5,Additive0.015,3784160,3402,33,6.61486418664337,6.62842972786783,6.64486418664337,,6.57941651457272,6.52196069730478,6.575715663683,6.58659088259188,6.48090200401416
1408,Oracle,1340,5,Additive0.015,254600,190,19,6.60848266720584,6.62842972786783,6.63848266720584,,6.57941651457272,6.52196069730477,6.575715663683,6.58659088259188,6.48090200401416
1408,Value,1340,5,Additive0.015,1062135,5546,79,6.61182519002226,6.62842972786783,6.64182519002226,,6.57941651457272,6.52196069730478,6.575715663683,6.58659088259188,6.48090200401416
1408,Vector,1340,5,Additive0.015,4698040,4206,44,6.60617789669148,6.62842972786783,6.63617789669148,,6.57941651457272,6.52196069730478,6.575715663683,6.58659088259188,6.48090200401416
1408,Dist L1,1340,5,Additive0.015,1102238,5470,82,6.61182519002226,6.62842972786783,6.64182519002226,,6.57941651457272,6.52196069730478,6.575715663683,6.58659088259188,6.48090200401416
1409,Oracle,1340,5,Additive0.015,254600,190,19,6.60848266720584,6.62736815230569,6.63848266720584,,6.5785973134441,6.5194979833819,6.57487697772189,6.58529253715936,6.47899843808574
1409,Value,1340,5,Additive0.015,1062143,5555,79,6.61182519002226,6.62736815230569,6.64182519002226,,6.57859731344409,6.5194979833819,6.57487697772189,6.58529253715936,6.47899843808573
1409,Oracle Vector,1340,5,Additive0.015,3789520,3407,33,6.61486418664337,6.62736815230569,6.64486418664337,,6.5785973134441,6.5194979833819,6.57487697772189,6.58529253715936,6.47899843808573
1409,Vector,1340,5,Additive0.015,4708760,4216,44,6.60617789669148,6.62736815230569,6.63617789669148,,6.57859731344409,6.5194979833819,6.57487697772189,6.58529253715936,6.47899843808573
1409,Dist L1,1340,5,Additive0.015,1102242,5475,82,6.61182519002226,6.62736815230569,6.64182519002226,,6.57859731344409,6.5194979833819,6.57487697772189,6.58529253715936,6.47899843808573
1410,Oracle,1340,5,Additive0.015,254600,190,19,6.60848266720584,6.62687168042604,6.63848266720584,,6.57841607262033,6.51864102285683,6.57478337515396,6.58471863164263,6.47736033182703
1410,Oracle Vector,1340,5,Additive0.015,3797560,3414,33,6.61486418664337,6.62687168042604,6.64486418664337,,6.57841607262033,6.51864102285683,6.57478337515396,6.58471863164263,6.47736033182703
1410,Value,1340,5,Additive0.015,1062147,5560,79,6.61182519002226,6.62687168042604,6.64182519002226,,6.57841607262033,6.51864102285683,6.57478337515396,6.58471863164263,6.47736033182703
1410,Vector,1340,5,Additive0.015,4719480,4226,44,6.60617789669148,6.62687168042604,6.63617789669148,,6.57841607262033,6.51864102285683,6.57478337515396,6.58471863164263,6.47736033182703
1410,Dist L1,1340,5,Additive0.015,1102248,5482,82,6.61182519002226,6.62687168042604,6.64182519002226,,6.57841607262033,6.51864102285683,6.57478337515396,6.58471863164263,6.47736033182703
1411,Oracle,1340,5,Additive0.015,254600,190,19,6.60848266720584,6.62630211147024,6.63848266720584,,6.57719722987916,6.51752548793596,6.57454858384725,6.58394629829694,6.47604290656018
1411,Oracle Vector,1340,5,Additive0.015,3797560,3414,33,6.61486418664337,6.62630211147024,6.64486418664337,,6.57719722987916,6.51752548793596,6.57454858384725,6.58394629829694,6.47604290656018
1411,Vector,1340,5,Additive0.015,4719480,4226,44,6.60617789669148,6.62630211147024,6.63617789669148,,6.57719722987916,6.51752548793596,6.57454858384724,6.58394629829694,6.47604290656018
1411,Value,1340,5,Additive0.015,1062153,5567,79,6.61182519002226,6.62630211147024,6.64182519002226,,6.57719722987916,6.51752548793596,6.57454858384725,6.58394629829694,6.47604290656018
1411,Dist L1,1340,5,Additive0.015,1102256,5492,82,6.61182519002226,6.62630211147024,6.64182519002226,,6.57719722987916,6.51752548793596,6.57454858384725,6.58394629829694,6.47604290656018
1412,Oracle,1340,5,Additive0.015,254600,190,19,6.60848266720584,6.62616267757081,6.63848266720584,,6.57759482960486,6.51686947995529,6.57389331084881,6.58370602239102,6.47573059445232
1412,Oracle Vector,1340,5,Additive0.015,3797560,3414,33,6.61486418664337,6.62616267757081,6.64486418664337,,6.57759482960486,6.51686947995529,6.57389331084881,6.58370602239101,6.47573059445232
1412,Value,1340,5,Additive0.015,1062157,5572,79,6.61182519002226,6.62616267757081,6.64182519002226,,6.57759482960486,6.51686947995529,6.57389331084881,6.58370602239101,6.47573059445232
1412,Vector,1340,5,Additive0.015,4724840,4231,44,6.60617789669148,6.62616267757081,6.63617789669148,,6.57759482960486,6.51686947995529,6.57389331084881,6.58370602239101,6.47573059445232
1412,Dist L1,1340,5,Additive0.015,1102260,5497,82,6.61182519002226,6.62616267757081,6.64182519002226,,6.57759482960486,6.51686947995529,6.57389331084881,6.58370602239101,6.47573059445232
1413,Oracle,1340,5,Additive0.015,254600,190,19,6.60848266720584,6.62678445680781,6.63848266720584,,6.5776560632221,6.51755325518234,6.57542958750043,6.58367329656403,6.47487396321159
1413,Oracle Vector,1340,5,Additive0.015,3797560,3414,33,6.61486418664337,6.62678445680781,6.64486418664337,,6.5776560632221,6.51755325518234,6.57542958750043,6.58367329656403,6.4748739632116
1413,Value,1340,5,Additive0.015,1062157,5572,79,6.61182519002226,6.62678445680781,6.64182519002226,,6.5776560632221,6.51755325518234,6.57542958750043,6.58367329656403,6.4748739632116
1413,Vector,1340,5,Additive0.015,4730200,4236,44,6.60617789669148,6.62678445680781,6.63617789669148,,6.5776560632221,6.51755325518234,6.57542958750043,6.58367329656403,6.4748739632116
1413,Dist L1,1340,5,Additive0.015,1102260,5497,82,6.61182519002226,6.62678445680781,6.64182519002226,,6.5776560632221,6.51755325518234,6.57542958750043,6.58367329656403,6.4748739632116
1414,Oracle,1340,5,Additive0.015,254600,190,19,6.60848266720584,6.62744472140827,6.63848266720584,,6.57815615443679,6.51794243955624,6.57699149689001,6.58383740793814,6.47451514611633
1414,Oracle Vector,1340,5,Additive0.015,3797560,3414,33,6.61486418664337,6.62744472140826,6.64486418664337,,6.57815615443679,6.51794243955624,6.57699149689001,6.58383740793814,6.47451514611633
1414,Value,1340,5,Additive0.015,1062161,5577,79,6.61182519002226,6.62744472140827,6.64182519002226,,6.57815615443679,6.51794243955624,6.57699149689001,6.58383740793814,6.47451514611633
1414,Vector,1340,5,Additive0.015,4735560,4241,44,6.60617789669148,6.62744472140827,6.63617789669148,,6.57815615443679,6.51794243955624,6.57699149689001,6.58383740793814,6.47451514611633
1414,Dist L1,1340,5,Additive0.015,1102264,5502,82,6.61182519002226,6.62744472140827,6.64182519002226,,6.57815615443679,6.51794243955624,6.57699149689001,6.58383740793814,6.47451514611633
1415,Oracle,1340,5,Additive0.015,254600,190,19,6.60848266720584,6.62794669746058,6.63848266720584,,6.57956153772216,6.51854612642465,6.57757575285714,6.58326017513266,6.47454945439668
1415,Oracle Vector,1340,5,Additive0.015,3797560,3414,33,6.61486418664337,6.62794669746058,6.64486418664337,,6.57956153772216,6.51854612642465,6.57757575285714,6.58326017513266,6.47454945439668
1415,Value,1340,5,Additive0.015,1062161,5577,79,6.61182519002226,6.62794669746058,6.64182519002226,,6.57956153772216,6.51854612642465,6.57757575285714,6.58326017513266,6.47454945439668
1415,Vector,1340,5,Additive0.015,4740920,4246,44,6.60617789669148,6.62794669746058,6.63617789669148,,6.57956153772216,6.51854612642465,6.57757575285714,6.58326017513266,6.47454945439668
1415,Dist L1,1340,5,Additive0.015,1102264,5502,82,6.61182519002226,6.62794669746058,6.64182519002226,,6.57956153772216,6.51854612642465,6.57757575285714,6.58326017513266,6.47454945439668
1416,Oracle,1340,5,Additive0.015,254600,190,19,6.60848266720584,6.62752560979687,6.63848266720584,,6.57987765541234,6.51848431653212,6.57763941967188,6.58188009378637,6.47338823638452
1416,Oracle Vector,1340,5,Additive0.015,3797560,3414,33,6.61486418664337,6.62752560979687,6.64486418664337,,6.57987765541234,6.51848431653212,6.57763941967188,6.58188009378637,6.47338823638452
1416,Value,1340,5,Additive0.015,1062165,5582,79,6.61182519002226,6.62752560979687,6.64182519002226,,6.57987765541234,6.51848431653212,6.57763941967188,6.58188009378637,6.47338823638452
1416,Vector,1340,5,Additive0.015,4751640,4255,44,6.60617789669148,6.62752560979687,6.63617789669148,,6.57987765541234,6.51848431653212,6.57763941967188,6.58188009378637,6.47338823638452
1416,Dist L1,1340,5,Additive0.015,1102270,5509,82,6.61182519002226,6.62752560979687,6.64182519002226,,6.57987765541233,6.51848431653212,6.57763941967188,6.58188009378637,6.47338823638452
1417,Oracle,1340,5,Additive0.015,254600,190,19,6.60848266720584,6.62736127918206,6.63848266720584,,6.58046660748922,6.51830979710719,6.57740147907253,6.58121738534774,6.4723027880467
1417,Value,1340,5,Additive0.015,1062173,5592,79,6.61182519002226,6.62736127918207,6.64182519002226,,6.58046660748922,6.51830979710719,6.57740147907254,6.58121738534774,6.4723027880467
1417,Oracle Vector,1340,5,Additive0.015,3797560,3414,33,6.61486418664337,6.62736127918206,6.64486418664337,,6.58046660748922,6.51830979710719,6.57740147907254,6.58121738534774,6.4723027880467
1417,Vector,1340,5,Additive0.015,4762360,4265,44,6.60617789669148,6.62736127918207,6.63617789669148,,6.58046660748922,6.51830979710719,6.57740147907254,6.58121738534774,6.4723027880467
1417,Dist L1,1340,5,Additive0.015,1102280,5521,82,6.61182519002226,6.62736127918207,6.64182519002226,,6.58046660748922,6.51830979710719,6.57740147907254,6.58121738534774,6.4723027880467
1418,Oracle,1340,5,Additive0.015,254600,190,19,6.60848266720584,6.62793187895038,6.63848266720584,,6.58136887746014,6.51882158537138,6.57853358373224,6.58150676280681,6.47203609243748
1418,Oracle Vector,1340,5,Additive0.015,3802920,3419,33,6.61486418664337,6.62793187895038,6.64486418664337,,6.58136887746014,6.51882158537138,6.57853358373224,6.58150676280681,6.47203609243748
1418,Value,1340,5,Additive0.015,1062177,5597,79,6.61182519002226,6.62793187895038,6.64182519002226,,6.58136887746014,6.51882158537138,6.57853358373224,6.58150676280681,6.47203609243748
1418,Vector,1340,5,Additive0.015,4767720,4270,44,6.60617789669148,6.62793187895038,6.63617789669148,,6.58136887746014,6.51882158537138,6.57853358373224,6.58150676280681,6.47203609243748
1418,Dist L1,1340,5,Additive0.015,1102284,5526,82,6.61182519002226,6.62793187895038,6.64182519002226,,6.58136887746014,6.51882158537138,6.57853358373224,6.58150676280681,6.47203609243748
1419,Oracle,1340,5,Additive0.015,254600,190,19,6.60848266720584,6.62815205270665,6.63848266720584,,6.5818231533428,6.51819691256141,6.57962322407337,6.58112737522612,6.47147538217437
1419,Oracle Vector,1340,5,Additive0.015,3802920,3419,33,6.61486418664337,6.62815205270665,6.64486418664337,,6.5818231533428,6.51819691256141,6.57962322407338,6.58112737522612,6.47147538217438
1419,Vector,1340,5,Additive0.015,4767720,4270,44,6.60617789669148,6.62815205270665,6.63617789669148,,6.5818231533428,6.51819691256141,6.57962322407338,6.58112737522612,6.47147538217437
1419,Value,1340,5,Additive0.015,1062185,5606,79,6.61182519002226,6.62815205270665,6.64182519002226,,6.5818231533428,6.51819691256141,6.57962322407338,6.58112737522612,6.47147538217438
1419,Dist L1,1340,5,Additive0.015,1115689,5548,83,6.61315205270665,6.62815205270665,6.64315205270665,,6.5818231533428,6.51819691256141,6.57962322407338,6.58112737522612,6.47147538217438
1420,Oracle,1340,5,Additive0.015,254600,190,19,6.60848266720584,6.62855687572657,6.63848266720584,,6.5814227161404,6.51881042195986,6.58061480966749,6.58086349924189,6.47116463067331
1420,Oracle Vector,1340,5,Additive0.015,3802920,3419,33,6.61486418664337,6.62855687572656,6.64486418664337,,6.5814227161404,6.51881042195985,6.58061480966749,6.58086349924189,6.47116463067332
1420,Value,1340,5,Additive0.015,1062193,5615,79,6.61182519002226,6.62855687572656,6.64182519002226,,6.5814227161404,6.51881042195985,6.58061480966749,6.58086349924189,6.47116463067332
1420,Vector,1340,5,Additive0.015,4775760,4278,44,6.60617789669148,6.62855687572656,6.63617789669148,,6.5814227161404,6.51881042195985,6.58061480966749,6.58086349924189,6.47116463067332
1420,Dist L1,1340,5,Additive0.015,1115689,5548,83,6.61315205270665,6.62855687572656,6.64315205270665,,6.5814227161404,6.51881042195985,6.58061480966749,6.58086349924189,6.47116463067332
1421,Oracle,1340,5,Additive0.015,254600,190,19,6.60848266720584,6.62855009620181,6.63848266720584,,6.58101795200596,6.51876769348724,6.58144576974896,6.58142742897112,6.4704903075417
1421,Oracle Vector,1340,5,Additive0.015,3802920,3419,33,6.61486418664337,6.62855009620181,6.64486418664337,,6.58101795200596,6.51876769348724,6.58144576974896,6.58142742897112,6.4704903075417
1421,Vector,1340,5,Additive0.015,4781120,4283,44,6.60617789669148,6.62855009620181,6.63617789669148,,6.58101795200596,6.51876769348724,6.58144576974897,6.58142742897112,6.4704903075417
1421,Value,1340,5,Additive0.015,1075598,5636,80,6.61355009620181,6.62855009620181,6.64355009620181,,6.58101795200596,6.51876769348724,6.58144576974897,6.58142742897112,6.4704903075417
1421,Dist L1,1340,5,Additive0.015,1115689,5548,83,6.61315205270665,6.62855009620181,6.64315205270665,,6.58101795200596,6.51876769348724,6.58144576974897,6.58142742897112,6.4704903075417
1422,Oracle,1340,5,Additive0.015,254600,190,19,6.60848266720584,6.62843771255374,6.63848266720584,,6.57995347835912,6.51839789581319,6.58270502616649,6.58177499712242,6.47041401167551
1422,Oracle Vector,1340,5,Additive0.015,3808280,3424,33,6.61486418664337,6.62843771255373,6.64486418664337,,6.57995347835911,6.51839789581319,6.58270502616649,6.58177499712242,6.47041401167551
1422,Value,1340,5,Additive0.015,1075598,5636,80,6.61355009620181,6.62843771255373,6.64355009620181,,6.57995347835911,6.51839789581319,6.58270502616649,6.58177499712242,6.47041401167551
1422,Vector,1340,5,Additive0.015,4794520,4296,44,6.60617789669148,6.62843771255373,6.63617789669148,,6.57995347835911,6.51839789581319,6.58270502616649,6.58177499712242,6.47041401167551
1422,Dist L1,1340,5,Additive0.015,1115689,5548,83,6.61315205270665,6.62843771255373,6.64315205270665,,6.57995347835911,6.51839789581319,6.58270502616649,6.58177499712242,6.47041401167551
1423,Oracle,1340,5,Additive0.015,254600,190,19,6.60848266720584,6.62874658434276,6.63848266720584,,6.57954879373474,6.51821607325503,6.58351247751659,6.5825574103024,6.47056578649736
1423,Oracle Vector,1340,5,Additive0.015,3808280,3424,33,6.61486418664337,6.62874658434276,6.64486418664337,,6.57954879373474,6.51821607325503,6.58351247751659,6.58255741030239,6.47056578649736
1423,Value,1340,5,Additive0.015,1075598,5636,80,6.61355009620181,6.62874658434276,6.64355009620181,,6.57954879373474,6.51821607325503,6.5835124775166,6.5825574103024,6.47056578649736
1423,Vector,1340,5,Additive0.015,4805240,4305,44,6.60617789669148,6.62874658434276,6.63617789669148,,6.57954879373474,6.51821607325503,6.58351247751659,6.5825574103024,6.47056578649736
1423,Dist L1,1340,5,Additive0.015,1115689,5548,83,6.61315205270665,6.62874658434276,6.64315205270665,,6.57954879373474,6.51821607325503,6.5835124775166,6.5825574103024,6.47056578649736
1424,Oracle,1340,5,Additive0.015,254600,190,19,6.60848266720584,6.62853947313967,6.63848266720584,,6.5798953106214,6.51747605089382,6.58284867043294,6.58228132448609,6.47072318047769
1424,Oracle Vector,1340,5,Additive0.015,3808280,3424,33,6.61486418664337,6.62853947313966,6.64486418664337,,6.5798953106214,6.51747605089382,6.58284867043294,6.58228132448609,6.47072318047769
1424,Value,1340,5,Additive0.015,1075598,5636,80,6.61355009620181,6.62853947313966,6.64355009620181,,6.5798953106214,6.51747605089382,6.58284867043294,6.58228132448609,6.47072318047769
1424,Vector,1340,5,Additive0.015,4805240,4305,44,6.60617789669148,6.62853947313966,6.63617789669148,,6.5798953106214,6.51747605089382,6.58284867043294,6.58228132448609,6.47072318047769
1424,Dist L1,1340,5,Additive0.015,1115689,5548,83,6.61315205270665,6.62853947313966,6.64315205270665,,6.5798953106214,6.51747605089382,6.58284867043294,6.58228132448609,6.47072318047769
1425,Oracle,1340,5,Additive0.015,254600,190,19,6.60848266720584,6.62851055329743,6.63848266720584,,6.57905474353672,6.51721170930591,6.58387976374639,6.58284528281804,6.47031593127578
1425,Oracle Vector,1340,5,Additive0.015,3813640,3429,33,6.61486418664337,6.62851055329743,6.64486418664337,,6.57905474353672,6.51721170930591,6.58387976374639,6.58284528281804,6.47031593127578
1425,Value,1340,5,Additive0.015,1075598,5636,80,6.61355009620181,6.62851055329743,6.64355009620181,,6.57905474353672,6.51721170930591,6.58387976374639,6.58284528281804,6.47031593127578
1425,Vector,1340,5,Additive0.015,4810600,4310,44,6.60617789669148,6.62851055329743,6.63617789669148,,6.57905474353672,6.51721170930591,6.58387976374639,6.58284528281804,6.47031593127578
1425,Dist L1,1340,5,Additive0.015,1115689,5548,83,6.61315205270665,6.62851055329743,6.64315205270665,,6.57905474353672,6.51721170930591,6.58387976374639,6.58284528281804,6.47031593127578
1426,Oracle,1340,5,Additive0.015,254600,190,19,6.60848266720584,6.62828448665926,6.63848266720584,,6.57838260949796,6.51646500544939,6.58402046379266,6.58328807278405,6.47125430696464
1426,Oracle Vector,1340,5,Additive0.015,3813640,3429,33,6.61486418664337,6.62828448665927,6.64486418664337,,6.57838260949796,6.51646500544939,6.58402046379266,6.58328807278405,6.47125430696464
1426,Vector,1340,5,Additive0.015,4810600,4310,44,6.60617789669148,6.62828448665927,6.63617789669148,,6.57838260949796,6.51646500544939,6.58402046379266,6.58328807278405,6.47125430696464
1426,Value,1340,5,Additive0.015,1075598,5636,80,6.61355009620181,6.62828448665927,6.64355009620181,,6.57838260949796,6.51646500544939,6.58402046379266,6.58328807278405,6.47125430696464
1426,Dist L1,1340,5,Additive0.015,1115689,5548,83,6.61315205270665,6.62828448665927,6.64315205270665,,6.57838260949796,6.51646500544939,6.58402046379266,6.58328807278405,6.47125430696464
1427,Oracle,1340,5,Additive0.015,254600,190,19,6.60848266720584,6.62804762010963,6.63848266720584,,6.57837880778927,6.51525860352959,6.58386527061477,6.58304605005349,6.47125604760359
1427,Oracle Vector,1340,5,Additive0.015,3813640,3429,33,6.61486418664337,6.62804762010963,6.64486418664337,,6.57837880778927,6.51525860352959,6.58386527061476,6.58304605005349,6.47125604760359
1427,Value,1340,5,Additive0.015,1075598,5636,80,6.61355009620181,6.62804762010963,6.64355009620181,,6.57837880778927,6.51525860352959,6.58386527061476,6.58304605005349,6.47125604760359
1427,Vector,1340,5,Additive0.015,4810600,4310,44,6.60617789669148,6.62804762010963,6.63617789669148,,6.57837880778928,6.51525860352959,6.58386527061476,6.58304605005349,6.47125604760359
1427,Dist L1,1340,5,Additive0.015,1115689,5548,83,6.61315205270665,6.62804762010963,6.64315205270665,,6.57837880778927,6.51525860352959,6.58386527061476,6.58304605005349,6.47125604760359
1428,Oracle,1340,5,Additive0.015,254600,190,19,6.60848266720584,6.62762547758291,6.63848266720584,,6.5780656619527,6.51432743879206,6.58421736733968,6.58280030518542,6.47147033213652
1428,Oracle Vector,1340,5,Additive0.015,3813640,3429,33,6.61486418664337,6.62762547758291,6.64486418664337,,6.5780656619527,6.51432743879206,6.58421736733968,6.58280030518542,6.47147033213652
1428,Value,1340,5,Additive0.015,1075598,5636,80,6.61355009620181,6.62762547758291,6.64355009620181,,6.5780656619527,6.51432743879206,6.58421736733967,6.58280030518542,6.47147033213652
1428,Vector,1340,5,Additive0.015,4818640,4317,44,6.60617789669148,6.62762547758291,6.63617789669148,,6.5780656619527,6.51432743879206,6.58421736733968,6.58280030518542,6.47147033213652
1428,Dist L1,1340,5,Additive0.015,1115689,5548,83,6.61315205270665,6.62762547758291,6.64315205270665,,6.5780656619527,6.51432743879206,6.58421736733967,6.58280030518542,6.47147033213652
1429,Oracle,1340,5,Additive0.015,254600,190,19,6.60848266720584,6.62785801591048,6.63848266720584,,6.57851734784939,6.51428748657898,6.58435972107076,6.58371655431237,6.47172510519643
1429,Oracle Vector,1340,5,Additive0.015,3819000,3434,33,6.61486418664337,6.62785801591048,6.64486418664337,,6.57851734784939,6.51428748657898,6.58435972107076,6.58371655431236,6.47172510519643
1429,Vector,1340,5,Additive0.015,4826680,4324,44,6.60617789669148,6.62785801591048,6.63617789669148,,6.57851734784939,6.51428748657898,6.58435972107076,6.58371655431236,6.47172510519643
1429,Value,1340,5,Additive0.015,1075598,5636,80,6.61355009620181,6.62785801591048,6.64355009620181,,6.57851734784939,6.51428748657898,6.58435972107076,6.58371655431236,6.47172510519643
1429,Dist L1,1340,5,Additive0.015,1115689,5548,83,6.61315205270665,6.62785801591048,6.64315205270665,,6.57851734784939,6.51428748657898,6.58435972107076,6.58371655431236,6.47172510519643
1430,Oracle,1340,5,Additive0.015,254600,190,19,6.60848266720584,6.62812729207286,6.63848266720584,,6.57932901254722,6.51488735911771,6.58481552078357,6.58372359055641,6.4723511251986
1430,Oracle Vector,1340,5,Additive0.015,3819000,3434,33,6.61486418664337,6.62812729207286,6.64486418664337,,6.57932901254723,6.51488735911771,6.58481552078357,6.58372359055641,6.4723511251986
1430,Vector,1340,5,Additive0.015,4826680,4324,44,6.60617789669148,6.62812729207286,6.63617789669148,,6.57932901254723,6.51488735911771,6.58481552078357,6.58372359055641,6.4723511251986
1430,Value,1340,5,Additive0.015,1075598,5636,80,6.61355009620181,6.62812729207286,6.64355009620181,,6.57932901254723,6.51488735911771,6.58481552078357,6.58372359055641,6.4723511251986
1430,Dist L1,1340,5,Additive0.015,1115689,5548,83,6.61315205270665,6.62812729207286,6.64315205270665,,6.57932901254723,6.51488735911771,6.58481552078357,6.58372359055641,6.4723511251986
1431,Oracle,1340,5,Additive0.015,254600,190,19,6.60848266720584,6.62797751650489,6.63848266720584,,6.57934072833117,6.51475570871063,6.58542959780617,6.58394616241874,6.47175467041933
1431,Value,1340,5,Additive0.015,1075598,5636,80,6.61355009620181,6.62797751650489,6.64355009620181,,6.57934072833117,6.51475570871063,6.58542959780617,6.58394616241873,6.47175467041933
1431,Oracle Vector,1340,5,Additive0.015,3832400,3446,33,6.61486418664337,6.62797751650489,6.64486418664337,,6.57934072833116,6.51475570871063,6.58542959780617,6.58394616241873,6.47175467041933
1431,Vector,1340,5,Additive0.015,4837400,4334,44,6.60617789669148,6.62797751650489,6.63617789669148,,6.57934072833117,6.51475570871063,6.58542959780617,6.58394616241873,6.47175467041933
1431,Dist L1,1340,5,Additive0.015,1115689,5548,83,6.61315205270665,6.62797751650489,6.64315205270665,,6.57934072833117,6.51475570871063,6.58542959780617,6.58394616241873,6.47175467041933
1432,Oracle,1340,5,Additive0.015,254600,190,19,6.60848266720584,6.62744990526751,6.63848266720584,,6.57978701791594,6.51370651125892,6.58494384664295,6.58383223749852,6.47123129823864
1432,Oracle Vector,1340,5,Additive0.015,3832400,3446,33,6.61486418664337,6.62744990526751,6.64486418664337,,6.57978701791594,6.51370651125892,6.58494384664295,6.58383223749852,6.47123129823864
1432,Vector,1340,5,Additive0.015,4837400,4334,44,6.60617789669148,6.62744990526751,6.63617789669148,,6.57978701791594,6.51370651125892,6.58494384664295,6.58383223749852,6.47123129823864
1432,Value,1340,5,Additive0.015,1075598,5636,80,6.61355009620181,6.62744990526751,6.64355009620181,,6.57978701791594,6.51370651125892,6.58494384664295,6.58383223749852,6.47123129823864
1432,Dist L1,1340,5,Additive0.015,1115689,5548,83,6.61315205270665,6.62744990526751,6.64315205270665,,6.57978701791594,6.51370651125892,6.58494384664295,6.58383223749852,6.47123129823864
1433,Oracle,1340,5,Additive0.015,254600,190,19,6.60848266720584,6.6271692368567,6.63848266720584,,6.58057934826545,6.51311231505073,6.58489402674391,6.58415306037064,6.47086582294461
1433,Oracle Vector,1340,5,Additive0.015,3832400,3446,33,6.61486418664337,6.6271692368567,6.64486418664337,,6.58057934826545,6.51311231505073,6.58489402674391,6.58415306037064,6.47086582294461
1433,Value,1340,5,Additive0.015,1075598,5636,80,6.61355009620181,6.6271692368567,6.64355009620181,,6.58057934826545,6.51311231505073,6.58489402674391,6.58415306037064,6.47086582294461
1433,Vector,1340,5,Additive0.015,4848120,4344,44,6.60617789669148,6.6271692368567,6.63617789669148,,6.58057934826545,6.51311231505073,6.58489402674391,6.58415306037064,6.47086582294461
1433,Dist L1,1340,5,Additive0.015,1115693,5553,83,6.61315205270665,6.6271692368567,6.64315205270665,,6.58057934826545,6.51311231505073,6.58489402674391,6.58415306037064,6.47086582294461
1434,Oracle,1340,5,Additive0.015,254600,190,19,6.60848266720584,6.62626038462742,6.63848266720584,,6.58023705800549,6.51183344089359,6.58408053006517,6.5834665238454,6.47007223278057
1434,Value,1340,5,Additive0.015,1075602,5641,80,6.61355009620181,6.62626038462742,6.64355009620181,,6.58023705800549,6.51183344089359,6.58408053006517,6.5834665238454,6.47007223278057
1434,Oracle Vector,1340,5,Additive0.015,3832400,3446,33,6.61486418664337,6.62626038462742,6.64486418664337,,6.58023705800549,6.51183344089359,6.58408053006517,6.5834665238454,6.47007223278057
1434,Vector,1340,5,Additive0.015,4848120,4344,44,6.60617789669148,6.62626038462742,6.63617789669148,,6.58023705800549,6.51183344089359,6.58408053006517,6.5834665238454,6.47007223278057
1434,Dist L1,1340,5,Additive0.015,1115699,5560,83,6.61315205270665,6.62626038462742,6.64315205270665,,6.58023705800549,6.51183344089359,6.58408053006517,6.5834665238454,6.47007223278057
1435,Oracle,1340,5,Additive0.015,254600,190,19,6.60848266720584,6.62586226184056,6.63848266720584,,6.58003956923731,6.51162701905568,6.58436518904536,6.58372843282707,6.47090776035432
1435,Oracle Vector,1340,5,Additive0.015,3837760,3451,33,6.61486418664337,6.62586226184056,6.64486418664337,,6.58003956923731,6.51162701905568,6.58436518904536,6.58372843282707,6.47090776035431
1435,Value,1340,5,Additive0.015,1075610,5651,80,6.61355009620181,6.62586226184056,6.64355009620181,,6.58003956923731,6.51162701905568,6.58436518904536,6.58372843282707,6.47090776035431
1435,Vector,1340,5,Additive0.015,4861520,4356,44,6.60617789669148,6.62586226184056,6.63617789669148,,6.58003956923731,6.51162701905568,6.58436518904536,6.58372843282707,6.47090776035431
1435,Dist L1,1340,5,Additive0.015,1115703,5565,83,6.61315205270665,6.62586226184056,6.64315205270665,,6.58003956923731,6.51162701905568,6.58436518904536,6.58372843282707,6.47090776035431
1436,Oracle,1340,5,Additive0.015,254600,190,19,6.60848266720584,6.6246627932305,6.63848266720584,,6.5794573080932,6.50984531684154,6.58393008387622,6.58234580764826,6.46954154653325
1436,Oracle Vector,1340,5,Additive0.015,3837760,3451,33,6.61486418664337,6.6246627932305,6.64486418664337,,6.5794573080932,6.50984531684154,6.58393008387622,6.58234580764826,6.46954154653325
1436,Vector,1340,5,Additive0.015,4861520,4356,44,6.60617789669148,6.6246627932305,6.63617789669148,,6.5794573080932,6.50984531684154,6.58393008387622,6.58234580764826,6.46954154653325
1436,Value,1340,5,Additive0.015,1075620,5662,80,6.61355009620181,6.6246627932305,6.64355009620181,,6.5794573080932,6.50984531684154,6.58393008387622,6.58234580764826,6.46954154653325
1436,Dist L1,1340,5,Additive0.015,1115711,5575,83,6.61315205270665,6.6246627932305,6.64315205270665,,6.5794573080932,6.50984531684154,6.58393008387622,6.58234580764826,6.46954154653325
1437,Oracle,1340,5,Additive0.015,254600,190,19,6.60848266720584,6.62416801797047,6.63848266720584,,6.57908682024082,6.50869732504239,6.5844333110249,6.58151435044848,6.46940140066776
1437,Oracle Vector,1340,5,Additive0.015,3837760,3451,33,6.61486418664337,6.62416801797047,6.64486418664337,,6.57908682024082,6.50869732504239,6.5844333110249,6.58151435044848,6.46940140066776
1437,Vector,1340,5,Additive0.015,4861520,4356,44,6.60617789669148,6.62416801797047,6.63617789669148,,6.57908682024081,6.50869732504239,6.5844333110249,6.58151435044848,6.46940140066776
1437,Value,1340,5,Additive0.015,1089025,5683,81,6.60916801797048,6.62416801797047,6.63916801797047,,6.57908682024081,6.50869732504239,6.5844333110249,6.58151435044848,6.46940140066776
1437,Dist L1,1340,5,Additive0.015,1129116,5596,84,6.60916801797048,6.62416801797047,6.63916801797047,,6.57908682024081,6.50869732504239,6.5844333110249,6.58151435044848,6.46940140066776
1438,Oracle,1340,5,Additive0.015,254600,190,19,6.60848266720584,6.62408899241275,6.63848266720584,,6.57966021279934,6.50955694468284,6.58494238290818,6.58050351383194,6.46893596170362
1438,Oracle Vector,1340,5,Additive0.015,3843120,3456,33,6.61486418664337,6.62408899241275,6.64486418664337,,6.57966021279934,6.50955694468284,6.58494238290818,6.58050351383194,6.46893596170362
1438,Vector,1340,5,Additive0.015,4861520,4356,44,6.60617789669148,6.62408899241275,6.63617789669148,,6.57966021279934,6.50955694468284,6.58494238290818,6.58050351383194,6.46893596170362
1438,Value,1340,5,Additive0.015,1089025,5683,81,6.60916801797048,6.62408899241275,6.63916801797047,,6.57966021279934,6.50955694468284,6.58494238290818,6.58050351383194,6.46893596170362
1438,Dist L1,1340,5,Additive0.015,1129116,5596,84,6.60916801797048,6.62408899241275,6.63916801797047,,6.57966021279934,6.50955694468284,6.58494238290818,6.58050351383194,6.46893596170362
1439,Oracle,1340,5,Additive0.015,254600,190,19,6.60848266720584,6.62306845457189,6.63848266720584,,6.57930391680892,6.50775252232618,6.58474807704062,6.57900646260306,6.46803192244765
1439,Oracle Vector,1340,5,Additive0.015,3843120,3456,33,6.61486418664337,6.62306845457189,6.64486418664337,,6.57930391680892,6.50775252232618,6.58474807704063,6.57900646260306,6.46803192244765
1439,Value,1340,5,Additive0.015,1089025,5683,81,6.60916801797048,6.62306845457189,6.63916801797047,,6.57930391680892,6.50775252232618,6.58474807704063,6.57900646260306,6.46803192244765
1439,Vector,1340,5,Additive0.015,4866880,4361,44,6.60617789669148,6.62306845457189,6.63617789669148,,6.57930391680892,6.50775252232618,6.58474807704063,6.57900646260306,6.46803192244765
1439,Dist L1,1340,5,Additive0.015,1129116,5596,84,6.60916801797048,6.62306845457189,6.63916801797047,,6.57930391680892,6.50775252232618,6.58474807704063,6.57900646260306,6.46803192244765
1440,Oracle,1340,5,Additive0.015,254600,190,19,6.60848266720584,6.6221675802218,6.63848266720584,,6.5779678553443,6.5062798321611,6.58440373861618,6.57794141448127,6.46601424928523
1440,Value,1340,5,Additive0.015,1089025,5683,81,6.60916801797048,6.6221675802218,6.63916801797047,,6.57796785534431,6.5062798321611,6.58440373861618,6.57794141448127,6.46601424928523
1440,Oracle Vector,1340,5,Additive0.015,3851160,3463,33,6.61486418664337,6.6221675802218,6.64486418664337,,6.57796785534431,6.5062798321611,6.58440373861618,6.57794141448127,6.46601424928523
1440,Vector,1340,5,Additive0.015,4872240,4366,44,6.60617789669148,6.6221675802218,6.63617789669148,,6.57796785534431,6.5062798321611,6.58440373861618,6.57794141448127,6.46601424928523
1440,Dist L1,1340,5,Additive0.015,1129116,5596,84,6.60916801797048,6.6221675802218,6.63916801797047,,6.57796785534431,6.5062798321611,6.58440373861618,6.57794141448127,6.46601424928523
1441,Oracle,1340,5,Additive0.015,254600,190,19,6.60848266720584,6.62141767932231,6.63848266720584,,6.5774703491346,6.50510213038963,6.58410722634071,6.57650644658432,6.46567689103293
1441,Oracle Vector,1340,5,Additive0.015,3851160,3463,33,6.61486418664337,6.62141767932231,6.64486418664337,,6.5774703491346,6.50510213038963,6.58410722634071,6.57650644658432,6.46567689103293
1441,Value,1340,5,Additive0.015,1089025,5683,81,6.60916801797048,6.62141767932231,6.63916801797047,,6.5774703491346,6.50510213038963,6.58410722634071,6.57650644658432,6.46567689103293
1441,Vector,1340,5,Additive0.015,4880280,4373,44,6.60617789669148,6.62141767932231,6.63617789669148,,6.5774703491346,6.50510213038963,6.58410722634071,6.57650644658432,6.46567689103293
1441,Dist L1,1340,5,Additive0.015,1129116,5596,84,6.60916801797048,6.62141767932231,6.63916801797047,,6.5774703491346,6.50510213038963,6.58410722634071,6.57650644658432,6.46567689103293
1442,Oracle,1340,5,Additive0.015,254600,190,19,6.60848266720584,6.62061161986726,6.63848266720584,,6.57679968226372,6.50401617699732,6.58384438998802,6.57472568354486,6.46485201658979
1442,Oracle Vector,1340,5,Additive0.015,3856520,3468,33,6.61486418664337,6.62061161986726,6.64486418664337,,6.57679968226372,6.50401617699732,6.58384438998802,6.57472568354486,6.46485201658979
1442,Value,1340,5,Additive0.015,1089025,5683,81,6.60916801797048,6.62061161986726,6.63916801797047,,6.57679968226372,6.50401617699732,6.58384438998802,6.57472568354486,6.46485201658979
1442,Vector,1340,5,Additive0.015,4885640,4378,44,6.60617789669148,6.62061161986726,6.63617789669148,,6.57679968226372,6.50401617699732,6.58384438998802,6.57472568354486,6.46485201658979
1442,Dist L1,1340,5,Additive0.015,1129116,5596,84,6.60916801797048,6.62061161986726,6.63916801797047,,6.57679968226372,6.50401617699732,6.58384438998802,6.57472568354486,6.46485201658979
1443,Oracle,1340,5,Additive0.015,254600,190,19,6.60848266720584,6.62037061614095,6.63848266720584,,6.57596358922956,6.50281901597569,6.58358070264463,6.57427328160402,6.46515166245849
1443,Oracle Vector,1340,5,Additive0.015,3856520,3468,33,6.61486418664337,6.62037061614095,6.64486418664337,,6.57596358922955,6.50281901597569,6.58358070264463,6.57427328160402,6.46515166245848
1443,Value,1340,5,Additive0.015,1089025,5683,81,6.60916801797048,6.62037061614095,6.63916801797047,,6.57596358922955,6.50281901597569,6.58358070264463,6.57427328160402,6.46515166245848
1443,Vector,1340,5,Additive0.015,4891000,4383,44,6.60617789669148,6.62037061614095,6.63617789669148,,6.57596358922955,6.50281901597569,6.58358070264463,6.57427328160402,6.46515166245848
1443,Dist L1,1340,5,Additive0.015,1129116,5596,84,6.60916801797048,6.62037061614095,6.63916801797047,,6.57596358922955,6.50281901597569,6.58358070264463,6.57427328160402,6.46515166245848
1444,Oracle,1340,5,Additive0.015,254600,190,19,6.60848266720584,6.62026500167861,6.63848266720584,,6.57580050439597,6.50248116895145,6.58357631469027,6.57399090943139,6.46537088092518
1444,Oracle Vector,1340,5,Additive0.015,3861880,3473,33,6.61486418664337,6.62026500167861,6.64486418664337,,6.57580050439598,6.50248116895145,6.58357631469027,6.57399090943139,6.46537088092518
1444,Value,1340,5,Additive0.015,1089029,5688,81,6.60916801797048,6.62026500167861,6.63916801797047,,6.57580050439598,6.50248116895145,6.58357631469027,6.57399090943139,6.46537088092518
1444,Vector,1340,5,Additive0.015,4896360,4388,44,6.60617789669148,6.62026500167861,6.63617789669148,,6.57580050439598,6.50248116895146,6.58357631469027,6.57399090943139,6.46537088092518
1444,Dist L1,1340,5,Additive0.015,1129120,5601,84,6.60916801797048,6.62026500167861,6.63916801797047,,6.57580050439598,6.50248116895146,6.58357631469027,6.57399090943139,6.46537088092518
1445,Oracle,1340,5,Additive0.015,254600,190,19,6.60848266720584,6.61923890126884,6.63848266720584,,6.57515166558929,6.50192871666071,6.58297176814943,6.57280220633048,6.46358947242221
1445,Oracle Vector,1340,5,Additive0.015,3869920,3480,33,6.61486418664337,6.61923890126884,6.64486418664337,,6.57515166558929,6.50192871666072,6.58297176814943,6.57280220633048,6.46358947242221
1445,Value,1340,5,Additive0.015,1089033,5693,81,6.60916801797048,6.61923890126884,6.63916801797047,,6.57515166558929,6.50192871666072,6.58297176814943,6.57280220633048,6.46358947242221
1445,Vector,1340,5,Additive0.015,4904400,4395,44,6.60617789669148,6.61923890126884,6.63617789669148,,6.57515166558929,6.50192871666072,6.58297176814943,6.57280220633048,6.46358947242221
1445,Dist L1,1340,5,Additive0.015,1129124,5606,84,6.60916801797048,6.61923890126884,6.63916801797047,,6.57515166558929,6.50192871666071,6.58297176814943,6.57280220633048,6.46358947242221
1446,Oracle,1340,5,Additive0.015,254600,190,19,6.60848266720584,6.61799925782016,6.63848266720584,,6.57407134674609,6.50043532408735,6.58261009674996,6.57138239278874,6.46230302874907
1446,Value,1340,5,Additive0.015,1089037,5698,81,6.60916801797048,6.61799925782016,6.63916801797047,,6.57407134674609,6.50043532408735,6.58261009674996,6.57138239278874,6.46230302874907
1446,Oracle Vector,1340,5,Additive0.015,3877960,3487,33,6.61486418664337,6.61799925782016,6.64486418664337,,6.57407134674609,6.50043532408735,6.58261009674997,6.57138239278874,6.46230302874907
1446,Vector,1340,5,Additive0.015,4915120,4405,44,6.60617789669148,6.61799925782016,6.63617789669148,,6.5740713467461,6.50043532408735,6.58261009674997,6.57138239278874,6.46230302874907
1446,Dist L1,1340,5,Additive0.015,1129134,5618,84,6.60916801797048,6.61799925782016,6.63916801797047,,6.5740713467461,6.50043532408735,6.58261009674996,6.57138239278874,6.46230302874907
1447,Oracle,1340,5,Additive0.015,254600,190,19,6.60848266720584,6.61701939591988,6.63848266720584,,6.57250222681694,6.49837662155006,6.58246720924886,6.56971086706472,6.46137337794418
1447,Oracle Vector,1340,5,Additive0.015,3886000,3494,33,6.61486418664337,6.61701939591988,6.64486418664337,,6.57250222681694,6.49837662155006,6.58246720924886,6.56971086706472,6.46137337794418
1447,Vector,1340,5,Additive0.015,4920480,4410,44,6.60617789669148,6.61701939591988,6.63617789669148,,6.57250222681694,6.49837662155006,6.58246720924886,6.56971086706472,6.46137337794418
1447,Value,1340,5,Additive0.015,1102442,5721,82,6.60201939591988,6.61701939591988,6.63201939591988,,6.57250222681694,6.49837662155006,6.58246720924886,6.56971086706472,6.46137337794418
1447,Dist L1,1340,5,Additive0.015,1142539,5640,85,6.60201939591988,6.61701939591988,6.63201939591988,,6.57250222681694,6.49837662155006,6.58246720924886,6.56971086706472,6.46137337794418
1448,Oracle,1340,5,Additive0.015,254600,190,19,6.60848266720584,6.6161256281909,6.63848266720584,,6.57030280911105,6.49738473050241,6.58192432435592,6.56820945775275,6.46073835351462
1448,Value,1340,5,Additive0.015,1102442,5721,82,6.60201939591988,6.6161256281909,6.63201939591988,,6.57030280911105,6.49738473050241,6.58192432435592,6.56820945775275,6.46073835351462
1448,Vector,1340,5,Additive0.015,4925840,4415,44,6.60617789669148,6.6161256281909,6.63617789669148,,6.57030280911105,6.49738473050241,6.58192432435592,6.56820945775275,6.46073835351462
1448,Oracle Vector,1340,5,Additive0.015,3904760,3512,33,6.61486418664337,6.6161256281909,6.64486418664337,,6.57030280911105,6.49738473050241,6.58192432435592,6.56820945775275,6.46073835351462
1448,Dist L1,1340,5,Additive0.015,1142539,5640,85,6.60201939591988,6.6161256281909,6.63201939591988,,6.57030280911105,6.49738473050241,6.58192432435592,6.56820945775275,6.46073835351462
1449,Oracle,1340,5,Additive0.015,254600,190,19,6.60848266720584,6.61512037945008,6.63848266720584,,6.56983891041546,6.49623091199877,6.58079887457937,6.56699559670242,6.46041153111684
1449,Value,1340,5,Additive0.015,1102442,5721,82,6.60201939591988,6.61512037945008,6.63201939591988,,6.56983891041546,6.49623091199877,6.58079887457937,6.56699559670242,6.46041153111684
1449,Oracle Vector,1340,5,Additive0.015,3912800,3520,33,6.61486418664337,6.61512037945008,6.64486418664337,,6.56983891041546,6.49623091199877,6.58079887457937,6.56699559670242,6.46041153111684
1449,Vector,1340,5,Additive0.015,4933880,4422,44,6.60617789669148,6.61512037945008,6.63617789669148,,6.56983891041546,6.49623091199877,6.58079887457937,6.56699559670242,6.46041153111684
1449,Dist L1,1340,5,Additive0.015,1142539,5640,85,6.60201939591988,6.61512037945008,6.63201939591988,,6.56983891041546,6.49623091199877,6.58079887457937,6.56699559670242,6.46041153111684
1450,Oracle,1340,5,Additive0.015,254600,190,19,6.60848266720584,6.61512842964508,6.63848266720584,,6.57011163625318,6.49736903491605,6.58120972047088,6.56583805687543,6.4605425278876
1450,Oracle Vector,1340,5,Additive0.015,3923520,3529,33,6.61486418664337,6.61512842964508,6.64486418664337,,6.57011163625318,6.49736903491605,6.58120972047088,6.56583805687543,6.4605425278876
1450,Value,1340,5,Additive0.015,1102442,5721,82,6.60201939591988,6.61512842964508,6.63201939591988,,6.57011163625318,6.49736903491605,6.58120972047088,6.56583805687543,6.4605425278876
1450,Vector,1340,5,Additive0.015,4939240,4427,44,6.60617789669148,6.61512842964508,6.63617789669148,,6.57011163625318,6.49736903491605,6.58120972047088,6.56583805687543,6.4605425278876
1450,Dist L1,1340,5,Additive0.015,1142539,5640,85,6.60201939591988,6.61512842964508,6.63201939591988,,6.57011163625318,6.49736903491605,6.58120972047088,6.56583805687543,6.4605425278876
1451,Oracle,1340,5,Additive0.015,254600,190,19,6.60848266720584,6.61406070558462,6.63848266720584,,6.56898710642841,6.49640797045749,6.58069723115652,6.5645236722417,6.46087757169625
1451,Value,1340,5,Additive0.015,1102442,5721,82,6.60201939591988,6.61406070558462,6.63201939591988,,6.56898710642841,6.49640797045749,6.58069723115652,6.56452367224169,6.46087757169625
1451,Oracle Vector,1340,5,Additive0.015,3936920,3539,34,6.59906070558462,6.61406070558462,6.62906070558461,,6.56898710642841,6.49640797045749,6.58069723115652,6.56452367224169,6.46087757169625
1451,Vector,1340,5,Additive0.015,4944600,4432,44,6.60617789669148,6.61406070558461,6.63617789669148,,6.56898710642841,6.49640797045749,6.58069723115652,6.56452367224169,6.46087757169625
1451,Dist L1,1340,5,Additive0.015,1142539,5640,85,6.60201939591988,6.61406070558462,6.63201939591988,,6.56898710642841,6.49640797045749,6.58069723115652,6.56452367224169,6.46087757169625
1452,Oracle,1340,5,Additive0.015,254600,190,19,6.60848266720584,6.61380744571334,6.63848266720584,,6.56933038384427,6.49627289935556,6.58046446113129,6.5640911563976,6.46135642356901
1452,Oracle Vector,1340,5,Additive0.015,3936920,3539,34,6.59906070558462,6.61380744571334,6.62906070558461,,6.56933038384427,6.49627289935556,6.58046446113128,6.5640911563976,6.46135642356901
1452,Value,1340,5,Additive0.015,1102442,5721,82,6.60201939591988,6.61380744571334,6.63201939591988,,6.56933038384427,6.49627289935556,6.58046446113128,6.5640911563976,6.46135642356901
1452,Vector,1340,5,Additive0.015,4944600,4432,44,6.60617789669148,6.61380744571334,6.63617789669148,,6.56933038384427,6.49627289935556,6.58046446113128,6.5640911563976,6.46135642356901
1452,Dist L1,1340,5,Additive0.015,1142539,5640,85,6.60201939591988,6.61380744571334,6.63201939591988,,6.56933038384427,6.49627289935556,6.58046446113128,6.5640911563976,6.46135642356901
1453,Oracle,1340,5,Additive0.015,254600,190,19,6.60848266720584,6.61335562096251,6.63848266720584,,6.56791358887372,6.49616199995641,6.57998333889664,6.56369367611489,6.46303999332598
1453,Oracle Vector,1340,5,Additive0.015,3936920,3539,34,6.59906070558462,6.6133556209625,6.62906070558461,,6.56791358887372,6.49616199995641,6.57998333889664,6.56369367611489,6.46303999332598
1453,Value,1340,5,Additive0.015,1102442,5721,82,6.60201939591988,6.6133556209625,6.63201939591988,,6.56791358887372,6.49616199995641,6.57998333889664,6.5636936761149,6.46303999332598
1453,Vector,1340,5,Additive0.015,4949960,4437,44,6.60617789669148,6.6133556209625,6.63617789669148,,6.56791358887372,6.49616199995641,6.57998333889664,6.56369367611489,6.46303999332598
1453,Dist L1,1340,5,Additive0.015,1142539,5640,85,6.60201939591988,6.6133556209625,6.63201939591988,,6.56791358887372,6.49616199995641,6.57998333889664,6.5636936761149,6.46303999332598
1454,Oracle,1340,5,Additive0.015,254600,190,19,6.60848266720584,6.61243401926973,6.63848266720584,,6.56787581183275,6.496019920646,6.57913777437381,6.56284155088691,6.46258255382012
1454,Oracle Vector,1340,5,Additive0.015,3936920,3539,34,6.59906070558462,6.61243401926973,6.62906070558461,,6.56787581183275,6.496019920646,6.57913777437381,6.56284155088691,6.46258255382012
1454,Value,1340,5,Additive0.015,1102446,5726,82,6.60201939591988,6.61243401926973,6.63201939591988,,6.56787581183275,6.496019920646,6.57913777437381,6.56284155088691,6.46258255382012
1454,Vector,1340,5,Additive0.015,4955320,4442,44,6.60617789669148,6.61243401926973,6.63617789669148,,6.56787581183275,6.496019920646,6.57913777437381,6.56284155088691,6.46258255382012
1454,Dist L1,1340,5,Additive0.015,1142543,5645,85,6.60201939591988,6.61243401926973,6.63201939591988,,6.56787581183275,6.496019920646,6.57913777437381,6.56284155088691,6.46258255382012
1455,Oracle,1340,5,Additive0.015,254600,190,19,6.60848266720584,6.61068414034285,6.63848266720584,,6.56590169837516,6.49426260590397,6.57756832782521,6.5621802334908,6.46317355508384
1455,Oracle Vector,1340,5,Additive0.015,3936920,3539,34,6.59906070558462,6.61068414034285,6.62906070558461,,6.56590169837516,6.49426260590397,6.57756832782521,6.5621802334908,6.46317355508384
1455,Value,1340,5,Additive0.015,1102450,5731,82,6.60201939591988,6.61068414034285,6.63201939591988,,6.56590169837516,6.49426260590397,6.57756832782521,6.5621802334908,6.46317355508384
1455,Vector,1340,5,Additive0.015,4966040,4451,44,6.60617789669148,6.61068414034285,6.63617789669148,,6.56590169837516,6.49426260590397,6.57756832782521,6.5621802334908,6.46317355508384
1455,Dist L1,1340,5,Additive0.015,1142551,5655,85,6.60201939591988,6.61068414034285,6.63201939591988,,6.56590169837516,6.49426260590397,6.57756832782521,6.5621802334908,6.46317355508384
1456,Oracle,1340,5,Additive0.015,254600,190,19,6.60848266720584,6.60930487251981,6.63848266720584,,6.56440830238275,6.49339526120481,6.57660639974675,6.56160969916231,6.46375429466425
1456,Oracle Vector,1340,5,Additive0.015,3936920,3539,34,6.59906070558462,6.6093048725198,6.62906070558461,,6.56440830238275,6.49339526120481,6.57660639974675,6.56160969916231,6.46375429466425
1456,Vector,1340,5,Additive0.015,4979440,4461,45,6.59430487251981,6.6093048725198,6.6243048725198,,6.56440830238275,6.49339526120481,6.57660639974675,6.56160969916231,6.46375429466425
1456,Value,1340,5,Additive0.015,1115855,5753,83,6.59430487251981,6.60930487251981,6.62430487251981,,6.56440830238275,6.49339526120481,6.57660639974675,6.56160969916231,6.46375429466425
1456,Dist L1,1340,5,Additive0.015,1155956,5678,86,6.59430487251981,6.60930487251981,6.62430487251981,,6.56440830238275,6.49339526120481,6.57660639974675,6.56160969916231,6.46375429466425
1457,Oracle,1340,5,Additive0.015,268000,200,20,6.59304902172507,6.60804902172507,6.62304902172507,,6.56299531154162,6.49211696474431,6.57605813470133,6.5604145829059,6.46405659872607
1457,Oracle Vector,1340,5,Additive0.015,3936920,3539,34,6.59906070558462,6.60804902172507,6.62906070558461,,6.56299531154162,6.49211696474431,6.57605813470134,6.56041458290591,6.46405659872607
1457,Vector,1340,5,Additive0.015,4979440,4461,45,6.59430487251981,6.60804902172507,6.6243048725198,,6.56299531154162,6.49211696474432,6.57605813470134,6.56041458290591,6.46405659872607
1457,Value,1340,5,Additive0.015,1115855,5753,83,6.59430487251981,6.60804902172507,6.62430487251981,,6.56299531154162,6.49211696474432,6.57605813470134,6.56041458290591,6.46405659872607
1457,Dist L1,1340,5,Additive0.015,1155956,5678,86,6.59430487251981,6.60804902172508,6.62430487251981,,6.56299531154162,6.49211696474432,6.57605813470134,6.56041458290591,6.46405659872607
1458,Oracle,1340,5,Additive0.015,268000,200,20,6.59304902172507,6.60587161827831,6.62304902172507,,6.56165258445683,6.49014965035551,6.57463383925507,6.55859252625368,6.46308035131731
1458,Oracle Vector,1340,5,Additive0.015,3942280,3544,34,6.59906070558462,6.60587161827831,6.62906070558461,,6.56165258445683,6.49014965035551,6.57463383925507,6.55859252625368,6.46308035131731
1458,Vector,1340,5,Additive0.015,4979440,4461,45,6.59430487251981,6.60587161827831,6.6243048725198,,6.56165258445683,6.49014965035551,6.57463383925507,6.55859252625368,6.46308035131731
1458,Value,1340,5,Additive0.015,1115855,5753,83,6.59430487251981,6.60587161827831,6.62430487251981,,6.56165258445683,6.49014965035551,6.57463383925507,6.55859252625368,6.46308035131731
1458,Dist L1,1340,5,Additive0.015,1155956,5678,86,6.59430487251981,6.60587161827831,6.62430487251981,,6.56165258445683,6.49014965035551,6.57463383925507,6.55859252625368,6.46308035131731
1459,Oracle,1340,5,Additive0.015,268000,200,20,6.59304902172507,6.6033147481532,6.62304902172507,,6.55917502416739,6.48784321263304,6.57264683647695,6.5563587302547,6.46258447058147
1459,Oracle Vector,1340,5,Additive0.015,3947640,3549,34,6.59906070558462,6.6033147481532,6.62906070558461,,6.55917502416739,6.48784321263304,6.57264683647695,6.5563587302547,6.46258447058147
1459,Vector,1340,5,Additive0.015,4979440,4461,45,6.59430487251981,6.6033147481532,6.6243048725198,,6.55917502416739,6.48784321263304,6.57264683647695,6.5563587302547,6.46258447058147
1459,Value,1340,5,Additive0.015,1115855,5753,83,6.59430487251981,6.6033147481532,6.62430487251981,,6.55917502416739,6.48784321263304,6.57264683647695,6.5563587302547,6.46258447058147
1459,Dist L1,1340,5,Additive0.015,1155956,5678,86,6.59430487251981,6.6033147481532,6.62430487251981,,6.55917502416739,6.48784321263304,6.57264683647695,6.5563587302547,6.46258447058147
1460,Oracle,1340,5,Additive0.015,268000,200,20,6.59304902172507,6.60201924747688,6.62304902172507,,6.5579854050513,6.48646043764748,6.57165220293002,6.55537012272793,6.4612622507786
1460,Oracle Vector,1340,5,Additive0.015,3953000,3554,34,6.59906070558462,6.60201924747688,6.62906070558461,,6.55798540505129,6.48646043764748,6.57165220293002,6.55537012272794,6.46126225077859
1460,Value,1340,5,Additive0.015,1115855,5753,83,6.59430487251981,6.60201924747688,6.62430487251981,,6.55798540505129,6.48646043764747,6.57165220293002,6.55537012272794,6.46126225077859
1460,Vector,1340,5,Additive0.015,4979440,4461,45,6.59430487251981,6.60201924747688,6.6243048725198,,6.55798540505129,6.48646043764747,6.57165220293002,6.55537012272794,6.46126225077859
1460,Dist L1,1340,5,Additive0.015,1155956,5678,86,6.59430487251981,6.60201924747688,6.62430487251981,,6.55798540505129,6.48646043764747,6.57165220293002,6.55537012272794,6.46126225077859
1461,Oracle,1340,5,Additive0.015,268000,200,20,6.59304902172507,6.60139014422654,6.62304902172507,,6.55812902346442,6.48543327347717,6.57157071902525,6.55442894531298,6.46012570127093
1461,Value,1340,5,Additive0.015,1115863,5763,83,6.59430487251981,6.60139014422654,6.62430487251981,,6.55812902346442,6.48543327347716,6.57157071902525,6.55442894531298,6.46012570127093
1461,Oracle Vector,1340,5,Additive0.015,3953000,3554,34,6.59906070558462,6.60139014422654,6.62906070558461,,6.55812902346442,6.48543327347716,6.57157071902525,6.55442894531297,6.46012570127093
1461,Vector,1340,5,Additive0.015,4987480,4468,45,6.59430487251981,6.60139014422654,6.6243048725198,,6.55812902346442,6.48543327347716,6.57157071902525,6.55442894531298,6.46012570127093
1461,Dist L1,1340,5,Additive0.015,1155964,5688,86,6.59430487251981,6.60139014422654,6.62430487251981,,6.55812902346442,6.48543327347716,6.57157071902525,6.55442894531298,6.46012570127093
1462,Oracle,1340,5,Additive0.015,268000,200,20,6.59304902172507,6.60156833445574,6.62304902172507,,6.55806904175699,6.48610951235097,6.57261393517863,6.55392712250736,6.46041291590755
1462,Value,1340,5,Additive0.015,1115867,5768,83,6.59430487251981,6.60156833445574,6.62430487251981,,6.558069041757,6.48610951235098,6.57261393517863,6.55392712250736,6.46041291590755
1462,Oracle Vector,1340,5,Additive0.015,3958360,3559,34,6.59906070558462,6.60156833445574,6.62906070558461,,6.558069041757,6.48610951235098,6.57261393517863,6.55392712250736,6.46041291590755
1462,Vector,1340,5,Additive0.015,4987480,4468,45,6.59430487251981,6.60156833445574,6.6243048725198,,6.558069041757,6.48610951235098,6.57261393517863,6.55392712250736,6.46041291590755
1462,Dist L1,1340,5,Additive0.015,1155968,5693,86,6.59430487251981,6.60156833445574,6.62430487251981,,6.558069041757,6.48610951235098,6.57261393517863,6.55392712250736,6.46041291590755
1463,Oracle,1340,5,Additive0.015,268000,200,20,6.59304902172507,6.60077260740138,6.62304902172507,,6.55834144497291,6.4854931890851,6.57131180284334,6.55308446839921,6.459708486691
1463,Oracle Vector,1340,5,Additive0.015,3966400,3566,34,6.59906070558462,6.60077260740138,6.62906070558461,,6.55834144497291,6.4854931890851,6.57131180284334,6.55308446839921,6.459708486691
1463,Vector,1340,5,Additive0.015,4992840,4473,45,6.59430487251981,6.60077260740138,6.6243048725198,,6.55834144497291,6.4854931890851,6.57131180284334,6.55308446839921,6.459708486691
1463,Value,1340,5,Additive0.015,1129272,5790,84,6.58577260740138,6.60077260740138,6.61577260740138,,6.55834144497291,6.4854931890851,6.57131180284334,6.55308446839921,6.459708486691
1463,Dist L1,1340,5,Additive0.015,1169373,5716,87,6.58577260740138,6.60077260740138,6.61577260740138,,6.55834144497291,6.4854931890851,6.57131180284334,6.55308446839921,6.459708486691
1464,Oracle,1340,5,Additive0.015,268000,200,20,6.59304902172507,6.59974393681756,6.62304902172507,,6.55813518737626,6.48475958699233,6.57077863638712,6.5521059223663,6.45850297582485
1464,Oracle Vector,1340,5,Additive0.015,3979800,3577,34,6.59906070558462,6.59974393681756,6.62906070558461,,6.55813518737626,6.48475958699233,6.57077863638712,6.5521059223663,6.45850297582484
1464,Value,1340,5,Additive0.015,1129272,5790,84,6.58577260740138,6.59974393681756,6.61577260740138,,6.55813518737626,6.48475958699233,6.57077863638712,6.5521059223663,6.45850297582485
1464,Vector,1340,5,Additive0.015,5003560,4482,45,6.59430487251981,6.59974393681756,6.6243048725198,,6.55813518737625,6.48475958699233,6.57077863638712,6.5521059223663,6.45850297582485
1464,Dist L1,1340,5,Additive0.015,1169373,5716,87,6.58577260740138,6.59974393681756,6.61577260740138,,6.55813518737626,6.48475958699233,6.57077863638712,6.5521059223663,6.45850297582485
1465,Oracle,1340,5,Additive0.015,268000,200,20,6.59304902172507,6.59863156251965,6.62304902172507,,6.55629610894519,6.48309327009599,6.56954573381827,6.55129638881034,6.45772721725801
1465,Value,1340,5,Additive0.015,1129272,5790,84,6.58577260740138,6.59863156251966,6.61577260740138,,6.55629610894519,6.48309327009599,6.56954573381828,6.55129638881034,6.45772721725801
1465,Oracle Vector,1340,5,Additive0.015,3993200,3589,35,6.58363156251966,6.59863156251966,6.61363156251966,,6.55629610894519,6.48309327009599,6.56954573381827,6.55129638881034,6.45772721725801
1465,Vector,1340,5,Additive0.015,5016960,4493,45,6.59430487251981,6.59863156251966,6.6243048725198,,6.55629610894519,6.48309327009599,6.56954573381828,6.55129638881034,6.45772721725801
1465,Dist L1,1340,5,Additive0.015,1169373,5716,87,6.58577260740138,6.59863156251966,6.61577260740138,,6.55629610894519,6.48309327009599,6.56954573381828,6.55129638881034,6.45772721725801
1466,Oracle,1340,5,Additive0.015,268000,200,20,6.59304902172507,6.5979938709626,6.62304902172507,,6.55489591119786,6.4831749070172,6.56899429943647,6.55136231230471,6.45732707653409
1466,Oracle Vector,1340,5,Additive0.015,3993200,3589,35,6.58363156251966,6.5979938709626,6.61363156251966,,6.55489591119787,6.4831749070172,6.56899429943647,6.55136231230471,6.45732707653409
1466,Value,1340,5,Additive0.015,1129272,5790,84,6.58577260740138,6.5979938709626,6.61577260740138,,6.55489591119787,6.4831749070172,6.56899429943647,6.55136231230471,6.45732707653409
1466,Vector,1340,5,Additive0.015,5030360,4504,45,6.59430487251981,6.5979938709626,6.6243048725198,,6.55489591119787,6.4831749070172,6.56899429943647,6.55136231230471,6.45732707653409
1466,Dist L1,1340,5,Additive0.015,1169373,5716,87,6.58577260740138,6.5979938709626,6.61577260740138,,6.55489591119787,6.4831749070172,6.56899429943647,6.55136231230471,6.45732707653409
1467,Oracle,1340,5,Additive0.015,268000,200,20,6.59304902172507,6.59717191538066,6.62304902172507,,6.55372604386167,6.48284694815895,6.56873852573153,6.55085226240732,6.45721639599096
1467,Oracle Vector,1340,5,Additive0.015,3993200,3589,35,6.58363156251966,6.59717191538066,6.61363156251966,,6.55372604386167,6.48284694815895,6.56873852573153,6.55085226240733,6.45721639599096
1467,Value,1340,5,Additive0.015,1129272,5790,84,6.58577260740138,6.59717191538066,6.61577260740138,,6.55372604386167,6.48284694815895,6.56873852573153,6.55085226240733,6.45721639599096
1467,Dist L1,1340,5,Additive0.015,1169373,5716,87,6.58577260740138,6.59717191538066,6.61577260740138,,6.55372604386167,6.48284694815895,6.56873852573153,6.55085226240733,6.45721639599096
1467,Vector,1340,5,Additive0.015,5043760,4514,46,6.58217191538066,6.59717191538066,6.61217191538066,,6.55372604386167,6.48284694815895,6.56873852573153,6.55085226240733,6.45721639599096
1468,Oracle,1340,5,Additive0.015,268000,200,20,6.59304902172507,6.59583055771443,6.62304902172507,,6.55177134476672,6.48169807223516,6.56719106129174,6.54968015796272,6.45707679992655
1468,Oracle Vector,1340,5,Additive0.015,3993200,3589,35,6.58363156251966,6.59583055771443,6.61363156251966,,6.55177134476672,6.48169807223516,6.56719106129174,6.54968015796272,6.45707679992655
1468,Value,1340,5,Additive0.015,1129272,5790,84,6.58577260740138,6.59583055771443,6.61577260740138,,6.55177134476672,6.48169807223516,6.56719106129174,6.54968015796272,6.45707679992655
1468,Vector,1340,5,Additive0.015,5043760,4514,46,6.58217191538066,6.59583055771443,6.61217191538066,,6.55177134476672,6.48169807223516,6.56719106129174,6.54968015796272,6.45707679992655
1468,Dist L1,1340,5,Additive0.015,1169373,5716,87,6.58577260740138,6.59583055771443,6.61577260740138,,6.55177134476672,6.48169807223516,6.56719106129174,6.54968015796272,6.45707679992655
1469,Oracle,1340,5,Additive0.015,268000,200,20,6.59304902172507,6.5948555937381,6.62304902172507,,6.55127678163788,6.48116180546759,6.565942055433,6.54950038345117,6.45672515757055
1469,Oracle Vector,1340,5,Additive0.015,3993200,3589,35,6.58363156251966,6.5948555937381,6.61363156251966,,6.55127678163788,6.48116180546759,6.565942055433,6.54950038345117,6.45672515757055
1469,Value,1340,5,Additive0.015,1129276,5795,84,6.58577260740138,6.5948555937381,6.61577260740138,,6.55127678163788,6.48116180546759,6.565942055433,6.54950038345117,6.45672515757055
1469,Vector,1340,5,Additive0.015,5043760,4514,46,6.58217191538066,6.5948555937381,6.61217191538066,,6.55127678163788,6.48116180546759,6.565942055433,6.54950038345117,6.45672515757055
1469,Dist L1,1340,5,Additive0.015,1169377,5721,87,6.58577260740138,6.5948555937381,6.61577260740138,,6.55127678163788,6.48116180546759,6.565942055433,6.54950038345117,6.45672515757055
1470,Oracle,1340,5,Additive0.015,268000,200,20,6.59304902172507,6.59371986952154,6.62304902172507,,6.55036705769009,6.48022043124045,6.56465777722672,6.54835718158972,6.45619725043608
1470,Oracle Vector,1340,5,Additive0.015,3993200,3589,35,6.58363156251966,6.59371986952154,6.61363156251966,,6.55036705769009,6.48022043124045,6.56465777722672,6.54835718158972,6.45619725043609
1470,Vector,1340,5,Additive0.015,5043760,4514,46,6.58217191538066,6.59371986952154,6.61217191538066,,6.55036705769009,6.48022043124045,6.56465777722672,6.54835718158972,6.45619725043609
1470,Value,1340,5,Additive0.015,1129284,5804,84,6.58577260740138,6.59371986952154,6.61577260740138,,6.55036705769009,6.48022043124045,6.56465777722672,6.54835718158972,6.45619725043609
1470,Dist L1,1340,5,Additive0.015,1169387,5733,87,6.58577260740138,6.59371986952154,6.61577260740138,,6.55036705769009,6.48022043124045,6.56465777722672,6.54835718158972,6.45619725043609
1471,Oracle,1340,5,Additive0.015,268000,200,20,6.59304902172507,6.59325907755387,6.62304902172507,,6.55020878360713,6.47951818357053,6.56472367917602,6.54725661953142,6.45669173970895
1471,Oracle Vector,1340,5,Additive0.015,3993200,3589,35,6.58363156251966,6.59325907755387,6.61363156251966,,6.55020878360712,6.47951818357053,6.56472367917602,6.54725661953142,6.45669173970895
1471,Vector,1340,5,Additive0.015,5043760,4514,46,6.58217191538066,6.59325907755387,6.61217191538066,,6.55020878360712,6.47951818357053,6.56472367917602,6.54725661953142,6.45669173970895
1471,Value,1340,5,Additive0.015,1142689,5826,85,6.57825907755387,6.59325907755387,6.60825907755387,,6.55020878360712,6.47951818357053,6.56472367917602,6.54725661953142,6.45669173970895
1471,Dist L1,1340,5,Additive0.015,1182792,5755,88,6.57825907755387,6.59325907755387,6.60825907755387,,6.55020878360712,6.47951818357053,6.56472367917602,6.54725661953142,6.45669173970895
1472,Oracle,1340,5,Additive0.015,268000,200,20,6.59304902172507,6.59311137834669,6.62304902172507,,6.55026819915041,6.4802937505461,6.56439489801996,6.54669151345338,6.45716502428808
1472,Oracle Vector,1340,5,Additive0.015,3993200,3589,35,6.58363156251966,6.59311137834669,6.61363156251966,,6.5502681991504,6.4802937505461,6.56439489801996,6.54669151345338,6.45716502428808
1472,Vector,1340,5,Additive0.015,5043760,4514,46,6.58217191538066,6.59311137834669,6.61217191538066,,6.5502681991504,6.4802937505461,6.56439489801996,6.54669151345338,6.45716502428808
1472,Value,1340,5,Additive0.015,1142689,5826,85,6.57825907755387,6.59311137834669,6.60825907755387,,6.5502681991504,6.4802937505461,6.56439489801996,6.54669151345338,6.45716502428808
1472,Dist L1,1340,5,Additive0.015,1182792,5755,88,6.57825907755387,6.59311137834669,6.60825907755387,,6.5502681991504,6.4802937505461,6.56439489801996,6.54669151345338,6.45716502428808
1473,Oracle,1340,5,Additive0.015,268000,200,20,6.59304902172507,6.5933840282712,6.62304902172507,,6.55069696619993,6.48073195149914,6.5648181437937,6.54696998316274,6.45730524208301
1473,Oracle Vector,1340,5,Additive0.015,3993200,3589,35,6.58363156251966,6.5933840282712,6.61363156251966,,6.55069696619993,6.48073195149914,6.5648181437937,6.54696998316274,6.45730524208301
1473,Vector,1340,5,Additive0.015,5043760,4514,46,6.58217191538066,6.5933840282712,6.61217191538066,,6.55069696619993,6.48073195149914,6.5648181437937,6.54696998316274,6.45730524208301
1473,Value,1340,5,Additive0.015,1142689,5826,85,6.57825907755387,6.5933840282712,6.60825907755387,,6.55069696619993,6.48073195149914,6.5648181437937,6.54696998316274,6.45730524208301
1473,Dist L1,1340,5,Additive0.015,1182792,5755,88,6.57825907755387,6.5933840282712,6.60825907755387,,6.55069696619993,6.48073195149914,6.5648181437937,6.54696998316274,6.45730524208301
1474,Oracle,1340,5,Additive0.015,281400,210,21,6.57767148828976,6.59267148828976,6.60767148828976,,6.54950294704896,6.48032773357322,6.56458999972783,6.54589182418184,6.45670552795234
1474,Oracle Vector,1340,5,Additive0.015,3993200,3589,35,6.58363156251966,6.59267148828976,6.61363156251966,,6.54950294704896,6.48032773357322,6.56458999972783,6.54589182418184,6.45670552795234
1474,Value,1340,5,Additive0.015,1142689,5826,85,6.57825907755387,6.59267148828976,6.60825907755387,,6.54950294704896,6.48032773357322,6.56458999972783,6.54589182418184,6.45670552795234
1474,Vector,1340,5,Additive0.015,5043760,4514,46,6.58217191538066,6.59267148828976,6.61217191538066,,6.54950294704896,6.48032773357322,6.56458999972783,6.54589182418184,6.45670552795234
1474,Dist L1,1340,5,Additive0.015,1182792,5755,88,6.57825907755387,6.59267148828976,6.60825907755387,,6.54950294704896,6.48032773357322,6.56458999972783,6.54589182418184,6.45670552795234
1475,Oracle,1340,5,Additive0.015,281400,210,21,6.57767148828976,6.59256384906869,6.60767148828976,,6.55002749227736,6.48088597554234,6.56412556475641,6.54507273164794,6.45759823426787
1475,Oracle Vector,1340,5,Additive0.015,3993200,3589,35,6.58363156251966,6.59256384906869,6.61363156251966,,6.55002749227736,6.48088597554234,6.56412556475641,6.54507273164793,6.45759823426786
1475,Value,1340,5,Additive0.015,1142689,5826,85,6.57825907755387,6.59256384906869,6.60825907755387,,6.55002749227736,6.48088597554234,6.56412556475641,6.54507273164793,6.45759823426786
1475,Vector,1340,5,Additive0.015,5049120,4519,46,6.58217191538066,6.59256384906869,6.61217191538066,,6.55002749227736,6.48088597554234,6.56412556475641,6.54507273164793,6.45759823426786
1475,Dist L1,1340,5,Additive0.015,1182792,5755,88,6.57825907755387,6.59256384906869,6.60825907755387,,6.55002749227736,6.48088597554234,6.56412556475641,6.54507273164793,6.45759823426786
1476,Oracle,1340,5,Additive0.015,281400,210,21,6.57767148828976,6.59277271140138,6.60767148828976,,6.55054836821231,6.4807658619784,6.56403311178129,6.54516636250571,6.45806628917144
1476,Oracle Vector,1340,5,Additive0.015,3993200,3589,35,6.58363156251966,6.59277271140138,6.61363156251966,,6.55054836821231,6.4807658619784,6.56403311178129,6.54516636250571,6.45806628917144
1476,Value,1340,5,Additive0.015,1142689,5826,85,6.57825907755387,6.59277271140138,6.60825907755387,,6.55054836821231,6.4807658619784,6.56403311178129,6.54516636250571,6.45806628917144
1476,Vector,1340,5,Additive0.015,5049120,4519,46,6.58217191538066,6.59277271140138,6.61217191538066,,6.55054836821231,6.4807658619784,6.56403311178129,6.54516636250571,6.45806628917144
1476,Dist L1,1340,5,Additive0.015,1182792,5755,88,6.57825907755387,6.59277271140138,6.60825907755387,,6.55054836821231,6.4807658619784,6.56403311178129,6.54516636250571,6.45806628917144
1477,Oracle,1340,5,Additive0.015,281400,210,21,6.57767148828976,6.59307643484738,6.60767148828976,,6.55048804129599,6.48176975907987,6.56419708421018,6.5453110848238,6.45810994856141
1477,Oracle Vector,1340,5,Additive0.015,3993200,3589,35,6.58363156251966,6.59307643484738,6.61363156251966,,6.55048804129599,6.48176975907987,6.56419708421018,6.5453110848238,6.45810994856141
1477,Vector,1340,5,Additive0.015,5054480,4524,46,6.58217191538066,6.59307643484738,6.61217191538066,,6.55048804129599,6.48176975907987,6.56419708421018,6.5453110848238,6.45810994856141
1477,Value,1340,5,Additive0.015,1142689,5826,85,6.57825907755387,6.59307643484738,6.60825907755387,,6.55048804129599,6.48176975907987,6.56419708421018,6.5453110848238,6.45810994856141
1477,Dist L1,1340,5,Additive0.015,1182792,5755,88,6.57825907755387,6.59307643484738,6.60825907755387,,6.55048804129599,6.48176975907987,6.56419708421018,6.5453110848238,6.45810994856141
1478,Oracle,1340,5,Additive0.015,281400,210,21,6.57767148828976,6.59298490938996,6.60767148828976,,6.55037252357332,6.48221414117941,6.5635658521971,6.54546541096884,6.45799863311467
1478,Oracle Vector,1340,5,Additive0.015,3993200,3589,35,6.58363156251966,6.59298490938996,6.61363156251966,,6.55037252357332,6.48221414117941,6.5635658521971,6.54546541096884,6.45799863311467
1478,Value,1340,5,Additive0.015,1142689,5826,85,6.57825907755387,6.59298490938996,6.60825907755387,,6.55037252357332,6.48221414117941,6.5635658521971,6.54546541096884,6.45799863311467
1478,Vector,1340,5,Additive0.015,5054480,4524,46,6.58217191538066,6.59298490938996,6.61217191538066,,6.55037252357332,6.48221414117941,6.5635658521971,6.54546541096884,6.45799863311467
1478,Dist L1,1340,5,Additive0.015,1182792,5755,88,6.57825907755387,6.59298490938996,6.60825907755387,,6.55037252357332,6.48221414117941,6.5635658521971,6.54546541096884,6.45799863311467
1479,Oracle,1340,5,Additive0.015,281400,210,21,6.57767148828976,6.59277236255682,6.60767148828976,,6.55005913038841,6.48207759386454,6.56313618395199,6.54474659759749,6.45786326760476
1479,Oracle Vector,1340,5,Additive0.015,3998560,3594,35,6.58363156251966,6.59277236255682,6.61363156251966,,6.55005913038841,6.48207759386455,6.56313618395199,6.54474659759749,6.45786326760476
1479,Vector,1340,5,Additive0.015,5054480,4524,46,6.58217191538066,6.59277236255682,6.61217191538066,,6.55005913038841,6.48207759386455,6.56313618395199,6.54474659759749,6.45786326760476
1479,Value,1340,5,Additive0.015,1142689,5826,85,6.57825907755387,6.59277236255682,6.60825907755387,,6.55005913038841,6.48207759386455,6.56313618395199,6.54474659759749,6.45786326760476
1479,Dist L1,1340,5,Additive0.015,1182792,5755,88,6.57825907755387,6.59277236255682,6.60825907755387,,6.55005913038841,6.48207759386455,6.56313618395199,6.54474659759749,6.45786326760476
1480,Oracle,1340,5,Additive0.015,281400,210,21,6.57767148828976,6.59157478004253,6.60767148828976,,6.54940046632609,6.48098324141343,6.5624841907799,6.54293756980056,6.45587582763788
1480,Oracle Vector,1340,5,Additive0.015,3998560,3594,35,6.58363156251966,6.59157478004253,6.61363156251966,,6.54940046632608,6.48098324141343,6.56248419077991,6.54293756980056,6.45587582763788
1480,Value,1340,5,Additive0.015,1142689,5826,85,6.57825907755387,6.59157478004253,6.60825907755387,,6.54940046632608,6.48098324141343,6.5624841907799,6.54293756980056,6.45587582763788
1480,Vector,1340,5,Additive0.015,5054480,4524,46,6.58217191538066,6.59157478004253,6.61217191538066,,6.54940046632608,6.48098324141343,6.5624841907799,6.54293756980056,6.45587582763788
1480,Dist L1,1340,5,Additive0.015,1182792,5755,88,6.57825907755387,6.59157478004253,6.60825907755387,,6.54940046632608,6.48098324141343,6.5624841907799,6.54293756980056,6.45587582763788
1481,Oracle,1340,5,Additive0.015,281400,210,21,6.57767148828976,6.59052667243991,6.60767148828976,,6.5483227517762,6.48022773907856,6.56129966889491,6.54146720936977,6.45545326496514
1481,Oracle Vector,1340,5,Additive0.015,3998560,3594,35,6.58363156251966,6.59052667243991,6.61363156251966,,6.5483227517762,6.48022773907856,6.56129966889491,6.54146720936976,6.45545326496514
1481,Value,1340,5,Additive0.015,1142689,5826,85,6.57825907755387,6.59052667243991,6.60825907755387,,6.5483227517762,6.48022773907856,6.56129966889491,6.54146720936976,6.45545326496514
1481,Vector,1340,5,Additive0.015,5062520,4531,46,6.58217191538066,6.59052667243992,6.61217191538066,,6.5483227517762,6.48022773907856,6.56129966889491,6.54146720936976,6.45545326496514
1481,Dist L1,1340,5,Additive0.015,1182792,5755,88,6.57825907755387,6.59052667243992,6.60825907755387,,6.5483227517762,6.48022773907856,6.56129966889491,6.54146720936976,6.45545326496514
1482,Oracle,1340,5,Additive0.015,281400,210,21,6.57767148828976,6.58997330135513,6.60767148828976,,6.54765543186663,6.48079757328862,6.56047454545872,6.54027401375722,6.45456083714271
1482,Oracle Vector,1340,5,Additive0.015,3998560,3594,35,6.58363156251966,6.58997330135513,6.61363156251966,,6.54765543186663,6.48079757328863,6.56047454545873,6.54027401375722,6.45456083714271
1482,Value,1340,5,Additive0.015,1142689,5826,85,6.57825907755387,6.58997330135513,6.60825907755387,,6.54765543186663,6.48079757328863,6.56047454545873,6.54027401375722,6.45456083714271
1482,Vector,1340,5,Additive0.015,5067880,4536,46,6.58217191538066,6.58997330135512,6.61217191538066,,6.54765543186663,6.48079757328863,6.56047454545873,6.54027401375722,6.45456083714271
1482,Dist L1,1340,5,Additive0.015,1182792,5755,88,6.57825907755387,6.58997330135513,6.60825907755387,,6.54765543186663,6.48079757328863,6.56047454545873,6.54027401375722,6.45456083714271
1483,Oracle,1340,5,Additive0.015,281400,210,21,6.57767148828976,6.58929430365007,6.60767148828976,,6.54566002949842,6.48054658374087,6.55967845696307,6.53954804473867,6.45469386911439
1483,Oracle Vector,1340,5,Additive0.015,4006600,3601,35,6.58363156251966,6.58929430365007,6.61363156251966,,6.54566002949842,6.48054658374087,6.55967845696307,6.53954804473867,6.45469386911439
1483,Value,1340,5,Additive0.015,1142693,5831,85,6.57825907755387,6.58929430365007,6.60825907755387,,6.54566002949842,6.48054658374087,6.55967845696307,6.53954804473867,6.45469386911439
1483,Vector,1340,5,Additive0.015,5067880,4536,46,6.58217191538066,6.58929430365007,6.61217191538066,,6.54566002949842,6.48054658374087,6.55967845696307,6.53954804473867,6.45469386911439
1483,Dist L1,1340,5,Additive0.015,1182796,5760,88,6.57825907755387,6.58929430365007,6.60825907755387,,6.54566002949842,6.48054658374087,6.55967845696307,6.53954804473867,6.45469386911439
1484,Oracle,1340,5,Additive0.015,281400,210,21,6.57767148828976,6.58896603311527,6.60767148828976,,6.54464748950366,6.48067445884164,6.55958994361296,6.53968828084099,6.45433752379494
1484,Value,1340,5,Additive0.015,1142701,5841,85,6.57825907755387,6.58896603311527,6.60825907755387,,6.54464748950366,6.48067445884165,6.55958994361296,6.53968828084099,6.45433752379494
1484,Oracle Vector,1340,5,Additive0.015,4006600,3601,35,6.58363156251966,6.58896603311527,6.61363156251966,,6.54464748950366,6.48067445884165,6.55958994361296,6.53968828084099,6.45433752379494
1484,Vector,1340,5,Additive0.015,5075920,4543,46,6.58217191538066,6.58896603311527,6.61217191538066,,6.54464748950366,6.48067445884165,6.55958994361296,6.53968828084099,6.45433752379494
1484,Dist L1,1340,5,Additive0.015,1182802,5767,88,6.57825907755387,6.58896603311527,6.60825907755387,,6.54464748950366,6.48067445884165,6.55958994361296,6.53968828084099,6.45433752379494
1485,Oracle,1340,5,Additive0.015,281400,210,21,6.57767148828976,6.58890051713642,6.60767148828976,,6.54422165063964,6.4806674453967,6.55997124303911,6.53864916449623,6.45355356403317
1485,Oracle Vector,1340,5,Additive0.015,4011960,3606,35,6.58363156251966,6.58890051713642,6.61363156251966,,6.54422165063964,6.4806674453967,6.55997124303911,6.53864916449623,6.45355356403316
1485,Value,1340,5,Additive0.015,1142711,5854,85,6.57825907755387,6.58890051713642,6.60825907755387,,6.54422165063964,6.4806674453967,6.55997124303911,6.53864916449623,6.45355356403317
1485,Vector,1340,5,Additive0.015,5081280,4548,46,6.58217191538066,6.58890051713642,6.61217191538066,,6.54422165063964,6.4806674453967,6.55997124303911,6.53864916449623,6.45355356403316
1485,Dist L1,1340,5,Additive0.015,1182806,5772,88,6.57825907755387,6.58890051713642,6.60825907755387,,6.54422165063964,6.4806674453967,6.55997124303911,6.53864916449623,6.45355356403317
1486,Oracle,1340,5,Additive0.015,281400,210,21,6.57767148828976,6.58916783493247,6.60767148828976,,6.54403301566788,6.48179709207055,6.56020825911001,6.53877426458146,6.45369506278476
1486,Oracle Vector,1340,5,Additive0.015,4011960,3606,35,6.58363156251966,6.58916783493247,6.61363156251966,,6.54403301566788,6.48179709207055,6.56020825911001,6.53877426458146,6.45369506278476
1486,Vector,1340,5,Additive0.015,5081280,4548,46,6.58217191538066,6.58916783493247,6.61217191538066,,6.54403301566788,6.48179709207055,6.56020825911001,6.53877426458146,6.45369506278476
1486,Value,1340,5,Additive0.015,1142715,5859,85,6.57825907755387,6.58916783493247,6.60825907755387,,6.54403301566788,6.48179709207055,6.56020825911001,6.53877426458146,6.45369506278476
1486,Dist L1,1340,5,Additive0.015,1182812,5779,88,6.57825907755387,6.58916783493247,6.60825907755387,,6.54403301566788,6.48179709207055,6.56020825911001,6.53877426458146,6.45369506278476
1487,Oracle,1340,5,Additive0.015,281400,210,21,6.57767148828976,6.58862375887514,6.60767148828976,,6.54350597932747,6.48109886360084,6.55983205046202,6.53826623793444,6.45338993087139
1487,Oracle Vector,1340,5,Additive0.015,4020000,3613,35,6.58363156251966,6.58862375887514,6.61363156251966,,6.54350597932748,6.48109886360084,6.55983205046202,6.53826623793445,6.45338993087139
1487,Vector,1340,5,Additive0.015,5086640,4553,46,6.58217191538066,6.58862375887514,6.61217191538066,,6.54350597932748,6.48109886360084,6.55983205046202,6.53826623793445,6.45338993087139
1487,Value,1340,5,Additive0.015,1156120,5879,86,6.57362375887514,6.58862375887514,6.60362375887514,,6.54350597932748,6.48109886360084,6.55983205046202,6.53826623793445,6.45338993087139
1487,Dist L1,1340,5,Additive0.015,1196217,5800,89,6.57362375887514,6.58862375887514,6.60362375887514,,6.54350597932748,6.48109886360084,6.55983205046202,6.53826623793445,6.45338993087139
1488,Oracle,1340,5,Additive0.015,281400,210,21,6.57767148828976,6.58722280316653,6.60767148828976,,6.54100566234708,6.47974279011072,6.55907223234311,6.53740794272313,6.45191911503749
1488,Oracle Vector,1340,5,Additive0.015,4025360,3618,35,6.58363156251966,6.58722280316652,6.61363156251966,,6.54100566234708,6.47974279011072,6.55907223234311,6.53740794272313,6.45191911503749
1488,Value,1340,5,Additive0.015,1156120,5879,86,6.57362375887514,6.58722280316653,6.60362375887514,,6.54100566234708,6.47974279011071,6.55907223234311,6.53740794272313,6.45191911503749
1488,Vector,1340,5,Additive0.015,5097360,4562,46,6.58217191538066,6.58722280316653,6.61217191538066,,6.54100566234708,6.47974279011072,6.55907223234311,6.53740794272313,6.45191911503749
1488,Dist L1,1340,5,Additive0.015,1196217,5800,89,6.57362375887514,6.58722280316652,6.60362375887514,,6.54100566234708,6.47974279011072,6.55907223234311,6.53740794272313,6.45191911503749
1489,Oracle,1340,5,Additive0.015,281400,210,21,6.57767148828976,6.58734781408484,6.60767148828976,,6.54076650935519,6.48046678394539,6.55894571138546,6.53742950620466,6.45202009462415
1489,Oracle Vector,1340,5,Additive0.015,4033400,3625,35,6.58363156251966,6.58734781408484,6.61363156251966,,6.54076650935518,6.48046678394539,6.55894571138546,6.53742950620466,6.45202009462415
1489,Value,1340,5,Additive0.015,1156120,5879,86,6.57362375887514,6.58734781408484,6.60362375887514,,6.54076650935518,6.48046678394539,6.55894571138546,6.53742950620466,6.45202009462415
1489,Vector,1340,5,Additive0.015,5097360,4562,46,6.58217191538066,6.58734781408484,6.61217191538066,,6.54076650935518,6.48046678394539,6.55894571138546,6.53742950620466,6.45202009462415
1489,Dist L1,1340,5,Additive0.015,1196217,5800,89,6.57362375887514,6.58734781408483,6.60362375887514,,6.54076650935518,6.48046678394539,6.55894571138546,6.53742950620466,6.45202009462415
1490,Oracle,1340,5,Additive0.015,281400,210,21,6.57767148828976,6.5867894485872,6.60767148828976,,6.54021282214875,6.47972472272887,6.55814400113447,6.53618425591718,6.45149952941757
1490,Oracle Vector,1340,5,Additive0.015,4046800,3636,35,6.58363156251966,6.5867894485872,6.61363156251966,,6.54021282214874,6.47972472272887,6.55814400113447,6.53618425591718,6.45149952941757
1490,Value,1340,5,Additive0.015,1156120,5879,86,6.57362375887514,6.5867894485872,6.60362375887514,,6.54021282214874,6.47972472272887,6.55814400113447,6.53618425591718,6.45149952941757
1490,Vector,1340,5,Additive0.015,5108080,4571,46,6.58217191538066,6.5867894485872,6.61217191538066,,6.54021282214874,6.47972472272887,6.55814400113447,6.53618425591718,6.45149952941757
1490,Dist L1,1340,5,Additive0.015,1196217,5800,89,6.57362375887514,6.5867894485872,6.60362375887514,,6.54021282214874,6.47972472272887,6.55814400113447,6.53618425591718,6.45149952941757
1491,Oracle,1340,5,Additive0.015,281400,210,21,6.57767148828976,6.5869256727333,6.60767148828976,,6.54036304971106,6.48089433250917,6.55782642472092,6.53589126616357,6.45145815907825
1491,Oracle Vector,1340,5,Additive0.015,4046800,3636,35,6.58363156251966,6.5869256727333,6.61363156251966,,6.54036304971106,6.48089433250917,6.55782642472092,6.53589126616357,6.45145815907825
1491,Value,1340,5,Additive0.015,1156120,5879,86,6.57362375887514,6.5869256727333,6.60362375887514,,6.54036304971106,6.48089433250917,6.55782642472092,6.53589126616357,6.45145815907825
1491,Vector,1340,5,Additive0.015,5113440,4576,46,6.58217191538066,6.5869256727333,6.61217191538066,,6.54036304971106,6.48089433250917,6.55782642472092,6.53589126616357,6.45145815907825
1491,Dist L1,1340,5,Additive0.015,1196217,5800,89,6.57362375887514,6.5869256727333,6.60362375887514,,6.54036304971106,6.48089433250917,6.55782642472092,6.53589126616357,6.45145815907825
1492,Oracle,1340,5,Additive0.015,281400,210,21,6.57767148828976,6.58663276861546,6.60767148828976,,6.53940602659819,6.48009128581819,6.55765745195473,6.53606591850843,6.45206760882312
1492,Oracle Vector,1340,5,Additive0.015,4046800,3636,35,6.58363156251966,6.58663276861546,6.61363156251966,,6.53940602659819,6.48009128581819,6.55765745195473,6.53606591850843,6.45206760882312
1492,Value,1340,5,Additive0.015,1156120,5879,86,6.57362375887514,6.58663276861546,6.60362375887514,,6.53940602659819,6.48009128581819,6.55765745195473,6.53606591850843,6.45206760882312
1492,Vector,1340,5,Additive0.015,5124160,4585,46,6.58217191538066,6.58663276861546,6.61217191538066,,6.53940602659819,6.48009128581819,6.55765745195473,6.53606591850843,6.45206760882312
1492,Dist L1,1340,5,Additive0.015,1196217,5800,89,6.57362375887514,6.58663276861546,6.60362375887514,,6.53940602659819,6.48009128581819,6.55765745195473,6.53606591850843,6.45206760882312
1493,Oracle,1340,5,Additive0.015,281400,210,21,6.57767148828976,6.58600433344758,6.60767148828976,,6.53878327916956,6.47996292316991,6.55787579752612,6.534984033047,6.45079915691808
1493,Oracle Vector,1340,5,Additive0.015,4052160,3641,35,6.58363156251966,6.58600433344758,6.61363156251966,,6.53878327916956,6.47996292316991,6.55787579752612,6.534984033047,6.45079915691808
1493,Value,1340,5,Additive0.015,1156120,5879,86,6.57362375887514,6.58600433344758,6.60362375887514,,6.53878327916956,6.47996292316991,6.55787579752612,6.534984033047,6.45079915691808
1493,Vector,1340,5,Additive0.015,5137560,4597,46,6.58217191538066,6.58600433344758,6.61217191538066,,6.53878327916956,6.47996292316991,6.55787579752612,6.534984033047,6.45079915691808
1493,Dist L1,1340,5,Additive0.015,1196217,5800,89,6.57362375887514,6.58600433344758,6.60362375887514,,6.53878327916956,6.47996292316991,6.55787579752612,6.534984033047,6.45079915691808
1494,Oracle,1340,5,Additive0.015,281400,210,21,6.57767148828976,6.58526119388779,6.60767148828976,,6.53752833639578,6.47968287378669,6.55726716734152,6.53460321226039,6.44996528375822
1494,Oracle Vector,1340,5,Additive0.015,4057520,3646,35,6.58363156251966,6.58526119388779,6.61363156251966,,6.53752833639578,6.47968287378669,6.55726716734152,6.53460321226039,6.44996528375822
1494,Value,1340,5,Additive0.015,1156120,5879,86,6.57362375887514,6.58526119388779,6.60362375887514,,6.53752833639578,6.47968287378669,6.55726716734152,6.53460321226039,6.44996528375822
1494,Vector,1340,5,Additive0.015,5150960,4607,47,6.57026119388779,6.58526119388779,6.60026119388779,,6.53752833639578,6.47968287378669,6.55726716734151,6.53460321226039,6.44996528375822
1494,Dist L1,1340,5,Additive0.015,1196217,5800,89,6.57362375887514,6.58526119388779,6.60362375887514,,6.53752833639578,6.47968287378669,6.55726716734152,6.53460321226039,6.44996528375822
1495,Oracle,1340,5,Additive0.015,281400,210,21,6.57767148828976,6.58512181942301,6.60767148828976,,6.53628074109005,6.47969792995593,6.55687055865464,6.53482551323607,6.45027230395928
1495,Oracle Vector,1340,5,Additive0.015,4062880,3651,35,6.58363156251966,6.58512181942301,6.61363156251966,,6.53628074109005,6.47969792995593,6.55687055865464,6.53482551323608,6.45027230395928
1495,Value,1340,5,Additive0.015,1156120,5879,86,6.57362375887514,6.58512181942302,6.60362375887514,,6.53628074109005,6.47969792995593,6.55687055865464,6.53482551323608,6.45027230395928
1495,Vector,1340,5,Additive0.015,5150960,4607,47,6.57026119388779,6.58512181942301,6.60026119388779,,6.53628074109005,6.47969792995593,6.55687055865464,6.53482551323608,6.45027230395928
1495,Dist L1,1340,5,Additive0.015,1196217,5800,89,6.57362375887514,6.58512181942302,6.60362375887514,,6.53628074109005,6.47969792995593,6.55687055865464,6.53482551323608,6.45027230395928
1496,Oracle,1340,5,Additive0.015,281400,210,21,6.57767148828976,6.58510708011302,6.60767148828976,,6.53498428468615,6.4800332121836,6.55695755577461,6.53513431652951,6.45019689234566
1496,Vector,1340,5,Additive0.015,5150960,4607,47,6.57026119388779,6.58510708011302,6.60026119388779,,6.53498428468615,6.4800332121836,6.55695755577461,6.53513431652951,6.45019689234566
1496,Oracle Vector,1340,5,Additive0.015,4070920,3658,35,6.58363156251966,6.58510708011302,6.61363156251966,,6.53498428468615,6.4800332121836,6.55695755577461,6.53513431652951,6.45019689234566
1496,Value,1340,5,Additive0.015,1156124,5884,86,6.57362375887514,6.58510708011302,6.60362375887514,,6.53498428468615,6.4800332121836,6.55695755577461,6.53513431652951,6.45019689234566
1496,Dist L1,1340,5,Additive0.015,1196221,5805,89,6.57362375887514,6.58510708011302,6.60362375887514,,6.53498428468615,6.4800332121836,6.55695755577461,6.53513431652951,6.45019689234566
1497,Oracle,1340,5,Additive0.015,281400,210,21,6.57767148828976,6.58466400912174,6.60767148828976,,6.53423112139461,6.48023492826855,6.55579008078938,6.53557480199111,6.44954912446027
1497,Oracle Vector,1340,5,Additive0.015,4078960,3665,35,6.58363156251966,6.58466400912174,6.61363156251966,,6.53423112139461,6.48023492826855,6.55579008078938,6.53557480199111,6.44954912446027
1497,Value,1340,5,Additive0.015,1156128,5889,86,6.57362375887514,6.58466400912174,6.60362375887514,,6.53423112139461,6.48023492826855,6.55579008078938,6.53557480199111,6.44954912446027
1497,Vector,1340,5,Additive0.015,5150960,4607,47,6.57026119388779,6.58466400912174,6.60026119388779,,6.53423112139461,6.48023492826855,6.55579008078938,6.53557480199111,6.44954912446027
1497,Dist L1,1340,5,Additive0.015,1196225,5810,89,6.57362375887514,6.58466400912174,6.60362375887514,,6.53423112139461,6.48023492826855,6.55579008078938,6.53557480199111,6.44954912446027
1498,Oracle,1340,5,Additive0.015,281400,210,21,6.57767148828976,6.5839720687402,6.60767148828976,,6.53281447681274,6.48049147567428,6.55588380492692,6.53485773486444,6.44803782646179
1498,Vector,1340,5,Additive0.015,5150960,4607,47,6.57026119388779,6.5839720687402,6.60026119388779,,6.53281447681274,6.48049147567428,6.55588380492692,6.53485773486444,6.44803782646179
1498,Oracle Vector,1340,5,Additive0.015,4092360,3677,35,6.58363156251966,6.5839720687402,6.61363156251966,,6.53281447681274,6.48049147567428,6.55588380492692,6.53485773486444,6.44803782646179
1498,Value,1340,5,Additive0.015,1156134,5896,86,6.57362375887514,6.5839720687402,6.60362375887514,,6.53281447681274,6.48049147567428,6.55588380492692,6.53485773486444,6.44803782646179
1498,Dist L1,1340,5,Additive0.015,1196229,5815,89,6.57362375887514,6.5839720687402,6.60362375887514,,6.53281447681274,6.48049147567428,6.55588380492692,6.53485773486444,6.44803782646179
1499,Oracle,1340,5,Additive0.015,281400,210,21,6.57767148828976,6.58417242772305,6.60767148828976,,6.53346055079987,6.48132038394608,6.55590660427898,6.53474351320379,6.44652534545383
1499,Value,1340,5,Additive0.015,1156134,5896,86,6.57362375887514,6.58417242772305,6.60362375887514,,6.53346055079986,6.48132038394607,6.55590660427898,6.53474351320379,6.44652534545382
1499,Vector,1340,5,Additive0.015,5150960,4607,47,6.57026119388779,6.58417242772305,6.60026119388779,,6.53346055079987,6.48132038394607,6.55590660427898,6.53474351320379,6.44652534545383
1499,Oracle Vector,1340,5,Additive0.015,4100400,3685,35,6.58363156251966,6.58417242772305,6.61363156251966,,6.53346055079986,6.48132038394607,6.55590660427898,6.53474351320379,6.44652534545382
1499,Dist L1,1340,5,Additive0.015,1196235,5823,89,6.57362375887514,6.58417242772305,6.60362375887514,,6.53346055079987,6.48132038394607,6.55590660427898,6.53474351320379,6.44652534545382
1500,Oracle,1340,5,Additive0.015,281400,210,21,6.57767148828976,6.58257533515254,6.60767148828976,,6.5314197501214,6.47936927947963,6.55499648655879,6.53314379711333,6.44399866825127
1500,Vector,1340,5,Additive0.015,5150960,4607,47,6.57026119388779,6.58257533515254,6.60026119388779,,6.53141975012139,6.47936927947963,6.55499648655879,6.53314379711332,6.44399866825127
1500,Oracle Vector,1340,5,Additive0.015,4113800,3695,36,6.56757533515254,6.58257533515254,6.59757533515254,,6.53141975012139,6.47936927947963,6.55499648655879,6.53314379711332,6.44399866825127
1500,Value,1340,5,Additive0.015,1169539,5917,87,6.56757533515254,6.58257533515254,6.59757533515254,,6.53141975012139,6.47936927947963,6.55499648655879,6.53314379711332,6.44399866825127
1500,Dist L1,1340,5,Additive0.015,1209640,5845,90,6.56757533515254,6.58257533515254,6.59757533515254,,6.53141975012139,6.47936927947963,6.55499648655879,6.53314379711332,6.44399866825127
1501,Oracle,1340,5,Additive0.015,281400,210,21,6.57767148828976,6.58209882100057,6.60767148828976,,6.53112751052557,6.47994181022555,6.55506627809155,6.53178128845714,6.44232267645963
1501,Oracle Vector,1340,5,Additive0.015,4113800,3695,36,6.56757533515254,6.58209882100057,6.59757533515254,,6.53112751052558,6.47994181022555,6.55506627809155,6.53178128845714,6.44232267645963
1501,Value,1340,5,Additive0.015,1169539,5917,87,6.56757533515254,6.58209882100057,6.59757533515254,,6.53112751052558,6.47994181022555,6.55506627809155,6.53178128845714,6.44232267645963
1501,Vector,1340,5,Additive0.015,5156320,4612,47,6.57026119388779,6.58209882100057,6.60026119388779,,6.53112751052557,6.47994181022555,6.55506627809155,6.53178128845714,6.44232267645963
1501,Dist L1,1340,5,Additive0.015,1209640,5845,90,6.56757533515254,6.58209882100057,6.59757533515254,,6.53112751052558,6.47994181022555,6.55506627809155,6.53178128845714,6.44232267645963
1502,Oracle,1340,5,Additive0.015,281400,210,21,6.57767148828976,6.58208468998347,6.60767148828976,,6.53029971887402,6.48042827814151,6.55601161097213,6.53198519452274,6.44100026925536
1502,Oracle Vector,1340,5,Additive0.015,4113800,3695,36,6.56757533515254,6.58208468998346,6.59757533515254,,6.53029971887402,6.48042827814151,6.55601161097213,6.53198519452275,6.44100026925536
1502,Vector,1340,5,Additive0.015,5156320,4612,47,6.57026119388779,6.58208468998347,6.60026119388779,,6.53029971887402,6.48042827814151,6.55601161097213,6.53198519452275,6.44100026925536
1502,Value,1340,5,Additive0.015,1169539,5917,87,6.56757533515254,6.58208468998346,6.59757533515254,,6.53029971887402,6.48042827814151,6.55601161097213,6.53198519452275,6.44100026925536
1502,Dist L1,1340,5,Additive0.015,1209640,5845,90,6.56757533515254,6.58208468998346,6.59757533515254,,6.53029971887402,6.48042827814151,6.55601161097213,6.53198519452275,6.44100026925536
1503,Oracle,1340,5,Additive0.015,281400,210,21,6.57767148828976,6.58211447708011,6.60767148828976,,6.53067294486049,6.4808909872386,6.55704490046949,6.53110428936384,6.43889584528351
1503,Oracle Vector,1340,5,Additive0.015,4113800,3695,36,6.56757533515254,6.58211447708011,6.59757533515254,,6.53067294486049,6.4808909872386,6.5570449004695,6.53110428936384,6.43889584528351
1503,Vector,1340,5,Additive0.015,5156320,4612,47,6.57026119388779,6.58211447708011,6.60026119388779,,6.53067294486049,6.48089098723861,6.5570449004695,6.53110428936384,6.43889584528351
1503,Value,1340,5,Additive0.015,1169539,5917,87,6.56757533515254,6.58211447708011,6.59757533515254,,6.53067294486049,6.4808909872386,6.5570449004695,6.53110428936384,6.43889584528351
1503,Dist L1,1340,5,Additive0.015,1209640,5845,90,6.56757533515254,6.58211447708011,6.59757533515254,,6.53067294486049,6.48089098723861,6.5570449004695,6.53110428936384,6.43889584528351
1504,Oracle,1340,5,Additive0.015,281400,210,21,6.57767148828976,6.58216110821256,6.60767148828976,,6.52977168358357,6.48122820700202,6.55699318684669,6.53102338080353,6.43943814324688
1504,Oracle Vector,1340,5,Additive0.015,4113800,3695,36,6.56757533515254,6.58216110821256,6.59757533515254,,6.52977168358357,6.48122820700202,6.55699318684669,6.53102338080353,6.43943814324688
1504,Value,1340,5,Additive0.015,1169539,5917,87,6.56757533515254,6.58216110821256,6.59757533515254,,6.52977168358357,6.48122820700202,6.55699318684669,6.53102338080353,6.43943814324688
1504,Vector,1340,5,Additive0.015,5161680,4617,47,6.57026119388779,6.58216110821256,6.60026119388779,,6.52977168358357,6.48122820700202,6.55699318684669,6.53102338080353,6.43943814324688
1504,Dist L1,1340,5,Additive0.015,1209640,5845,90,6.56757533515254,6.58216110821256,6.59757533515254,,6.52977168358357,6.48122820700202,6.55699318684669,6.53102338080353,6.43943814324688
1505,Oracle,1340,5,Additive0.015,281400,210,21,6.57767148828976,6.58278721287135,6.60767148828976,,6.53047094991983,6.48227648643457,6.55819673709251,6.53150481901235,6.4378280860126
1505,Oracle Vector,1340,5,Additive0.015,4113800,3695,36,6.56757533515254,6.58278721287135,6.59757533515254,,6.53047094991983,6.48227648643457,6.55819673709251,6.53150481901235,6.4378280860126
1505,Value,1340,5,Additive0.015,1169539,5917,87,6.56757533515254,6.58278721287135,6.59757533515254,,6.53047094991983,6.48227648643457,6.55819673709251,6.53150481901235,6.4378280860126
1505,Vector,1340,5,Additive0.015,5161680,4617,47,6.57026119388779,6.58278721287135,6.60026119388779,,6.53047094991983,6.48227648643457,6.55819673709251,6.53150481901235,6.4378280860126
1505,Dist L1,1340,5,Additive0.015,1209640,5845,90,6.56757533515254,6.58278721287135,6.59757533515254,,6.53047094991983,6.48227648643457,6.55819673709251,6.53150481901235,6.4378280860126
1506,Oracle,1340,5,Additive0.015,281400,210,21,6.57767148828976,6.58356108306422,6.60767148828976,,6.53170227655164,6.48250739557969,6.55959145067837,6.53182062896707,6.43621877518225
1506,Oracle Vector,1340,5,Additive0.015,4113800,3695,36,6.56757533515254,6.58356108306422,6.59757533515254,,6.53170227655164,6.48250739557969,6.55959145067837,6.53182062896707,6.43621877518224
1506,Value,1340,5,Additive0.015,1169539,5917,87,6.56757533515254,6.58356108306422,6.59757533515254,,6.53170227655164,6.48250739557969,6.55959145067837,6.53182062896707,6.43621877518225
1506,Vector,1340,5,Additive0.015,5161680,4617,47,6.57026119388779,6.58356108306422,6.60026119388779,,6.53170227655164,6.48250739557969,6.55959145067837,6.53182062896707,6.43621877518225
1506,Dist L1,1340,5,Additive0.015,1209640,5845,90,6.56757533515254,6.58356108306422,6.59757533515254,,6.53170227655164,6.48250739557969,6.55959145067837,6.53182062896707,6.43621877518225
1507,Oracle,1340,5,Additive0.015,281400,210,21,6.57767148828976,6.58431803767737,6.60767148828976,,6.53125671673846,6.48360767930931,6.56057886798245,6.53291747289795,6.43580605334114
1507,Oracle Vector,1340,5,Additive0.015,4113800,3695,36,6.56757533515254,6.58431803767738,6.59757533515254,,6.53125671673846,6.48360767930931,6.56057886798245,6.53291747289795,6.43580605334114
1507,Value,1340,5,Additive0.015,1169539,5917,87,6.56757533515254,6.58431803767738,6.59757533515254,,6.53125671673846,6.48360767930931,6.56057886798245,6.53291747289795,6.43580605334114
1507,Vector,1340,5,Additive0.015,5167040,4622,47,6.57026119388779,6.58431803767738,6.60026119388779,,6.53125671673846,6.48360767930931,6.56057886798245,6.53291747289795,6.43580605334114
1507,Dist L1,1340,5,Additive0.015,1209640,5845,90,6.56757533515254,6.58431803767738,6.59757533515254,,6.53125671673846,6.48360767930931,6.56057886798245,6.53291747289795,6.43580605334114
1508,Oracle,1340,5,Additive0.015,281400,210,21,6.57767148828976,6.58551937856201,6.60767148828976,,6.53241709070458,6.48443982393123,6.56184189448829,6.53343823524109,6.43595855078514
1508,Oracle Vector,1340,5,Additive0.015,4113800,3695,36,6.56757533515254,6.58551937856201,6.59757533515254,,6.53241709070458,6.48443982393123,6.56184189448829,6.53343823524108,6.43595855078514
1508,Vector,1340,5,Additive0.015,5167040,4622,47,6.57026119388779,6.58551937856201,6.60026119388779,,6.53241709070458,6.48443982393123,6.56184189448829,6.53343823524108,6.43595855078514
1508,Value,1340,5,Additive0.015,1169539,5917,87,6.56757533515254,6.58551937856201,6.59757533515254,,6.53241709070458,6.48443982393123,6.56184189448829,6.53343823524108,6.43595855078514
1508,Dist L1,1340,5,Additive0.015,1209640,5845,90,6.56757533515254,6.58551937856201,6.59757533515254,,6.53241709070458,6.48443982393123,6.56184189448829,6.53343823524108,6.43595855078514
1509,Oracle,1340,5,Additive0.015,281400,210,21,6.57767148828976,6.58698044749858,6.60767148828976,,6.53326882385415,6.48587307474954,6.56364670644764,6.53429293714878,6.43567319285434
1509,Oracle Vector,1340,5,Additive0.015,4113800,3695,36,6.56757533515254,6.58698044749858,6.59757533515254,,6.53326882385415,6.48587307474954,6.56364670644764,6.53429293714878,6.43567319285434
1509,Value,1340,5,Additive0.015,1169539,5917,87,6.56757533515254,6.58698044749858,6.59757533515254,,6.53326882385415,6.48587307474954,6.56364670644764,6.53429293714878,6.43567319285434
1509,Vector,1340,5,Additive0.015,5167040,4622,47,6.57026119388779,6.58698044749858,6.60026119388779,,6.53326882385415,6.48587307474954,6.56364670644764,6.53429293714878,6.43567319285434
1509,Dist L1,1340,5,Additive0.015,1209640,5845,90,6.56757533515254,6.58698044749858,6.59757533515254,,6.53326882385415,6.48587307474954,6.56364670644764,6.53429293714878,6.43567319285434
1510,Oracle,1340,5,Additive0.015,281400,210,21,6.57767148828976,6.58668719520515,6.60767148828976,,6.53228542625692,6.48551566158771,6.56342811988666,6.53399783846689,6.43631832154291
1510,Oracle Vector,1340,5,Additive0.015,4113800,3695,36,6.56757533515254,6.58668719520515,6.59757533515254,,6.53228542625692,6.48551566158771,6.56342811988666,6.53399783846689,6.43631832154291
1510,Value,1340,5,Additive0.015,1169539,5917,87,6.56757533515254,6.58668719520515,6.59757533515254,,6.53228542625692,6.48551566158771,6.56342811988666,6.53399783846689,6.43631832154291
1510,Vector,1340,5,Additive0.015,5167040,4622,47,6.57026119388779,6.58668719520515,6.60026119388779,,6.53228542625692,6.48551566158771,6.56342811988666,6.53399783846689,6.43631832154291
1510,Dist L1,1340,5,Additive0.015,1209640,5845,90,6.56757533515254,6.58668719520515,6.59757533515254,,6.53228542625692,6.48551566158771,6.56342811988666,6.53399783846689,6.43631832154291
1511,Oracle,1340,5,Additive0.015,281400,210,21,6.57767148828976,6.58641563073731,6.60767148828976,,6.53185620879208,6.48661593629915,6.56333186456517,6.53347015466025,6.43579842493753
1511,Oracle Vector,1340,5,Additive0.015,4113800,3695,36,6.56757533515254,6.58641563073732,6.59757533515254,,6.53185620879209,6.48661593629916,6.56333186456517,6.53347015466025,6.43579842493753
1511,Value,1340,5,Additive0.015,1169539,5917,87,6.56757533515254,6.58641563073732,6.59757533515254,,6.53185620879209,6.48661593629916,6.56333186456517,6.53347015466025,6.43579842493753
1511,Vector,1340,5,Additive0.015,5167040,4622,47,6.57026119388779,6.58641563073732,6.60026119388779,,6.53185620879209,6.48661593629916,6.56333186456517,6.53347015466025,6.43579842493753
1511,Dist L1,1340,5,Additive0.015,1209640,5845,90,6.56757533515254,6.58641563073732,6.59757533515254,,6.53185620879209,6.48661593629916,6.56333186456517,6.53347015466025,6.43579842493753
1512,Oracle,1340,5,Additive0.015,281400,210,21,6.57767148828976,6.5847194476621,6.60767148828976,,6.53047124378749,6.48590058973095,6.56177730963568,6.53212015423756,6.43408927843729
1512,Oracle Vector,1340,5,Additive0.015,4113800,3695,36,6.56757533515254,6.5847194476621,6.59757533515254,,6.53047124378749,6.48590058973095,6.56177730963568,6.53212015423756,6.4340892784373
1512,Value,1340,5,Additive0.015,1169539,5917,87,6.56757533515254,6.5847194476621,6.59757533515254,,6.53047124378749,6.48590058973095,6.56177730963568,6.53212015423756,6.4340892784373
1512,Vector,1340,5,Additive0.015,5167040,4622,47,6.57026119388779,6.5847194476621,6.60026119388779,,6.53047124378749,6.48590058973095,6.56177730963568,6.53212015423756,6.4340892784373
1512,Dist L1,1340,5,Additive0.015,1209640,5845,90,6.56757533515254,6.5847194476621,6.59757533515254,,6.53047124378749,6.48590058973095,6.56177730963568,6.53212015423756,6.4340892784373
1513,Oracle,1340,5,Additive0.015,281400,210,21,6.57767148828976,6.58442083599893,6.60767148828976,,6.53017598318435,6.48550378912756,6.56235565712644,6.53203514054383,6.43398702517775
1513,Oracle Vector,1340,5,Additive0.015,4113800,3695,36,6.56757533515254,6.58442083599892,6.59757533515254,,6.53017598318435,6.48550378912756,6.56235565712644,6.53203514054383,6.43398702517775
1513,Value,1340,5,Additive0.015,1169539,5917,87,6.56757533515254,6.58442083599893,6.59757533515254,,6.53017598318435,6.48550378912756,6.56235565712644,6.53203514054383,6.43398702517775
1513,Vector,1340,5,Additive0.015,5167040,4622,47,6.57026119388779,6.58442083599893,6.60026119388779,,6.53017598318435,6.48550378912756,6.56235565712644,6.53203514054383,6.43398702517775
1513,Dist L1,1340,5,Additive0.015,1209640,5845,90,6.56757533515254,6.58442083599892,6.59757533515254,,6.53017598318435,6.48550378912756,6.56235565712644,6.53203514054383,6.43398702517775
1514,Oracle,1340,5,Additive0.015,281400,210,21,6.57767148828976,6.58420759677346,6.60767148828976,,6.52909966284284,6.48615246632131,6.56184430090088,6.53187879397101,6.4345061466007
1514,Oracle Vector,1340,5,Additive0.015,4113800,3695,36,6.56757533515254,6.58420759677346,6.59757533515254,,6.52909966284284,6.48615246632131,6.56184430090088,6.531878793971,6.43450614660069
1514,Vector,1340,5,Additive0.015,5167040,4622,47,6.57026119388779,6.58420759677346,6.60026119388779,,6.52909966284284,6.48615246632131,6.56184430090088,6.531878793971,6.43450614660069
1514,Value,1340,5,Additive0.015,1169543,5922,87,6.56757533515254,6.58420759677346,6.59757533515254,,6.52909966284284,6.48615246632131,6.56184430090088,6.531878793971,6.43450614660069
1514,Dist L1,1340,5,Additive0.015,1209644,5850,90,6.56757533515254,6.58420759677346,6.59757533515254,,6.52909966284284,6.48615246632131,6.56184430090088,6.531878793971,6.43450614660069
1515,Oracle,1340,5,Additive0.015,281400,210,21,6.57767148828976,6.58377790621579,6.60767148828976,,6.52798333601532,6.48646711253266,6.56226911395874,6.53169398542925,6.43385214707728
1515,Value,1340,5,Additive0.015,1169543,5922,87,6.56757533515254,6.58377790621579,6.59757533515254,,6.52798333601532,6.48646711253266,6.56226911395874,6.53169398542925,6.43385214707728
1515,Oracle Vector,1340,5,Additive0.015,4113800,3695,36,6.56757533515254,6.58377790621579,6.59757533515254,,6.52798333601532,6.48646711253266,6.56226911395874,6.53169398542925,6.43385214707728
1515,Vector,1340,5,Additive0.015,5172400,4627,47,6.57026119388779,6.58377790621579,6.60026119388779,,6.52798333601532,6.48646711253266,6.56226911395874,6.53169398542925,6.43385214707728
1515,Dist L1,1340,5,Additive0.015,1209650,5857,90,6.56757533515254,6.58377790621579,6.59757533515254,,6.52798333601532,6.48646711253266,6.56226911395874,6.53169398542925,6.43385214707728
1516,Oracle,1340,5,Additive0.015,281400,210,21,6.57767148828976,6.58291456147634,6.60767148828976,,6.5272205486473,6.48546756903839,6.56152833657124,6.53058050666369,6.43347186922646
1516,Oracle Vector,1340,5,Additive0.015,4113800,3695,36,6.56757533515254,6.58291456147634,6.59757533515254,,6.5272205486473,6.48546756903839,6.56152833657124,6.53058050666369,6.43347186922646
1516,Value,1340,5,Additive0.015,1169543,5922,87,6.56757533515254,6.58291456147634,6.59757533515254,,6.5272205486473,6.48546756903839,6.56152833657124,6.53058050666369,6.43347186922646
1516,Vector,1340,5,Additive0.015,5172400,4627,47,6.57026119388779,6.58291456147634,6.60026119388779,,6.5272205486473,6.48546756903839,6.56152833657124,6.53058050666369,6.43347186922646
1516,Dist L1,1340,5,Additive0.015,1209650,5857,90,6.56757533515254,6.58291456147634,6.59757533515254,,6.5272205486473,6.48546756903839,6.56152833657124,6.53058050666369,6.43347186922646
1517,Oracle,1340,5,Additive0.015,281400,210,21,6.57767148828976,6.58185693460754,6.60767148828976,,6.52687477412968,6.48461221749442,6.56065784383556,6.5291350936569,6.43159951658002
1517,Oracle Vector,1340,5,Additive0.015,4113800,3695,36,6.56757533515254,6.58185693460754,6.59757533515254,,6.52687477412968,6.48461221749442,6.56065784383556,6.5291350936569,6.43159951658002
1517,Value,1340,5,Additive0.015,1169549,5930,87,6.56757533515254,6.58185693460754,6.59757533515254,,6.52687477412968,6.48461221749442,6.56065784383556,6.5291350936569,6.43159951658002
1517,Vector,1340,5,Additive0.015,5172400,4627,47,6.57026119388779,6.58185693460754,6.60026119388779,,6.52687477412968,6.48461221749442,6.56065784383556,6.5291350936569,6.43159951658002
1517,Dist L1,1340,5,Additive0.015,1209656,5864,90,6.56757533515254,6.58185693460754,6.59757533515254,,6.52687477412968,6.48461221749442,6.56065784383556,6.5291350936569,6.43159951658002
1518,Oracle,1340,5,Additive0.015,281400,210,21,6.57767148828976,6.58105902087133,6.60767148828976,,6.52637010283586,6.48432293525991,6.56013268231148,6.52799042289117,6.43058770828903
1518,Value,1340,5,Additive0.015,1169553,5935,87,6.56757533515254,6.58105902087133,6.59757533515254,,6.52637010283586,6.48432293525991,6.56013268231148,6.52799042289117,6.43058770828903
1518,Oracle Vector,1340,5,Additive0.015,4113800,3695,36,6.56757533515254,6.58105902087133,6.59757533515254,,6.52637010283586,6.48432293525991,6.56013268231148,6.52799042289117,6.43058770828903
1518,Vector,1340,5,Additive0.015,5183120,4636,47,6.57026119388779,6.58105902087133,6.60026119388779,,6.52637010283586,6.48432293525991,6.56013268231148,6.52799042289117,6.43058770828903
1518,Dist L1,1340,5,Additive0.015,1209660,5869,90,6.56757533515254,6.58105902087133,6.59757533515254,,6.52637010283586,6.48432293525991,6.56013268231148,6.52799042289117,6.43058770828903
1519,Oracle,1340,5,Additive0.015,281400,210,21,6.57767148828976,6.58111016569519,6.60767148828976,,6.52602791789091,6.48487794750714,6.56042379486503,6.52783523486372,6.4303459447885
1519,Oracle Vector,1340,5,Additive0.015,4113800,3695,36,6.56757533515254,6.58111016569519,6.59757533515254,,6.52602791789091,6.48487794750714,6.56042379486503,6.52783523486372,6.4303459447885
1519,Value,1340,5,Additive0.015,1169553,5935,87,6.56757533515254,6.58111016569519,6.59757533515254,,6.52602791789091,6.48487794750714,6.56042379486503,6.52783523486372,6.4303459447885
1519,Vector,1340,5,Additive0.015,5188480,4641,47,6.57026119388779,6.58111016569519,6.60026119388779,,6.52602791789091,6.48487794750714,6.56042379486503,6.52783523486372,6.4303459447885
1519,Dist L1,1340,5,Additive0.015,1209664,5874,90,6.56757533515254,6.58111016569519,6.59757533515254,,6.52602791789091,6.48487794750714,6.56042379486503,6.52783523486372,6.4303459447885
1520,Oracle,1340,5,Additive0.015,281400,210,21,6.57767148828976,6.5808602640538,6.60767148828976,,6.52616451530267,6.48444519033432,6.56069545513362,6.52675092202962,6.43020541926036
1520,Oracle Vector,1340,5,Additive0.015,4113800,3695,36,6.56757533515254,6.5808602640538,6.59757533515254,,6.52616451530267,6.48444519033432,6.56069545513362,6.52675092202962,6.43020541926036
1520,Value,1340,5,Additive0.015,1169561,5944,87,6.56757533515254,6.5808602640538,6.59757533515254,,6.52616451530267,6.48444519033432,6.56069545513362,6.52675092202962,6.43020541926036
1520,Vector,1340,5,Additive0.015,5188480,4641,47,6.57026119388779,6.5808602640538,6.60026119388779,,6.52616451530267,6.48444519033432,6.56069545513362,6.52675092202962,6.43020541926036
1520,Dist L1,1340,5,Additive0.015,1209668,5879,90,6.56757533515254,6.5808602640538,6.59757533515254,,6.52616451530267,6.48444519033432,6.56069545513362,6.52675092202962,6.43020541926036
1521,Oracle,1340,5,Additive0.015,281400,210,21,6.57767148828976,6.58024336677212,6.60767148828976,,6.52573432789407,6.48417708230457,6.56003018576399,6.52544902141644,6.42930517126689
1521,Oracle Vector,1340,5,Additive0.015,4119160,3700,36,6.56757533515254,6.58024336677211,6.59757533515254,,6.52573432789406,6.48417708230457,6.56003018576398,6.52544902141644,6.42930517126689
1521,Vector,1340,5,Additive0.015,5188480,4641,47,6.57026119388779,6.58024336677211,6.60026119388779,,6.52573432789406,6.48417708230457,6.56003018576398,6.52544902141644,6.42930517126689
1521,Value,1340,5,Additive0.015,1182966,5965,88,6.56524336677211,6.58024336677211,6.59524336677211,,6.52573432789406,6.48417708230457,6.56003018576398,6.52544902141643,6.42930517126689
1521,Dist L1,1340,5,Additive0.015,1223073,5900,91,6.56524336677211,6.58024336677211,6.59524336677211,,6.52573432789406,6.48417708230457,6.56003018576398,6.52544902141643,6.42930517126689
1522,Oracle,1340,5,Additive0.015,281400,210,21,6.57767148828976,6.57968165280342,6.60767148828976,,6.52624859442033,6.48262725978507,6.55960232882698,6.52466404925089,6.42703170157408
1522,Oracle Vector,1340,5,Additive0.015,4119160,3700,36,6.56757533515254,6.57968165280342,6.59757533515254,,6.52624859442033,6.48262725978507,6.55960232882698,6.52466404925089,6.42703170157408
1522,Value,1340,5,Additive0.015,1182966,5965,88,6.56524336677211,6.57968165280342,6.59524336677211,,6.52624859442033,6.48262725978507,6.55960232882698,6.52466404925089,6.42703170157408
1522,Vector,1340,5,Additive0.015,5188480,4641,47,6.57026119388779,6.57968165280342,6.60026119388779,,6.52624859442033,6.48262725978507,6.55960232882698,6.52466404925089,6.42703170157408
1522,Dist L1,1340,5,Additive0.015,1223073,5900,91,6.56524336677211,6.57968165280342,6.59524336677211,,6.52624859442033,6.48262725978507,6.55960232882698,6.52466404925089,6.42703170157408
1523,Oracle,1340,5,Additive0.015,281400,210,21,6.57767148828976,6.57917452164073,6.60767148828976,,6.52598581668194,6.48188755926901,6.55950999142154,6.52381019620872,6.42625510910362
1523,Oracle Vector,1340,5,Additive0.015,4119160,3700,36,6.56757533515254,6.57917452164073,6.59757533515254,,6.52598581668193,6.48188755926901,6.55950999142154,6.52381019620872,6.42625510910362
1523,Value,1340,5,Additive0.015,1182966,5965,88,6.56524336677211,6.57917452164073,6.59524336677211,,6.52598581668193,6.48188755926901,6.55950999142154,6.52381019620872,6.42625510910362
1523,Vector,1340,5,Additive0.015,5188480,4641,47,6.57026119388779,6.57917452164073,6.60026119388779,,6.52598581668193,6.48188755926901,6.55950999142154,6.52381019620872,6.42625510910362
1523,Dist L1,1340,5,Additive0.015,1223073,5900,91,6.56524336677211,6.57917452164073,6.59524336677211,,6.52598581668194,6.48188755926901,6.55950999142154,6.52381019620872,6.42625510910362
1524,Oracle,1340,5,Additive0.015,281400,210,21,6.57767148828976,6.57910761255366,6.60767148828976,,6.52587464490288,6.48249381194436,6.55966070464644,6.52388539708435,6.42566729276139
1524,Oracle Vector,1340,5,Additive0.015,4119160,3700,36,6.56757533515254,6.57910761255366,6.59757533515254,,6.52587464490289,6.48249381194436,6.55966070464644,6.52388539708435,6.42566729276139
1524,Value,1340,5,Additive0.015,1182966,5965,88,6.56524336677211,6.57910761255366,6.59524336677211,,6.52587464490289,6.48249381194436,6.55966070464644,6.52388539708435,6.42566729276139
1524,Vector,1340,5,Additive0.015,5188480,4641,47,6.57026119388779,6.57910761255366,6.60026119388779,,6.52587464490289,6.48249381194436,6.55966070464644,6.52388539708435,6.42566729276139
1524,Dist L1,1340,5,Additive0.015,1223073,5900,91,6.56524336677211,6.57910761255366,6.59524336677211,,6.52587464490289,6.48249381194436,6.55966070464644,6.52388539708435,6.42566729276139
1525,Oracle,1340,5,Additive0.015,281400,210,21,6.57767148828976,6.57862405917822,6.60767148828976,,6.52503430037722,6.48205745035134,6.55888460732424,6.52421743704841,6.42612870057451
1525,Oracle Vector,1340,5,Additive0.015,4127200,3707,36,6.56757533515254,6.57862405917822,6.59757533515254,,6.52503430037722,6.48205745035134,6.55888460732424,6.52421743704841,6.42612870057451
1525,Value,1340,5,Additive0.015,1182966,5965,88,6.56524336677211,6.57862405917822,6.59524336677211,,6.52503430037722,6.48205745035134,6.55888460732424,6.52421743704841,6.42612870057451
1525,Vector,1340,5,Additive0.015,5199200,4650,47,6.57026119388779,6.57862405917823,6.60026119388779,,6.52503430037722,6.48205745035134,6.55888460732424,6.52421743704841,6.42612870057451
1525,Dist L1,1340,5,Additive0.015,1223073,5900,91,6.56524336677211,6.57862405917822,6.59524336677211,,6.52503430037722,6.48205745035134,6.55888460732424,6.52421743704841,6.42612870057451
1526,Oracle,1340,5,Additive0.015,281400,210,21,6.57767148828976,6.57779847588312,6.60767148828976,,6.5242136049894,6.48188999988104,6.55897327470017,6.52314992589856,6.42590795028949
1526,Oracle Vector,1340,5,Additive0.015,4127200,3707,36,6.56757533515254,6.57779847588312,6.59757533515254,,6.5242136049894,6.48188999988104,6.55897327470017,6.52314992589856,6.42590795028949
1526,Value,1340,5,Additive0.015,1182966,5965,88,6.56524336677211,6.57779847588312,6.59524336677211,,6.5242136049894,6.48188999988104,6.55897327470017,6.52314992589856,6.42590795028949
1526,Vector,1340,5,Additive0.015,5199200,4650,47,6.57026119388779,6.57779847588312,6.60026119388779,,6.5242136049894,6.48188999988104,6.55897327470017,6.52314992589856,6.42590795028949
1526,Dist L1,1340,5,Additive0.015,1223073,5900,91,6.56524336677211,6.57779847588312,6.59524336677211,,6.5242136049894,6.48188999988104,6.55897327470017,6.52314992589856,6.42590795028949
1527,Oracle,1340,5,Additive0.015,294800,220,22,6.56261815612026,6.57761815612026,6.59261815612026,,6.52408942546737,6.48125768218991,6.55953489035371,6.52293050333911,6.42496339669711
1527,Oracle Vector,1340,5,Additive0.015,4127200,3707,36,6.56757533515254,6.57761815612026,6.59757533515254,,6.52408942546737,6.48125768218991,6.55953489035371,6.52293050333911,6.4249633966971
1527,Value,1340,5,Additive0.015,1182966,5965,88,6.56524336677211,6.57761815612026,6.59524336677211,,6.52408942546737,6.48125768218991,6.55953489035371,6.52293050333911,6.4249633966971
1527,Vector,1340,5,Additive0.015,5199200,4650,47,6.57026119388779,6.57761815612026,6.60026119388779,,6.52408942546737,6.48125768218991,6.5595348903537,6.52293050333911,6.4249633966971
1527,Dist L1,1340,5,Additive0.015,1223073,5900,91,6.56524336677211,6.57761815612026,6.59524336677211,,6.52408942546737,6.48125768218991,6.55953489035371,6.52293050333911,6.4249633966971
1528,Oracle,1340,5,Additive0.015,294800,220,22,6.56261815612026,6.57740470334709,6.59261815612026,,6.52389730316715,6.48068853070837,6.55982404897678,6.52201947522434,6.42443653406822
1528,Oracle Vector,1340,5,Additive0.015,4127200,3707,36,6.56757533515254,6.57740470334709,6.59757533515254,,6.52389730316714,6.48068853070837,6.55982404897678,6.52201947522434,6.42443653406822
1528,Value,1340,5,Additive0.015,1182966,5965,88,6.56524336677211,6.57740470334709,6.59524336677211,,6.52389730316714,6.48068853070837,6.55982404897678,6.52201947522434,6.42443653406822
1528,Vector,1340,5,Additive0.015,5204560,4655,47,6.57026119388779,6.57740470334709,6.60026119388779,,6.52389730316714,6.48068853070837,6.55982404897678,6.52201947522434,6.42443653406822
1528,Dist L1,1340,5,Additive0.015,1223073,5900,91,6.56524336677211,6.57740470334709,6.59524336677211,,6.52389730316714,6.48068853070837,6.55982404897678,6.52201947522434,6.42443653406822
1529,Oracle,1340,5,Additive0.015,294800,220,22,6.56261815612026,6.57726837845762,6.59261815612026,,6.52399907899522,6.48076346666801,6.5601317247238,6.52140295016783,6.42448595367155
1529,Oracle Vector,1340,5,Additive0.015,4127200,3707,36,6.56757533515254,6.57726837845762,6.59757533515254,,6.52399907899522,6.48076346666801,6.5601317247238,6.52140295016783,6.42448595367155
1529,Value,1340,5,Additive0.015,1182966,5965,88,6.56524336677211,6.57726837845762,6.59524336677211,,6.52399907899522,6.48076346666801,6.5601317247238,6.52140295016783,6.42448595367155
1529,Vector,1340,5,Additive0.015,5217960,4667,47,6.57026119388779,6.57726837845762,6.60026119388779,,6.52399907899522,6.48076346666801,6.5601317247238,6.52140295016783,6.42448595367155
1529,Dist L1,1340,5,Additive0.015,1223073,5900,91,6.56524336677211,6.57726837845762,6.59524336677211,,6.52399907899522,6.48076346666801,6.5601317247238,6.52140295016783,6.42448595367155
1530,Oracle,1340,5,Additive0.015,294800,220,22,6.56261815612026,6.57769293559689,6.59261815612026,,6.5234404769011,6.48094891316623,6.56090300267729,6.52205786100705,6.42603786452516
1530,Oracle Vector,1340,5,Additive0.015,4127200,3707,36,6.56757533515254,6.57769293559689,6.59757533515254,,6.5234404769011,6.48094891316623,6.56090300267729,6.52205786100705,6.42603786452516
1530,Value,1340,5,Additive0.015,1182966,5965,88,6.56524336677211,6.57769293559689,6.59524336677211,,6.5234404769011,6.48094891316624,6.56090300267729,6.52205786100705,6.42603786452516
1530,Vector,1340,5,Additive0.015,5217960,4667,47,6.57026119388779,6.57769293559689,6.60026119388779,,6.5234404769011,6.48094891316624,6.56090300267729,6.52205786100705,6.42603786452516
1530,Dist L1,1340,5,Additive0.015,1223073,5900,91,6.56524336677211,6.57769293559689,6.59524336677211,,6.5234404769011,6.48094891316624,6.56090300267729,6.52205786100705,6.42603786452516
1531,Oracle,1340,5,Additive0.015,294800,220,22,6.56261815612026,6.57824368167522,6.59261815612026,,6.52312702619363,6.48042557596168,6.5622235859742,6.52273862291748,6.42621588365807
1531,Oracle Vector,1340,5,Additive0.015,4132560,3712,36,6.56757533515254,6.57824368167522,6.59757533515254,,6.52312702619363,6.48042557596168,6.56222358597421,6.52273862291748,6.42621588365807
1531,Value,1340,5,Additive0.015,1182966,5965,88,6.56524336677211,6.57824368167522,6.59524336677211,,6.52312702619363,6.48042557596168,6.56222358597421,6.52273862291748,6.42621588365808
1531,Vector,1340,5,Additive0.015,5217960,4667,47,6.57026119388779,6.57824368167522,6.60026119388779,,6.52312702619363,6.48042557596168,6.56222358597421,6.52273862291748,6.42621588365808
1531,Dist L1,1340,5,Additive0.015,1223073,5900,91,6.56524336677211,6.57824368167522,6.59524336677211,,6.52312702619363,6.48042557596168,6.56222358597421,6.52273862291748,6.42621588365808
1532,Oracle,1340,5,Additive0.015,294800,220,22,6.56261815612026,6.57830021901706,6.59261815612026,,6.52316054545527,6.4796617300139,6.56280844184328,6.5224864489755,6.42601919632766
1532,Oracle Vector,1340,5,Additive0.015,4137920,3717,36,6.56757533515254,6.57830021901706,6.59757533515254,,6.52316054545527,6.4796617300139,6.56280844184328,6.5224864489755,6.42601919632766
1532,Value,1340,5,Additive0.015,1182966,5965,88,6.56524336677211,6.57830021901706,6.59524336677211,,6.52316054545527,6.4796617300139,6.56280844184328,6.5224864489755,6.42601919632766
1532,Vector,1340,5,Additive0.015,5226000,4674,47,6.57026119388779,6.57830021901706,6.60026119388779,,6.52316054545527,6.4796617300139,6.56280844184328,6.5224864489755,6.42601919632766
1532,Dist L1,1340,5,Additive0.015,1223073,5900,91,6.56524336677211,6.57830021901706,6.59524336677211,,6.52316054545527,6.4796617300139,6.56280844184328,6.5224864489755,6.42601919632766
1533,Oracle,1340,5,Additive0.015,294800,220,22,6.56261815612026,6.57887395979543,6.59261815612026,,6.52413776090676,6.48019546071582,6.56330339668106,6.52236555534699,6.42585434194173
1533,Oracle Vector,1340,5,Additive0.015,4137920,3717,36,6.56757533515254,6.57887395979543,6.59757533515254,,6.52413776090677,6.48019546071583,6.56330339668106,6.52236555534699,6.42585434194173
1533,Value,1340,5,Additive0.015,1182966,5965,88,6.56524336677211,6.57887395979543,6.59524336677211,,6.52413776090677,6.48019546071583,6.56330339668106,6.52236555534699,6.42585434194173
1533,Vector,1340,5,Additive0.015,5226000,4674,47,6.57026119388779,6.57887395979543,6.60026119388779,,6.52413776090677,6.48019546071583,6.56330339668106,6.52236555534699,6.42585434194173
1533,Dist L1,1340,5,Additive0.015,1223073,5900,91,6.56524336677211,6.57887395979543,6.59524336677211,,6.52413776090677,6.48019546071583,6.56330339668106,6.52236555534699,6.42585434194173
1534,Oracle,1340,5,Additive0.015,294800,220,22,6.56261815612026,6.57954792922461,6.59261815612026,,6.52435286312655,6.48088935915941,6.56426272290474,6.52225669676523,6.42634525795313
1534,Oracle Vector,1340,5,Additive0.015,4137920,3717,36,6.56757533515254,6.57954792922461,6.59757533515254,,6.52435286312656,6.48088935915941,6.56426272290474,6.52225669676523,6.42634525795314
1534,Vector,1340,5,Additive0.015,5226000,4674,47,6.57026119388779,6.57954792922461,6.60026119388779,,6.52435286312656,6.48088935915941,6.56426272290474,6.52225669676523,6.42634525795314
1534,Value,1340,5,Additive0.015,1182966,5965,88,6.56524336677211,6.57954792922461,6.59524336677211,,6.52435286312656,6.48088935915941,6.56426272290474,6.52225669676523,6.42634525795314
1534,Dist L1,1340,5,Additive0.015,1223073,5900,91,6.56524336677211,6.57954792922461,6.59524336677211,,6.52435286312656,6.48088935915941,6.56426272290474,6.52225669676523,6.42634525795314
1535,Oracle,1340,5,Additive0.015,294800,220,22,6.56261815612026,6.5794276678347,6.59261815612026,,6.52419456292049,6.48035219441316,6.56371901221339,6.5216930286055,6.42649060086005
1535,Oracle Vector,1340,5,Additive0.015,4137920,3717,36,6.56757533515254,6.5794276678347,6.59757533515254,,6.5241945629205,6.48035219441316,6.56371901221339,6.5216930286055,6.42649060086005
1535,Vector,1340,5,Additive0.015,5226000,4674,47,6.57026119388779,6.5794276678347,6.60026119388779,,6.5241945629205,6.48035219441316,6.56371901221339,6.5216930286055,6.42649060086005
1535,Value,1340,5,Additive0.015,1182970,5970,88,6.56524336677211,6.5794276678347,6.59524336677211,,6.5241945629205,6.48035219441316,6.56371901221339,6.5216930286055,6.42649060086005
1535,Dist L1,1340,5,Additive0.015,1223077,5905,91,6.56524336677211,6.5794276678347,6.59524336677211,,6.5241945629205,6.48035219441316,6.56371901221339,6.5216930286055,6.42649060086005
1536,Oracle,1340,5,Additive0.015,294800,220,22,6.56261815612026,6.57914337281397,6.59261815612026,,6.52373006680192,6.47995333445085,6.56415769757595,6.52123195176861,6.42592847163796
1536,Oracle Vector,1340,5,Additive0.015,4143280,3722,36,6.56757533515254,6.57914337281397,6.59757533515254,,6.52373006680193,6.47995333445085,6.56415769757595,6.52123195176861,6.42592847163796
1536,Value,1340,5,Additive0.015,1182976,5977,88,6.56524336677211,6.57914337281397,6.59524336677211,,6.52373006680193,6.47995333445085,6.56415769757595,6.52123195176861,6.42592847163796
1536,Vector,1340,5,Additive0.015,5226000,4674,47,6.57026119388779,6.57914337281397,6.60026119388779,,6.52373006680193,6.47995333445085,6.56415769757595,6.52123195176861,6.42592847163796
1536,Dist L1,1340,5,Additive0.015,1223077,5905,91,6.56524336677211,6.57914337281397,6.59524336677211,,6.52373006680193,6.47995333445085,6.56415769757595,6.52123195176861,6.42592847163796
1537,Oracle,1340,5,Additive0.015,294800,220,22,6.56261815612026,6.57922861600041,6.59261815612026,,6.52317817894953,6.4803544539382,6.56408033128139,6.52104445064758,6.42630450500543
1537,Oracle Vector,1340,5,Additive0.015,4143280,3722,36,6.56757533515254,6.57922861600041,6.59757533515254,,6.52317817894953,6.4803544539382,6.56408033128139,6.52104445064758,6.42630450500543
1537,Value,1340,5,Additive0.015,1182976,5977,88,6.56524336677211,6.57922861600041,6.59524336677211,,6.52317817894953,6.4803544539382,6.56408033128139,6.52104445064758,6.42630450500543
1537,Vector,1340,5,Additive0.015,5231360,4679,47,6.57026119388779,6.57922861600041,6.60026119388779,,6.52317817894953,6.4803544539382,6.56408033128139,6.52104445064758,6.42630450500543
1537,Dist L1,1340,5,Additive0.015,1223077,5905,91,6.56524336677211,6.57922861600041,6.59524336677211,,6.52317817894953,6.4803544539382,6.56408033128139,6.52104445064758,6.42630450500543
1538,Oracle,1340,5,Additive0.015,294800,220,22,6.56261815612026,6.58000368649681,6.59261815612026,,6.52359191300171,6.48131824464647,6.56410867915006,6.52153307417135,6.42705221498182
1538,Oracle Vector,1340,5,Additive0.015,4148640,3727,36,6.56757533515254,6.58000368649681,6.59757533515254,,6.52359191300171,6.48131824464647,6.56410867915006,6.52153307417135,6.42705221498182
1538,Vector,1340,5,Additive0.015,5231360,4679,47,6.57026119388779,6.58000368649681,6.60026119388779,,6.52359191300171,6.48131824464647,6.56410867915006,6.52153307417135,6.42705221498182
1538,Value,1340,5,Additive0.015,1182976,5977,88,6.56524336677211,6.58000368649681,6.59524336677211,,6.52359191300171,6.48131824464647,6.56410867915006,6.52153307417135,6.42705221498182
1538,Dist L1,1340,5,Additive0.015,1223077,5905,91,6.56524336677211,6.58000368649681,6.59524336677211,,6.52359191300171,6.48131824464647,6.56410867915006,6.52153307417135,6.42705221498182
1539,Oracle,1340,5,Additive0.015,294800,220,22,6.56261815612026,6.58065901896936,6.59261815612026,,6.52280470215546,6.48215815037908,6.56466057299907,6.52224057980066,6.4275776644221
1539,Vector,1340,5,Additive0.015,5231360,4679,47,6.57026119388779,6.58065901896936,6.60026119388779,,6.52280470215546,6.48215815037908,6.56466057299907,6.52224057980065,6.4275776644221
1539,Value,1340,5,Additive0.015,1182976,5977,88,6.56524336677211,6.58065901896936,6.59524336677211,,6.52280470215546,6.48215815037908,6.56466057299907,6.52224057980066,6.4275776644221
1539,Oracle Vector,1340,5,Additive0.015,4162040,3739,36,6.56757533515254,6.58065901896936,6.59757533515254,,6.52280470215546,6.48215815037908,6.56466057299907,6.52224057980065,6.4275776644221
1539,Dist L1,1340,5,Additive0.015,1223077,5905,91,6.56524336677211,6.58065901896936,6.59524336677211,,6.52280470215546,6.48215815037908,6.56466057299907,6.52224057980066,6.4275776644221
1540,Oracle,1340,5,Additive0.015,294800,220,22,6.56261815612026,6.58084883971771,6.59261815612026,,6.52296986708024,6.48259195151884,6.5650210973037,6.52224730446028,6.42721281339337
1540,Oracle Vector,1340,5,Additive0.015,4162040,3739,36,6.56757533515254,6.58084883971771,6.59757533515254,,6.52296986708024,6.48259195151884,6.56502109730371,6.52224730446028,6.42721281339337
1540,Value,1340,5,Additive0.015,1182976,5977,88,6.56524336677211,6.58084883971771,6.59524336677211,,6.52296986708024,6.48259195151884,6.56502109730371,6.52224730446028,6.42721281339337
1540,Vector,1340,5,Additive0.015,5231360,4679,47,6.57026119388779,6.58084883971771,6.60026119388779,,6.52296986708024,6.48259195151884,6.56502109730371,6.52224730446028,6.42721281339337
1540,Dist L1,1340,5,Additive0.015,1223077,5905,91,6.56524336677211,6.58084883971771,6.59524336677211,,6.52296986708024,6.48259195151884,6.56502109730371,6.52224730446028,6.42721281339337
1541,Oracle,1340,5,Additive0.015,294800,220,22,6.56261815612026,6.58045016607243,6.59261815612026,,6.52206215531757,6.48252824729014,6.56491241383724,6.52173597153585,6.42632025390117
1541,Oracle Vector,1340,5,Additive0.015,4162040,3739,36,6.56757533515254,6.58045016607243,6.59757533515254,,6.52206215531757,6.48252824729014,6.56491241383725,6.52173597153585,6.42632025390118
1541,Value,1340,5,Additive0.015,1182980,5982,88,6.56524336677211,6.58045016607243,6.59524336677211,,6.52206215531757,6.48252824729014,6.56491241383725,6.52173597153585,6.42632025390118
1541,Vector,1340,5,Additive0.015,5236720,4684,47,6.57026119388779,6.58045016607243,6.60026119388779,,6.52206215531757,6.48252824729014,6.56491241383725,6.52173597153585,6.42632025390118
1541,Dist L1,1340,5,Additive0.015,1223081,5910,91,6.56524336677211,6.58045016607243,6.59524336677211,,6.52206215531757,6.48252824729014,6.56491241383725,6.52173597153585,6.42632025390118
1542,Oracle,1340,5,Additive0.015,294800,220,22,6.56261815612026,6.5806508945541,6.59261815612026,,6.52228618417007,6.48341278481177,6.56482007097348,6.52132905815571,6.42545226606419
1542,Oracle Vector,1340,5,Additive0.015,4162040,3739,36,6.56757533515254,6.5806508945541,6.59757533515254,,6.52228618417007,6.48341278481177,6.56482007097348,6.52132905815571,6.42545226606419
1542,Vector,1340,5,Additive0.015,5236720,4684,47,6.57026119388779,6.5806508945541,6.60026119388779,,6.52228618417007,6.48341278481177,6.56482007097348,6.52132905815571,6.42545226606419
1542,Value,1340,5,Additive0.015,1182980,5982,88,6.56524336677211,6.5806508945541,6.59524336677211,,6.52228618417007,6.48341278481177,6.56482007097348,6.52132905815571,6.42545226606419
1542,Dist L1,1340,5,Additive0.015,1223081,5910,91,6.56524336677211,6.5806508945541,6.59524336677211,,6.52228618417007,6.48341278481177,6.56482007097348,6.52132905815571,6.42545226606419
1543,Oracle,1340,5,Additive0.015,294800,220,22,6.56261815612026,6.5807423175833,6.59261815612026,,6.52272494647554,6.48392039786259,6.56443856661041,6.52129680360442,6.42477964904779
1543,Oracle Vector,1340,5,Additive0.015,4162040,3739,36,6.56757533515254,6.5807423175833,6.59757533515254,,6.52272494647554,6.48392039786259,6.56443856661041,6.52129680360442,6.42477964904779
1543,Value,1340,5,Additive0.015,1182984,5987,88,6.56524336677211,6.5807423175833,6.59524336677211,,6.52272494647554,6.48392039786259,6.56443856661041,6.52129680360441,6.42477964904779
1543,Vector,1340,5,Additive0.015,5236720,4684,47,6.57026119388779,6.5807423175833,6.60026119388779,,6.52272494647554,6.48392039786259,6.56443856661041,6.52129680360442,6.42477964904779
1543,Dist L1,1340,5,Additive0.015,1223081,5910,91,6.56524336677211,6.5807423175833,6.59524336677211,,6.52272494647554,6.48392039786259,6.56443856661041,6.52129680360441,6.42477964904779
1544,Oracle,1340,5,Additive0.015,294800,220,22,6.56261815612026,6.58131415241788,6.59261815612026,,6.52333284872034,6.48493912498514,6.56507660154845,6.52139890274388,6.42471164344626
1544,Oracle Vector,1340,5,Additive0.015,4162040,3739,36,6.56757533515254,6.58131415241788,6.59757533515254,,6.52333284872034,6.48493912498514,6.56507660154845,6.52139890274389,6.42471164344625
1544,Value,1340,5,Additive0.015,1182984,5987,88,6.56524336677211,6.58131415241788,6.59524336677211,,6.52333284872034,6.48493912498514,6.56507660154845,6.52139890274389,6.42471164344626
1544,Vector,1340,5,Additive0.015,5236720,4684,47,6.57026119388779,6.58131415241788,6.60026119388779,,6.52333284872035,6.48493912498514,6.56507660154845,6.52139890274389,6.42471164344625
1544,Dist L1,1340,5,Additive0.015,1223081,5910,91,6.56524336677211,6.58131415241788,6.59524336677211,,6.52333284872035,6.48493912498514,6.56507660154845,6.52139890274389,6.42471164344626
1545,Oracle,1340,5,Additive0.015,294800,220,22,6.56261815612026,6.58169415604129,6.59261815612026,,6.52380005296965,6.48538781523382,6.56552179935287,6.52154604175587,6.42454405505801
1545,Vector,1340,5,Additive0.015,5236720,4684,47,6.57026119388779,6.58169415604129,6.60026119388779,,6.52380005296966,6.48538781523382,6.56552179935287,6.52154604175587,6.42454405505801
1545,Value,1340,5,Additive0.015,1182994,5999,88,6.56524336677211,6.58169415604129,6.59524336677211,,6.52380005296966,6.48538781523382,6.56552179935287,6.52154604175587,6.42454405505801
1545,Oracle Vector,1340,5,Additive0.015,4167400,3744,36,6.56757533515254,6.58169415604129,6.59757533515254,,6.52380005296965,6.48538781523382,6.56552179935287,6.52154604175587,6.42454405505801
1545,Dist L1,1340,5,Additive0.015,1223085,5915,91,6.56524336677211,6.58169415604129,6.59524336677211,,6.52380005296966,6.48538781523382,6.56552179935287,6.52154604175587,6.42454405505801
1546,Oracle,1340,5,Additive0.015,294800,220,22,6.56261815612026,6.58171103079677,6.59261815612026,,6.52400917026944,6.4850762753506,6.56543452920406,6.52168643709769,6.42426270745236
1546,Oracle Vector,1340,5,Additive0.015,4167400,3744,36,6.56757533515254,6.58171103079677,6.59757533515254,,6.52400917026943,6.48507627535059,6.56543452920406,6.52168643709769,6.42426270745235
1546,Value,1340,5,Additive0.015,1183002,6009,88,6.56524336677211,6.58171103079677,6.59524336677211,,6.52400917026943,6.48507627535059,6.56543452920406,6.52168643709769,6.42426270745235
1546,Vector,1340,5,Additive0.015,5242080,4689,47,6.57026119388779,6.58171103079677,6.60026119388779,,6.52400917026943,6.48507627535059,6.56543452920406,6.52168643709769,6.42426270745235
1546,Dist L1,1340,5,Additive0.015,1223085,5915,91,6.56524336677211,6.58171103079677,6.59524336677211,,6.52400917026943,6.48507627535059,6.56543452920406,6.52168643709769,6.42426270745235
1547,Oracle,1340,5,Additive0.015,294800,220,22,6.56261815612026,6.58230003529387,6.59261815612026,,6.52370578364914,6.48560835537566,6.56632866650347,6.52170826439336,6.42472273433018
1547,Value,1340,5,Additive0.015,1183002,6009,88,6.56524336677211,6.58230003529387,6.59524336677211,,6.52370578364914,6.48560835537566,6.56632866650347,6.52170826439336,6.42472273433018
1547,Vector,1340,5,Additive0.015,5242080,4689,47,6.57026119388779,6.58230003529387,6.60026119388779,,6.52370578364914,6.48560835537566,6.56632866650347,6.52170826439336,6.42472273433018
1547,Oracle Vector,1340,5,Additive0.015,4172760,3749,36,6.56757533515254,6.58230003529387,6.59757533515254,,6.52370578364914,6.48560835537566,6.56632866650347,6.52170826439336,6.42472273433018
1547,Dist L1,1340,5,Additive0.015,1223085,5915,91,6.56524336677211,6.58230003529387,6.59524336677211,,6.52370578364914,6.48560835537566,6.56632866650347,6.52170826439336,6.42472273433018
1548,Oracle,1340,5,Additive0.015,294800,220,22,6.56261815612026,6.58291601066664,6.59261815612026,,6.52380575042524,6.4860387464164,6.56666604232943,6.52246761110559,6.42579886433366
1548,Oracle Vector,1340,5,Additive0.015,4172760,3749,36,6.56757533515254,6.58291601066664,6.59757533515254,,6.52380575042524,6.4860387464164,6.56666604232943,6.52246761110559,6.42579886433366
1548,Value,1340,5,Additive0.015,1183002,6009,88,6.56524336677211,6.58291601066664,6.59524336677211,,6.52380575042525,6.4860387464164,6.56666604232943,6.52246761110559,6.42579886433366
1548,Vector,1340,5,Additive0.015,5242080,4689,47,6.57026119388779,6.58291601066664,6.60026119388779,,6.52380575042525,6.4860387464164,6.56666604232943,6.52246761110559,6.42579886433366
1548,Dist L1,1340,5,Additive0.015,1223089,5920,91,6.56524336677211,6.58291601066664,6.59524336677211,,6.52380575042525,6.4860387464164,6.56666604232943,6.52246761110559,6.42579886433366
1549,Oracle,1340,5,Additive0.015,294800,220,22,6.56261815612026,6.58279304644629,6.59261815612026,,6.52194686190739,6.48557846560611,6.56686419242959,6.52322967858785,6.42637187549399
1549,Oracle Vector,1340,5,Additive0.015,4178120,3754,36,6.56757533515254,6.58279304644629,6.59757533515254,,6.52194686190738,6.48557846560611,6.56686419242959,6.52322967858785,6.42637187549399
1549,Value,1340,5,Additive0.015,1183006,6014,88,6.56524336677211,6.58279304644629,6.59524336677211,,6.52194686190738,6.48557846560611,6.56686419242959,6.52322967858785,6.42637187549399
1549,Vector,1340,5,Additive0.015,5247440,4694,47,6.57026119388779,6.58279304644629,6.60026119388779,,6.52194686190738,6.48557846560611,6.56686419242959,6.52322967858785,6.42637187549399
1549,Dist L1,1340,5,Additive0.015,1223097,5930,91,6.56524336677211,6.58279304644629,6.59524336677211,,6.52194686190738,6.48557846560611,6.56686419242959,6.52322967858785,6.42637187549399
1550,Oracle,1340,5,Additive0.015,294800,220,22,6.56261815612026,6.58299350781483,6.59261815612026,,6.52123721863686,6.48626940183,6.56633823575519,6.52430549564697,6.42723507374238
1550,Vector,1340,5,Additive0.015,5247440,4694,47,6.57026119388779,6.58299350781483,6.60026119388779,,6.52123721863686,6.48626940183,6.56633823575519,6.52430549564697,6.42723507374239
1550,Oracle Vector,1340,5,Additive0.015,4186160,3761,36,6.56757533515254,6.58299350781483,6.59757533515254,,6.52123721863686,6.48626940183,6.56633823575519,6.52430549564697,6.42723507374239
1550,Value,1340,5,Additive0.015,1183010,6019,88,6.56524336677211,6.58299350781483,6.59524336677211,,6.52123721863686,6.48626940183,6.56633823575519,6.52430549564697,6.42723507374239
1550,Dist L1,1340,5,Additive0.015,1223105,5940,91,6.56524336677211,6.58299350781483,6.59524336677211,,6.52123721863686,6.48626940183,6.56633823575519,6.52430549564697,6.42723507374239
1551,Oracle,1340,5,Additive0.015,294800,220,22,6.56261815612026,6.58345602167394,6.59261815612026,,6.52100570280531,6.48626843753877,6.56630836777237,6.5258870778575,6.42853749221837
1551,Value,1340,5,Additive0.015,1183018,6029,88,6.56524336677211,6.58345602167394,6.59524336677211,,6.52100570280532,6.48626843753878,6.56630836777237,6.5258870778575,6.42853749221838
1551,Vector,1340,5,Additive0.015,5247440,4694,47,6.57026119388779,6.58345602167394,6.60026119388779,,6.52100570280532,6.48626843753878,6.56630836777237,6.5258870778575,6.42853749221838
1551,Oracle Vector,1340,5,Additive0.015,4196880,3771,36,6.56757533515254,6.58345602167394,6.59757533515254,,6.52100570280532,6.48626843753878,6.56630836777237,6.5258870778575,6.42853749221838
1551,Dist L1,1340,5,Additive0.015,1223115,5952,91,6.56524336677211,6.58345602167394,6.59524336677211,,6.52100570280532,6.48626843753878,6.56630836777237,6.5258870778575,6.42853749221838
1552,Oracle,1340,5,Additive0.015,294800,220,22,6.56261815612026,6.58405916334978,6.59261815612026,,6.52214236738315,6.48686008854983,6.56603888269416,6.52647904661621,6.42992080340208
1552,Vector,1340,5,Additive0.015,5247440,4694,47,6.57026119388779,6.58405916334978,6.60026119388779,,6.52214236738315,6.48686008854982,6.56603888269416,6.52647904661621,6.42992080340208
1552,Value,1340,5,Additive0.015,1183028,6041,88,6.56524336677211,6.58405916334978,6.59524336677211,,6.52214236738315,6.48686008854982,6.56603888269416,6.52647904661621,6.42992080340208
1552,Oracle Vector,1340,5,Additive0.015,4207600,3782,36,6.56757533515254,6.58405916334978,6.59757533515254,,6.52214236738315,6.48686008854982,6.56603888269416,6.52647904661621,6.42992080340208
1552,Dist L1,1340,5,Additive0.015,1223115,5952,91,6.56524336677211,6.58405916334978,6.59524336677211,,6.52214236738315,6.48686008854982,6.56603888269416,6.52647904661621,6.42992080340208
1553,Oracle,1340,5,Additive0.015,294800,220,22,6.56261815612026,6.58411826698092,6.59261815612026,,6.52143505304873,6.4864855921935,6.56464759346249,6.52761739065457,6.43128693315837
1553,Vector,1340,5,Additive0.015,5247440,4694,47,6.57026119388779,6.58411826698093,6.60026119388779,,6.52143505304873,6.4864855921935,6.56464759346249,6.52761739065457,6.43128693315837
1553,Oracle Vector,1340,5,Additive0.015,4218320,3792,36,6.56757533515254,6.58411826698093,6.59757533515254,,6.52143505304873,6.4864855921935,6.56464759346249,6.52761739065457,6.43128693315837
1553,Value,1340,5,Additive0.015,1183032,6046,88,6.56524336677211,6.58411826698093,6.59524336677211,,6.52143505304873,6.4864855921935,6.56464759346249,6.52761739065457,6.43128693315837
1553,Dist L1,1340,5,Additive0.015,1223119,5957,91,6.56524336677211,6.58411826698093,6.59524336677211,,6.52143505304873,6.4864855921935,6.56464759346249,6.52761739065457,6.43128693315837
1554,Oracle,1340,5,Additive0.015,294800,220,22,6.56261815612026,6.58417673763823,6.59261815612026,,6.52169518093228,6.48727987491491,6.56439787437135,6.52803751260183,6.42973031178701
1554,Oracle Vector,1340,5,Additive0.015,4218320,3792,36,6.56757533515254,6.58417673763823,6.59757533515254,,6.52169518093228,6.48727987491491,6.56439787437135,6.52803751260183,6.42973031178701
1554,Value,1340,5,Additive0.015,1183042,6059,88,6.56524336677211,6.58417673763823,6.59524336677211,,6.52169518093228,6.48727987491491,6.56439787437135,6.52803751260183,6.42973031178701
1554,Vector,1340,5,Additive0.015,5252800,4699,47,6.57026119388779,6.58417673763823,6.60026119388779,,6.52169518093228,6.48727987491491,6.56439787437135,6.52803751260183,6.42973031178701
1554,Dist L1,1340,5,Additive0.015,1223133,5974,91,6.56524336677211,6.58417673763823,6.59524336677211,,6.52169518093228,6.48727987491491,6.56439787437135,6.52803751260183,6.42973031178701
1555,Oracle,1340,5,Additive0.015,294800,220,22,6.56261815612026,6.58477121086476,6.59261815612026,,6.52211647306684,6.48836344420379,6.56389625519956,6.52854048710183,6.43119430256468
1555,Oracle Vector,1340,5,Additive0.015,4218320,3792,36,6.56757533515254,6.58477121086476,6.59757533515254,,6.52211647306685,6.48836344420379,6.56389625519956,6.52854048710183,6.43119430256468
1555,Vector,1340,5,Additive0.015,5252800,4699,47,6.57026119388779,6.58477121086476,6.60026119388779,,6.52211647306685,6.48836344420379,6.56389625519956,6.52854048710183,6.43119430256468
1555,Value,1340,5,Additive0.015,1183050,6069,88,6.56524336677211,6.58477121086476,6.59524336677211,,6.52211647306685,6.48836344420379,6.56389625519956,6.52854048710183,6.43119430256468
1555,Dist L1,1340,5,Additive0.015,1223141,5984,91,6.56524336677211,6.58477121086476,6.59524336677211,,6.52211647306685,6.48836344420379,6.56389625519956,6.52854048710183,6.43119430256468
1556,Oracle,1340,5,Additive0.015,294800,220,22,6.56261815612026,6.58509618093877,6.59261815612026,,6.52144744168572,6.48933474253123,6.56363274634532,6.5294147356475,6.43207687627699
1556,Oracle Vector,1340,5,Additive0.015,4218320,3792,36,6.56757533515254,6.58509618093877,6.59757533515254,,6.52144744168572,6.48933474253123,6.56363274634532,6.5294147356475,6.43207687627699
1556,Value,1340,5,Additive0.015,1183062,6084,88,6.56524336677211,6.58509618093877,6.59524336677211,,6.52144744168572,6.48933474253123,6.56363274634532,6.5294147356475,6.43207687627699
1556,Vector,1340,5,Additive0.015,5252800,4699,47,6.57026119388779,6.58509618093877,6.60026119388779,,6.52144744168572,6.48933474253123,6.56363274634532,6.5294147356475,6.43207687627699
1556,Dist L1,1340,5,Additive0.015,1223149,5994,91,6.56524336677211,6.58509618093877,6.59524336677211,,6.52144744168572,6.48933474253123,6.56363274634532,6.5294147356475,6.43207687627699
1557,Oracle,1340,5,Additive0.015,294800,220,22,6.56261815612026,6.58553145647111,6.59261815612026,,6.52215669026064,6.49019844778339,6.56269376271621,6.53009052886596,6.43203275129993
1557,Value,1340,5,Additive0.015,1183070,6094,88,6.56524336677211,6.58553145647111,6.59524336677211,,6.52215669026064,6.49019844778339,6.56269376271621,6.53009052886597,6.43203275129993
1557,Oracle Vector,1340,5,Additive0.015,4223680,3797,36,6.56757533515254,6.58553145647111,6.59757533515254,,6.52215669026063,6.49019844778339,6.56269376271621,6.53009052886597,6.43203275129993
1557,Vector,1340,5,Additive0.015,5252800,4699,47,6.57026119388779,6.58553145647111,6.60026119388779,,6.52215669026064,6.49019844778339,6.56269376271621,6.53009052886597,6.43203275129993
1557,Dist L1,1340,5,Additive0.015,1223165,6014,91,6.56524336677211,6.58553145647111,6.59524336677211,,6.52215669026064,6.49019844778339,6.56269376271621,6.53009052886597,6.43203275129993
1558,Oracle,1340,5,Additive0.015,294800,220,22,6.56261815612026,6.58584286662625,6.59261815612026,,6.52212064571449,6.49059096328022,6.56180774651784,6.53158467337109,6.4322751310967
1558,Oracle Vector,1340,5,Additive0.015,4223680,3797,36,6.56757533515254,6.58584286662625,6.59757533515254,,6.52212064571449,6.49059096328022,6.56180774651784,6.53158467337109,6.4322751310967
1558,Vector,1340,5,Additive0.015,5258160,4704,47,6.57026119388779,6.58584286662625,6.60026119388779,,6.52212064571449,6.49059096328022,6.56180774651784,6.53158467337109,6.4322751310967
1558,Value,1340,5,Additive0.015,1196475,6115,89,6.57084286662625,6.58584286662625,6.60084286662625,,6.52212064571449,6.49059096328022,6.56180774651784,6.53158467337109,6.4322751310967
1558,Dist L1,1340,5,Additive0.015,1236570,6035,92,6.57084286662625,6.58584286662625,6.60084286662625,,6.52212064571449,6.49059096328022,6.56180774651784,6.53158467337109,6.4322751310967
1559,Oracle,1340,5,Additive0.015,294800,220,22,6.56261815612026,6.5865288175516,6.59261815612026,,6.52152648849972,6.49138897094744,6.56168156386941,6.5329313498955,6.4331323515683
1559,Oracle Vector,1340,5,Additive0.015,4231720,3804,36,6.56757533515254,6.5865288175516,6.59757533515254,,6.52152648849972,6.49138897094744,6.56168156386941,6.53293134989549,6.4331323515683
1559,Value,1340,5,Additive0.015,1196475,6115,89,6.57084286662625,6.5865288175516,6.60084286662625,,6.52152648849972,6.49138897094744,6.56168156386941,6.53293134989549,6.4331323515683
1559,Vector,1340,5,Additive0.015,5263520,4709,47,6.57026119388779,6.5865288175516,6.60026119388779,,6.52152648849972,6.49138897094744,6.56168156386941,6.5329313498955,6.4331323515683
1559,Dist L1,1340,5,Additive0.015,1236570,6035,92,6.57084286662625,6.5865288175516,6.60084286662625,,6.52152648849972,6.49138897094744,6.56168156386941,6.53293134989549,6.4331323515683
1560,Oracle,1340,5,Additive0.015,294800,220,22,6.56261815612026,6.58652890534319,6.59261815612026,,6.52204031109713,6.49167765859818,6.56157391271092,6.53339352064429,6.43285080380243
1560,Oracle Vector,1340,5,Additive0.015,4231720,3804,36,6.56757533515254,6.58652890534319,6.59757533515254,,6.52204031109713,6.49167765859818,6.56157391271092,6.53339352064429,6.43285080380243
1560,Value,1340,5,Additive0.015,1196475,6115,89,6.57084286662625,6.58652890534319,6.60084286662625,,6.52204031109713,6.49167765859818,6.56157391271092,6.53339352064429,6.43285080380243
1560,Vector,1340,5,Additive0.015,5263520,4709,47,6.57026119388779,6.58652890534319,6.60026119388779,,6.52204031109713,6.49167765859818,6.56157391271092,6.53339352064429,6.43285080380243
1560,Dist L1,1340,5,Additive0.015,1236570,6035,92,6.57084286662625,6.58652890534319,6.60084286662625,,6.52204031109713,6.49167765859818,6.56157391271092,6.53339352064429,6.43285080380243
1561,Oracle,1340,5,Additive0.015,294800,220,22,6.56261815612026,6.58666334061951,6.59261815612026,,6.52149921625789,6.49164760170349,6.56055744070935,6.53441034894719,6.43369026940387
1561,Oracle Vector,1340,5,Additive0.015,4237080,3809,36,6.56757533515254,6.58666334061951,6.59757533515254,,6.52149921625789,6.49164760170349,6.56055744070935,6.53441034894719,6.43369026940387
1561,Value,1340,5,Additive0.015,1196475,6115,89,6.57084286662625,6.58666334061951,6.60084286662625,,6.52149921625789,6.49164760170349,6.56055744070935,6.53441034894719,6.43369026940387
1561,Vector,1340,5,Additive0.015,5268880,4714,47,6.57026119388779,6.58666334061951,6.60026119388779,,6.52149921625789,6.49164760170349,6.56055744070935,6.53441034894719,6.43369026940387
1561,Dist L1,1340,5,Additive0.015,1236570,6035,92,6.57084286662625,6.58666334061951,6.60084286662625,,6.52149921625789,6.49164760170349,6.56055744070935,6.53441034894719,6.43369026940387
1562,Oracle,1340,5,Additive0.015,294800,220,22,6.56261815612026,6.58804139385512,6.59261815612026,,6.52280434481223,6.49315111647926,6.56085842215739,6.53622182975765,6.43412011351484
1562,Value,1340,5,Additive0.015,1196475,6115,89,6.57084286662625,6.58804139385512,6.60084286662625,,6.52280434481223,6.49315111647927,6.56085842215739,6.53622182975765,6.43412011351485
1562,Oracle Vector,1340,5,Additive0.015,4250480,3822,36,6.56757533515254,6.58804139385512,6.59757533515254,,6.52280434481223,6.49315111647927,6.56085842215739,6.53622182975765,6.43412011351484
1562,Vector,1340,5,Additive0.015,5276920,4721,47,6.57026119388779,6.58804139385512,6.60026119388779,,6.52280434481223,6.49315111647927,6.56085842215739,6.53622182975765,6.43412011351484
1562,Dist L1,1340,5,Additive0.015,1236570,6035,92,6.57084286662625,6.58804139385512,6.60084286662625,,6.52280434481223,6.49315111647927,6.56085842215739,6.53622182975765,6.43412011351485
1563,Oracle,1340,5,Additive0.015,294800,220,22,6.56261815612026,6.58930417844197,6.59261815612026,,6.52358359831239,6.49535241151534,6.56112605129423,6.53786347178398,6.43468628822923
1563,Value,1340,5,Additive0.015,1196475,6115,89,6.57084286662625,6.58930417844197,6.60084286662625,,6.52358359831239,6.49535241151535,6.56112605129423,6.53786347178398,6.43468628822923
1563,Oracle Vector,1340,5,Additive0.015,4263880,3832,37,6.57430417844197,6.58930417844197,6.60430417844197,,6.52358359831239,6.49535241151535,6.56112605129423,6.53786347178398,6.43468628822923
1563,Vector,1340,5,Additive0.015,5284960,4728,47,6.57026119388779,6.58930417844197,6.60026119388779,,6.52358359831239,6.49535241151535,6.56112605129423,6.53786347178398,6.43468628822923
1563,Dist L1,1340,5,Additive0.015,1236570,6035,92,6.57084286662625,6.58930417844197,6.60084286662625,,6.52358359831239,6.49535241151535,6.56112605129423,6.53786347178398,6.43468628822923
1564,Oracle,1340,5,Additive0.015,294800,220,22,6.56261815612026,6.59068657489522,6.59261815612026,,6.52482481957532,6.49716516753311,6.56164549283597,6.53969730866393,6.43551972809139
1564,Oracle Vector,1340,5,Additive0.015,4263880,3832,37,6.57430417844197,6.59068657489522,6.60430417844197,,6.52482481957532,6.49716516753311,6.56164549283597,6.53969730866393,6.43551972809139
1564,Value,1340,5,Additive0.015,1196475,6115,89,6.57084286662625,6.59068657489522,6.60084286662625,,6.52482481957532,6.49716516753311,6.56164549283597,6.53969730866393,6.43551972809139
1564,Vector,1340,5,Additive0.015,5298360,4739,47,6.57026119388779,6.59068657489522,6.60026119388779,,6.52482481957532,6.49716516753311,6.56164549283597,6.53969730866393,6.43551972809139
1564,Dist L1,1340,5,Additive0.015,1236570,6035,92,6.57084286662625,6.59068657489522,6.60084286662625,,6.52482481957532,6.49716516753311,6.56164549283597,6.53969730866393,6.43551972809139
1565,Oracle,1340,5,Additive0.015,294800,220,22,6.56261815612026,6.59098756213497,6.59261815612026,,6.52554384391299,6.49757666791142,6.56114567609726,6.5403897140322,6.4355804764289
1565,Oracle Vector,1340,5,Additive0.015,4263880,3832,37,6.57430417844197,6.59098756213497,6.60430417844197,,6.52554384391299,6.49757666791141,6.56114567609726,6.54038971403219,6.4355804764289
1565,Value,1340,5,Additive0.015,1196475,6115,89,6.57084286662625,6.59098756213497,6.60084286662625,,6.52554384391299,6.49757666791141,6.56114567609726,6.54038971403219,6.4355804764289
1565,Vector,1340,5,Additive0.015,5306400,4746,47,6.57026119388779,6.59098756213497,6.60026119388779,,6.52554384391299,6.49757666791141,6.56114567609726,6.54038971403219,6.4355804764289
1565,Dist L1,1340,5,Additive0.015,1236570,6035,92,6.57084286662625,6.59098756213497,6.60084286662625,,6.52554384391299,6.49757666791141,6.56114567609726,6.54038971403219,6.4355804764289
1566,Oracle,1340,5,Additive0.015,294800,220,22,6.56261815612026,6.59158843335467,6.59261815612026,,6.52618494821202,6.49795300005955,6.56057049770346,6.54159203805073,6.43606447260695
1566,Oracle Vector,1340,5,Additive0.015,4263880,3832,37,6.57430417844197,6.59158843335467,6.60430417844197,,6.52618494821202,6.49795300005955,6.56057049770345,6.54159203805073,6.43606447260694
1566,Value,1340,5,Additive0.015,1196475,6115,89,6.57084286662625,6.59158843335467,6.60084286662625,,6.52618494821202,6.49795300005955,6.56057049770345,6.54159203805073,6.43606447260695
1566,Vector,1340,5,Additive0.015,5319800,4758,48,6.57658843335467,6.59158843335467,6.60658843335467,,6.52618494821202,6.49795300005955,6.56057049770345,6.54159203805073,6.43606447260695
1566,Dist L1,1340,5,Additive0.015,1236570,6035,92,6.57084286662625,6.59158843335467,6.60084286662625,,6.52618494821202,6.49795300005955,6.56057049770345,6.54159203805073,6.43606447260695
1567,Oracle,1340,5,Additive0.015,308200,230,23,6.57795706613061,6.59295706613061,6.60795706613061,,6.52656815557165,6.4999078510075,6.56069007258734,6.5441171468176,6.43742182134882
1567,Oracle Vector,1340,5,Additive0.015,4263880,3832,37,6.57430417844197,6.59295706613061,6.60430417844197,,6.52656815557165,6.49990785100751,6.56069007258734,6.5441171468176,6.43742182134882
1567,Value,1340,5,Additive0.015,1196475,6115,89,6.57084286662625,6.59295706613061,6.60084286662625,,6.52656815557165,6.49990785100751,6.56069007258734,6.54411714681761,6.43742182134882
1567,Vector,1340,5,Additive0.015,5319800,4758,48,6.57658843335467,6.59295706613061,6.60658843335467,,6.52656815557165,6.49990785100751,6.56069007258734,6.5441171468176,6.43742182134882
1567,Dist L1,1340,5,Additive0.015,1236570,6035,92,6.57084286662625,6.59295706613061,6.60084286662625,,6.52656815557165,6.49990785100751,6.56069007258734,6.54411714681761,6.43742182134882
1568,Oracle,1340,5,Additive0.015,308200,230,23,6.57795706613061,6.59410231080316,6.60795706613061,,6.52774583355456,6.50102502848799,6.56032385134159,6.54634891110955,6.43841411318386
1568,Oracle Vector,1340,5,Additive0.015,4263880,3832,37,6.57430417844197,6.59410231080316,6.60430417844197,,6.52774583355456,6.50102502848799,6.56032385134159,6.54634891110955,6.43841411318385
1568,Value,1340,5,Additive0.015,1196475,6115,89,6.57084286662625,6.59410231080316,6.60084286662625,,6.52774583355456,6.50102502848799,6.56032385134159,6.54634891110955,6.43841411318385
1568,Vector,1340,5,Additive0.015,5319800,4758,48,6.57658843335467,6.59410231080316,6.60658843335467,,6.52774583355456,6.50102502848799,6.56032385134159,6.54634891110955,6.43841411318385
1568,Dist L1,1340,5,Additive0.015,1236570,6035,92,6.57084286662625,6.59410231080316,6.60084286662625,,6.52774583355456,6.50102502848799,6.56032385134159,6.54634891110955,6.43841411318385
1569,Oracle,1340,5,Additive0.015,308200,230,23,6.57795706613061,6.59428135966903,6.60795706613061,,6.5274053731221,6.50161950914627,6.55939520361616,6.54738966293401,6.43848626398996
1569,Oracle Vector,1340,5,Additive0.015,4263880,3832,37,6.57430417844197,6.59428135966903,6.60430417844197,,6.52740537312211,6.50161950914627,6.55939520361617,6.54738966293401,6.43848626398997
1569,Vector,1340,5,Additive0.015,5319800,4758,48,6.57658843335467,6.59428135966903,6.60658843335467,,6.52740537312211,6.50161950914627,6.55939520361617,6.54738966293401,6.43848626398997
1569,Value,1340,5,Additive0.015,1196475,6115,89,6.57084286662625,6.59428135966903,6.60084286662625,,6.52740537312211,6.50161950914627,6.55939520361617,6.54738966293401,6.43848626398997
1569,Dist L1,1340,5,Additive0.015,1236570,6035,92,6.57084286662625,6.59428135966903,6.60084286662625,,6.52740537312211,6.50161950914627,6.55939520361617,6.54738966293401,6.43848626398997
1570,Oracle,1340,5,Additive0.015,308200,230,23,6.57795706613061,6.59397014759576,6.60795706613061,,6.52770777586452,6.50208024030025,6.55822755565028,6.54801602857675,6.43725835882764
1570,Oracle Vector,1340,5,Additive0.015,4263880,3832,37,6.57430417844197,6.59397014759576,6.60430417844197,,6.52770777586452,6.50208024030025,6.55822755565028,6.54801602857675,6.43725835882764
1570,Value,1340,5,Additive0.015,1196479,6120,89,6.57084286662625,6.59397014759576,6.60084286662625,,6.52770777586452,6.50208024030025,6.55822755565028,6.54801602857675,6.43725835882764
1570,Vector,1340,5,Additive0.015,5319800,4758,48,6.57658843335467,6.59397014759576,6.60658843335467,,6.52770777586452,6.50208024030025,6.55822755565028,6.54801602857675,6.43725835882764
1570,Dist L1,1340,5,Additive0.015,1236574,6040,92,6.57084286662625,6.59397014759576,6.60084286662625,,6.52770777586452,6.50208024030025,6.55822755565028,6.54801602857675,6.43725835882764
1571,Oracle,1340,5,Additive0.015,308200,230,23,6.57795706613061,6.59395691541522,6.60795706613061,,6.52787356999819,6.50175246098145,6.55746869543862,6.54952076703893,6.43711951208681
1571,Value,1340,5,Additive0.015,1196479,6120,89,6.57084286662625,6.59395691541522,6.60084286662625,,6.52787356999819,6.50175246098145,6.55746869543862,6.54952076703893,6.43711951208681
1571,Oracle Vector,1340,5,Additive0.015,4263880,3832,37,6.57430417844197,6.59395691541522,6.60430417844197,,6.52787356999819,6.50175246098145,6.55746869543862,6.54952076703893,6.43711951208681
1571,Vector,1340,5,Additive0.015,5319800,4758,48,6.57658843335467,6.59395691541522,6.60658843335467,,6.52787356999819,6.50175246098145,6.55746869543862,6.54952076703893,6.43711951208681
1571,Dist L1,1340,5,Additive0.015,1236574,6040,92,6.57084286662625,6.59395691541522,6.60084286662625,,6.52787356999819,6.50175246098145,6.55746869543862,6.54952076703893,6.43711951208681
1572,Oracle,1340,5,Additive0.015,308200,230,23,6.57795706613061,6.59434764159224,6.60795706613061,,6.52706632825342,6.50257180675626,6.55676545327504,6.55063529793976,6.43830799605573
1572,Oracle Vector,1340,5,Additive0.015,4263880,3832,37,6.57430417844197,6.59434764159225,6.60430417844197,,6.52706632825343,6.50257180675626,6.55676545327504,6.55063529793976,6.43830799605574
1572,Value,1340,5,Additive0.015,1196483,6125,89,6.57084286662625,6.59434764159225,6.60084286662625,,6.52706632825343,6.50257180675626,6.55676545327504,6.55063529793976,6.43830799605574
1572,Vector,1340,5,Additive0.015,5319800,4758,48,6.57658843335467,6.59434764159225,6.60658843335467,,6.52706632825343,6.50257180675626,6.55676545327504,6.55063529793976,6.43830799605574
1572,Dist L1,1340,5,Additive0.015,1236574,6040,92,6.57084286662625,6.59434764159225,6.60084286662625,,6.52706632825343,6.50257180675626,6.55676545327504,6.55063529793976,6.43830799605574
1573,Oracle,1340,5,Additive0.015,308200,230,23,6.57795706613061,6.5946233692495,6.60795706613061,,6.52732490123374,6.50352161525358,6.55575182140014,6.55146204876478,6.43875437078948
1573,Oracle Vector,1340,5,Additive0.015,4263880,3832,37,6.57430417844197,6.5946233692495,6.60430417844197,,6.52732490123374,6.50352161525358,6.55575182140014,6.55146204876478,6.43875437078948
1573,Vector,1340,5,Additive0.015,5319800,4758,48,6.57658843335467,6.5946233692495,6.60658843335467,,6.52732490123374,6.50352161525358,6.55575182140014,6.55146204876478,6.43875437078948
1573,Value,1340,5,Additive0.015,1196487,6130,89,6.57084286662625,6.5946233692495,6.60084286662625,,6.52732490123374,6.50352161525358,6.55575182140014,6.55146204876478,6.43875437078947
1573,Dist L1,1340,5,Additive0.015,1236578,6045,92,6.57084286662625,6.5946233692495,6.60084286662625,,6.52732490123374,6.50352161525358,6.55575182140014,6.55146204876478,6.43875437078947
1574,Oracle,1340,5,Additive0.015,308200,230,23,6.57795706613061,6.5952291683941,6.60795706613061,,6.52926994484063,6.50395983616198,6.55594434566644,6.55241273533165,6.43906574985659
1574,Oracle Vector,1340,5,Additive0.015,4263880,3832,37,6.57430417844197,6.5952291683941,6.60430417844197,,6.52926994484063,6.50395983616198,6.55594434566644,6.55241273533165,6.43906574985659
1574,Vector,1340,5,Additive0.015,5319800,4758,48,6.57658843335467,6.5952291683941,6.60658843335467,,6.52926994484063,6.50395983616198,6.55594434566644,6.55241273533165,6.43906574985659
1574,Value,1340,5,Additive0.015,1196487,6130,89,6.57084286662625,6.5952291683941,6.60084286662625,,6.52926994484063,6.50395983616198,6.55594434566644,6.55241273533165,6.43906574985659
1574,Dist L1,1340,5,Additive0.015,1236582,6050,92,6.57084286662625,6.5952291683941,6.60084286662625,,6.52926994484063,6.50395983616198,6.55594434566644,6.55241273533165,6.43906574985659
1575,Oracle,1340,5,Additive0.015,308200,230,23,6.57795706613061,6.59477013276266,6.60795706613061,,6.52963589725581,6.50383398348543,6.55457942091187,6.55158992985399,6.43746821554935
1575,Oracle Vector,1340,5,Additive0.015,4263880,3832,37,6.57430417844197,6.59477013276266,6.60430417844197,,6.52963589725581,6.50383398348542,6.55457942091187,6.55158992985399,6.43746821554935
1575,Vector,1340,5,Additive0.015,5319800,4758,48,6.57658843335467,6.59477013276266,6.60658843335467,,6.52963589725581,6.50383398348542,6.55457942091187,6.55158992985399,6.43746821554935
1575,Value,1340,5,Additive0.015,1196487,6130,89,6.57084286662625,6.59477013276266,6.60084286662625,,6.52963589725581,6.50383398348542,6.55457942091187,6.55158992985399,6.43746821554935
1575,Dist L1,1340,5,Additive0.015,1236582,6050,92,6.57084286662625,6.59477013276266,6.60084286662625,,6.52963589725581,6.50383398348542,6.55457942091187,6.55158992985399,6.43746821554935
1576,Oracle,1340,5,Additive0.015,308200,230,23,6.57795706613061,6.59479981915446,6.60795706613061,,6.53028679811078,6.50422074312344,6.55374871334007,6.55140537253531,6.43656594377533
1576,Oracle Vector,1340,5,Additive0.015,4263880,3832,37,6.57430417844197,6.59479981915446,6.60430417844197,,6.53028679811078,6.50422074312344,6.55374871334007,6.55140537253531,6.43656594377533
1576,Vector,1340,5,Additive0.015,5319800,4758,48,6.57658843335467,6.59479981915446,6.60658843335467,,6.53028679811078,6.50422074312344,6.55374871334007,6.55140537253531,6.43656594377533
1576,Value,1340,5,Additive0.015,1196491,6135,89,6.57084286662625,6.59479981915446,6.60084286662625,,6.53028679811078,6.50422074312344,6.55374871334007,6.55140537253531,6.43656594377533
1576,Dist L1,1340,5,Additive0.015,1236590,6060,92,6.57084286662625,6.59479981915446,6.60084286662625,,6.53028679811078,6.50422074312344,6.55374871334007,6.55140537253531,6.43656594377533
1577,Oracle,1340,5,Additive0.015,308200,230,23,6.57795706613061,6.59444269912357,6.60795706613061,,6.52930071394337,6.50421880760069,6.5521318025362,6.55224637669496,6.4367663882946
1577,Oracle Vector,1340,5,Additive0.015,4263880,3832,37,6.57430417844197,6.59444269912357,6.60430417844197,,6.52930071394337,6.50421880760069,6.5521318025362,6.55224637669496,6.4367663882946
1577,Vector,1340,5,Additive0.015,5319800,4758,48,6.57658843335467,6.59444269912357,6.60658843335467,,6.52930071394337,6.50421880760069,6.5521318025362,6.55224637669496,6.4367663882946
1577,Value,1340,5,Additive0.015,1196491,6135,89,6.57084286662625,6.59444269912357,6.60084286662625,,6.52930071394337,6.50421880760069,6.5521318025362,6.55224637669496,6.4367663882946
1577,Dist L1,1340,5,Additive0.015,1236590,6060,92,6.57084286662625,6.59444269912357,6.60084286662625,,6.52930071394337,6.50421880760069,6.5521318025362,6.55224637669496,6.4367663882946
1578,Oracle,1340,5,Additive0.015,308200,230,23,6.57795706613061,6.59461162241856,6.60795706613061,,6.5299894564684,6.50458399141013,6.55203257051797,6.5529528599196,6.43650623249352
1578,Oracle Vector,1340,5,Additive0.015,4263880,3832,37,6.57430417844197,6.59461162241856,6.60430417844197,,6.5299894564684,6.50458399141013,6.55203257051796,6.5529528599196,6.43650623249352
1578,Value,1340,5,Additive0.015,1196491,6135,89,6.57084286662625,6.59461162241856,6.60084286662625,,6.5299894564684,6.50458399141013,6.55203257051796,6.5529528599196,6.43650623249352
1578,Vector,1340,5,Additive0.015,5325160,4763,48,6.57658843335467,6.59461162241856,6.60658843335467,,6.5299894564684,6.50458399141013,6.55203257051796,6.5529528599196,6.43650623249352
1578,Dist L1,1340,5,Additive0.015,1236590,6060,92,6.57084286662625,6.59461162241856,6.60084286662625,,6.5299894564684,6.50458399141013,6.55203257051796,6.5529528599196,6.43650623249352
1579,Oracle,1340,5,Additive0.015,308200,230,23,6.57795706613061,6.59558844052066,6.60795706613061,,6.53432286259308,6.50769582655532,6.55321215163697,6.55380100492934,6.43555224151865
1579,Oracle Vector,1340,5,Additive0.015,4269240,3837,37,6.57430417844197,6.59558844052066,6.60430417844197,,6.53432286259308,6.50769582655532,6.55321215163697,6.55380100492934,6.43555224151865
1579,Value,1340,5,Additive0.015,1196495,6140,89,6.57084286662625,6.59558844052066,6.60084286662625,,6.53432286259308,6.50769582655532,6.55321215163697,6.55380100492934,6.43555224151865
1579,Vector,1340,5,Additive0.015,5325160,4763,48,6.57658843335467,6.59558844052066,6.60658843335467,,6.53432286259308,6.50769582655532,6.55321215163697,6.55380100492934,6.43555224151865
1579,Dist L1,1340,5,Additive0.015,1236598,6070,92,6.57084286662625,6.59558844052066,6.60084286662625,,6.53432286259308,6.50769582655532,6.55321215163697,6.55380100492934,6.43555224151865
1580,Oracle,1340,5,Additive0.015,308200,230,23,6.57795706613061,6.59560649565756,6.60795706613061,,6.53492810140129,6.50795428482907,6.55233052718725,6.55435524852987,6.43506164228386
1580,Oracle Vector,1340,5,Additive0.015,4269240,3837,37,6.57430417844197,6.59560649565755,6.60430417844197,,6.53492810140129,6.50795428482907,6.55233052718725,6.55435524852987,6.43506164228386
1580,Value,1340,5,Additive0.015,1196495,6140,89,6.57084286662625,6.59560649565755,6.60084286662625,,6.53492810140129,6.50795428482907,6.55233052718725,6.55435524852987,6.43506164228386
1580,Vector,1340,5,Additive0.015,5325160,4763,48,6.57658843335467,6.59560649565755,6.60658843335467,,6.53492810140129,6.50795428482907,6.55233052718725,6.55435524852987,6.43506164228386
1580,Dist L1,1340,5,Additive0.015,1236598,6070,92,6.57084286662625,6.59560649565755,6.60084286662625,,6.53492810140129,6.50795428482907,6.55233052718725,6.55435524852987,6.43506164228386
1581,Oracle,1340,5,Additive0.015,308200,230,23,6.57795706613061,6.59504277928465,6.60795706613061,,6.53471819683468,6.507633958015,6.55021104119753,6.55415776156593,6.43499305601193
1581,Oracle Vector,1340,5,Additive0.015,4274600,3842,37,6.57430417844197,6.59504277928465,6.60430417844197,,6.53471819683468,6.507633958015,6.55021104119753,6.55415776156593,6.43499305601193
1581,Value,1340,5,Additive0.015,1196495,6140,89,6.57084286662625,6.59504277928465,6.60084286662625,,6.53471819683468,6.507633958015,6.55021104119753,6.55415776156593,6.43499305601193
1581,Vector,1340,5,Additive0.015,5325160,4763,48,6.57658843335467,6.59504277928465,6.60658843335467,,6.53471819683468,6.507633958015,6.55021104119753,6.55415776156593,6.43499305601193
1581,Dist L1,1340,5,Additive0.015,1236598,6070,92,6.57084286662625,6.59504277928465,6.60084286662625,,6.53471819683468,6.507633958015,6.55021104119753,6.55415776156593,6.43499305601193
1582,Oracle,1340,5,Additive0.015,308200,230,23,6.57795706613061,6.59465176143649,6.60795706613061,,6.53464346893713,6.50762487308175,6.54875577336888,6.5545158198431,6.43518728884735
1582,Oracle Vector,1340,5,Additive0.015,4274600,3842,37,6.57430417844197,6.59465176143649,6.60430417844197,,6.53464346893713,6.50762487308175,6.54875577336888,6.5545158198431,6.43518728884735
1582,Vector,1340,5,Additive0.015,5325160,4763,48,6.57658843335467,6.59465176143649,6.60658843335467,,6.53464346893713,6.50762487308175,6.54875577336888,6.5545158198431,6.43518728884735
1582,Value,1340,5,Additive0.015,1196499,6145,89,6.57084286662625,6.59465176143649,6.60084286662625,,6.53464346893713,6.50762487308175,6.54875577336888,6.5545158198431,6.43518728884735
1582,Dist L1,1340,5,Additive0.015,1236598,6070,92,6.57084286662625,6.59465176143649,6.60084286662625,,6.53464346893713,6.50762487308175,6.54875577336888,6.5545158198431,6.43518728884735
1583,Oracle,1340,5,Additive0.015,308200,230,23,6.57795706613061,6.59475510854823,6.60795706613061,,6.5346001146933,6.50806211152873,6.5481989664146,6.55586498015946,6.43479217062374
1583,Oracle Vector,1340,5,Additive0.015,4274600,3842,37,6.57430417844197,6.59475510854823,6.60430417844197,,6.5346001146933,6.50806211152872,6.5481989664146,6.55586498015946,6.43479217062374
1583,Value,1340,5,Additive0.015,1196503,6150,89,6.57084286662625,6.59475510854823,6.60084286662625,,6.5346001146933,6.50806211152872,6.5481989664146,6.55586498015946,6.43479217062374
1583,Vector,1340,5,Additive0.015,5325160,4763,48,6.57658843335467,6.59475510854823,6.60658843335467,,6.5346001146933,6.50806211152872,6.5481989664146,6.55586498015946,6.43479217062374
1583,Dist L1,1340,5,Additive0.015,1236602,6075,92,6.57084286662625,6.59475510854823,6.60084286662625,,6.5346001146933,6.50806211152872,6.5481989664146,6.55586498015946,6.43479217062374
1584,Oracle,1340,5,Additive0.015,308200,230,23,6.57795706613061,6.59404210194639,6.60795706613061,,6.53413268822189,6.50769615851458,6.54663456975583,6.5561051109704,6.43420963268631
1584,Oracle Vector,1340,5,Additive0.015,4274600,3842,37,6.57430417844197,6.59404210194639,6.60430417844197,,6.53413268822189,6.50769615851458,6.54663456975583,6.5561051109704,6.43420963268631
1584,Vector,1340,5,Additive0.015,5325160,4763,48,6.57658843335467,6.59404210194639,6.60658843335467,,6.53413268822189,6.50769615851458,6.54663456975583,6.5561051109704,6.43420963268631
1584,Value,1340,5,Additive0.015,1196507,6155,89,6.57084286662625,6.59404210194639,6.60084286662625,,6.53413268822188,6.50769615851458,6.54663456975583,6.5561051109704,6.43420963268631
1584,Dist L1,1340,5,Additive0.015,1236606,6080,92,6.57084286662625,6.59404210194639,6.60084286662625,,6.53413268822189,6.50769615851458,6.54663456975583,6.5561051109704,6.43420963268631
1585,Oracle,1340,5,Additive0.015,308200,230,23,6.57795706613061,6.59361235448414,6.60795706613061,,6.5348801200578,6.50727549066128,6.54532698360703,6.55620277554308,6.43361681493359
1585,Oracle Vector,1340,5,Additive0.015,4274600,3842,37,6.57430417844197,6.59361235448414,6.60430417844197,,6.5348801200578,6.50727549066128,6.54532698360703,6.55620277554308,6.43361681493358
1585,Value,1340,5,Additive0.015,1196507,6155,89,6.57084286662625,6.59361235448414,6.60084286662625,,6.5348801200578,6.50727549066128,6.54532698360703,6.55620277554308,6.43361681493358
1585,Vector,1340,5,Additive0.015,5330520,4768,48,6.57658843335467,6.59361235448414,6.60658843335467,,6.5348801200578,6.50727549066127,6.54532698360703,6.55620277554308,6.43361681493359
1585,Dist L1,1340,5,Additive0.015,1236606,6080,92,6.57084286662625,6.59361235448414,6.60084286662625,,6.5348801200578,6.50727549066128,6.54532698360703,6.55620277554308,6.43361681493358
1586,Oracle,1340,5,Additive0.015,308200,230,23,6.57795706613061,6.59312649111187,6.60795706613061,,6.5343781289362,6.5074577035083,6.54376857775201,6.55642553019371,6.43399500622134
1586,Oracle Vector,1340,5,Additive0.015,4274600,3842,37,6.57430417844197,6.59312649111187,6.60430417844197,,6.5343781289362,6.5074577035083,6.543768577752,6.55642553019371,6.43399500622134
1586,Vector,1340,5,Additive0.015,5330520,4768,48,6.57658843335467,6.59312649111187,6.60658843335467,,6.5343781289362,6.5074577035083,6.543768577752,6.55642553019371,6.43399500622134
1586,Value,1340,5,Additive0.015,1196511,6160,89,6.57084286662625,6.59312649111187,6.60084286662625,,6.5343781289362,6.5074577035083,6.543768577752,6.55642553019371,6.43399500622134
1586,Dist L1,1340,5,Additive0.015,1236610,6085,92,6.57084286662625,6.59312649111187,6.60084286662625,,6.5343781289362,6.5074577035083,6.543768577752,6.55642553019371,6.43399500622134
1587,Oracle,1340,5,Additive0.015,308200,230,23,6.57795706613061,6.59296697416188,6.60795706613061,,6.53467150305631,6.50772824367108,6.54259933332565,6.55707671879158,6.43429558309369
1587,Oracle Vector,1340,5,Additive0.015,4274600,3842,37,6.57430417844197,6.59296697416188,6.60430417844197,,6.53467150305631,6.50772824367108,6.54259933332566,6.55707671879158,6.43429558309369
1587,Vector,1340,5,Additive0.015,5330520,4768,48,6.57658843335467,6.59296697416188,6.60658843335467,,6.53467150305631,6.50772824367108,6.54259933332566,6.55707671879157,6.43429558309369
1587,Value,1340,5,Additive0.015,1196511,6160,89,6.57084286662625,6.59296697416188,6.60084286662625,,6.53467150305631,6.50772824367108,6.54259933332566,6.55707671879158,6.43429558309369
1587,Dist L1,1340,5,Additive0.015,1236620,6097,92,6.57084286662625,6.59296697416188,6.60084286662625,,6.53467150305631,6.50772824367108,6.54259933332566,6.55707671879158,6.43429558309369
1588,Oracle,1340,5,Additive0.015,308200,230,23,6.57795706613061,6.59268345891619,6.60795706613061,,6.53508945080043,6.50767545727046,6.54126761874562,6.55729264966986,6.43392885605112
1588,Vector,1340,5,Additive0.015,5330520,4768,48,6.57658843335467,6.59268345891618,6.60658843335467,,6.53508945080042,6.50767545727046,6.54126761874561,6.55729264966986,6.43392885605112
1588,Oracle Vector,1340,5,Additive0.015,4279960,3847,37,6.57430417844197,6.59268345891618,6.60430417844197,,6.53508945080042,6.50767545727046,6.54126761874562,6.55729264966986,6.43392885605112
1588,Value,1340,5,Additive0.015,1196523,6175,89,6.57084286662625,6.59268345891618,6.60084286662625,,6.53508945080042,6.50767545727046,6.54126761874562,6.55729264966986,6.43392885605112
1588,Dist L1,1340,5,Additive0.015,1236632,6111,92,6.57084286662625,6.59268345891618,6.60084286662625,,6.53508945080042,6.50767545727046,6.54126761874562,6.55729264966986,6.43392885605112
1589,Oracle,1340,5,Additive0.015,308200,230,23,6.57795706613061,6.59178983519931,6.60795706613061,,6.53514773704325,6.50724286647989,6.5397850343977,6.55716299813574,6.43283488029372
1589,Oracle Vector,1340,5,Additive0.015,4279960,3847,37,6.57430417844197,6.59178983519932,6.60430417844197,,6.53514773704326,6.50724286647989,6.5397850343977,6.55716299813575,6.43283488029372
1589,Value,1340,5,Additive0.015,1196523,6175,89,6.57084286662625,6.59178983519932,6.60084286662625,,6.53514773704326,6.50724286647989,6.5397850343977,6.55716299813574,6.43283488029372
1589,Vector,1340,5,Additive0.015,5335880,4773,48,6.57658843335467,6.59178983519932,6.60658843335467,,6.53514773704326,6.50724286647989,6.5397850343977,6.55716299813574,6.43283488029372
1589,Dist L1,1340,5,Additive0.015,1236642,6122,92,6.57084286662625,6.59178983519932,6.60084286662625,,6.53514773704326,6.50724286647989,6.5397850343977,6.55716299813574,6.43283488029372
1590,Oracle,1340,5,Additive0.015,308200,230,23,6.57795706613061,6.59196730916467,6.60795706613061,,6.53602795821073,6.50741094810691,6.53928134111077,6.55733169890839,6.43412560644986
1590,Value,1340,5,Additive0.015,1196523,6175,89,6.57084286662625,6.59196730916467,6.60084286662625,,6.53602795821073,6.50741094810691,6.53928134111077,6.55733169890839,6.43412560644986
1590,Oracle Vector,1340,5,Additive0.015,4279960,3847,37,6.57430417844197,6.59196730916467,6.60430417844197,,6.53602795821073,6.50741094810691,6.53928134111077,6.55733169890839,6.43412560644986
1590,Vector,1340,5,Additive0.015,5335880,4773,48,6.57658843335467,6.59196730916467,6.60658843335467,,6.53602795821073,6.50741094810691,6.53928134111077,6.55733169890839,6.43412560644986
1590,Dist L1,1340,5,Additive0.015,1236642,6122,92,6.57084286662625,6.59196730916467,6.60084286662625,,6.53602795821073,6.50741094810691,6.53928134111077,6.55733169890839,6.43412560644986
1591,Oracle,1340,5,Additive0.015,308200,230,23,6.57795706613061,6.59212475568465,6.60795706613061,,6.53671102882548,6.50790347028263,6.53774426098276,6.5578891362526,6.43475944621754
1591,Value,1340,5,Additive0.015,1196527,6180,89,6.57084286662625,6.59212475568465,6.60084286662625,,6.53671102882548,6.50790347028263,6.53774426098276,6.5578891362526,6.43475944621754
1591,Oracle Vector,1340,5,Additive0.015,4285320,3852,37,6.57430417844197,6.59212475568465,6.60430417844197,,6.53671102882548,6.50790347028263,6.53774426098276,6.5578891362526,6.43475944621754
1591,Vector,1340,5,Additive0.015,5341240,4778,48,6.57658843335467,6.59212475568465,6.60658843335467,,6.53671102882548,6.50790347028263,6.53774426098276,6.5578891362526,6.43475944621754
1591,Dist L1,1340,5,Additive0.015,1236646,6127,92,6.57084286662625,6.59212475568465,6.60084286662625,,6.53671102882548,6.50790347028263,6.53774426098276,6.5578891362526,6.43475944621754
1592,Oracle,1340,5,Additive0.015,308200,230,23,6.57795706613061,6.59238189317344,6.60795706613061,,6.53773920277301,6.5089939757524,6.53667579853956,6.55885643670577,6.43532942023339
1592,Oracle Vector,1340,5,Additive0.015,4285320,3852,37,6.57430417844197,6.59238189317344,6.60430417844197,,6.53773920277301,6.5089939757524,6.53667579853956,6.55885643670577,6.43532942023339
1592,Value,1340,5,Additive0.015,1196537,6192,89,6.57084286662625,6.59238189317345,6.60084286662625,,6.53773920277301,6.5089939757524,6.53667579853956,6.55885643670576,6.43532942023339
1592,Vector,1340,5,Additive0.015,5341240,4778,48,6.57658843335467,6.59238189317344,6.60658843335467,,6.53773920277301,6.5089939757524,6.53667579853956,6.55885643670577,6.43532942023339
1592,Dist L1,1340,5,Additive0.015,1236656,6139,92,6.57084286662625,6.59238189317344,6.60084286662625,,6.53773920277302,6.5089939757524,6.53667579853956,6.55885643670576,6.43532942023339
1593,Oracle,1340,5,Additive0.015,308200,230,23,6.57795706613061,6.59223755994338,6.60795706613061,,6.53794347065158,6.50858416429766,6.53518614769359,6.55930820968639,6.43636332767276
1593,Oracle Vector,1340,5,Additive0.015,4285320,3852,37,6.57430417844197,6.59223755994338,6.60430417844197,,6.53794347065158,6.50858416429766,6.53518614769359,6.55930820968639,6.43636332767276
1593,Value,1340,5,Additive0.015,1196541,6197,89,6.57084286662625,6.59223755994338,6.60084286662625,,6.53794347065158,6.50858416429766,6.53518614769359,6.55930820968639,6.43636332767276
1593,Vector,1340,5,Additive0.015,5346600,4783,48,6.57658843335467,6.59223755994338,6.60658843335467,,6.53794347065158,6.50858416429766,6.53518614769359,6.55930820968639,6.43636332767276
1593,Dist L1,1340,5,Additive0.015,1236670,6156,92,6.57084286662625,6.59223755994338,6.60084286662625,,6.53794347065158,6.50858416429766,6.53518614769359,6.55930820968639,6.43636332767276
1594,Oracle,1340,5,Additive0.015,308200,230,23,6.57795706613061,6.59173938327851,6.60795706613061,,6.53708813885383,6.50812765171063,6.53375858106468,6.56006840687163,6.43719175102408
1594,Oracle Vector,1340,5,Additive0.015,4285320,3852,37,6.57430417844197,6.59173938327851,6.60430417844197,,6.53708813885383,6.50812765171063,6.53375858106468,6.56006840687163,6.43719175102407
1594,Vector,1340,5,Additive0.015,5351960,4788,48,6.57658843335467,6.59173938327851,6.60658843335467,,6.53708813885383,6.50812765171063,6.53375858106468,6.56006840687163,6.43719175102407
1594,Value,1340,5,Additive0.015,1209946,6218,90,6.57673938327851,6.59173938327851,6.60673938327851,,6.53708813885383,6.50812765171063,6.53375858106468,6.56006840687163,6.43719175102407
1594,Dist L1,1340,5,Additive0.015,1250075,6177,93,6.57673938327851,6.59173938327851,6.60673938327851,,6.53708813885383,6.50812765171063,6.53375858106468,6.56006840687163,6.43719175102407
1595,Oracle,1340,5,Additive0.015,308200,230,23,6.57795706613061,6.59188825463816,6.60795706613061,,6.5375344444215,6.50853592337488,6.53298582753155,6.56062063833333,6.43861136451432
1595,Oracle Vector,1340,5,Additive0.015,4285320,3852,37,6.57430417844197,6.59188825463816,6.60430417844197,,6.53753444442149,6.50853592337488,6.53298582753155,6.56062063833333,6.43861136451433
1595,Value,1340,5,Additive0.015,1209946,6218,90,6.57673938327851,6.59188825463816,6.60673938327851,,6.5375344444215,6.50853592337488,6.53298582753155,6.56062063833333,6.43861136451433
1595,Vector,1340,5,Additive0.015,5357320,4793,48,6.57658843335467,6.59188825463816,6.60658843335467,,6.5375344444215,6.50853592337488,6.53298582753155,6.56062063833333,6.43861136451433
1595,Dist L1,1340,5,Additive0.015,1250075,6177,93,6.57673938327851,6.59188825463816,6.60673938327851,,6.5375344444215,6.50853592337488,6.53298582753155,6.56062063833333,6.43861136451433
1596,Oracle,1340,5,Additive0.015,308200,230,23,6.57795706613061,6.59208147809728,6.60795706613061,,6.53779635264185,6.50911229678708,6.53251129073156,6.56100281613229,6.43952418431871
1596,Oracle Vector,1340,5,Additive0.015,4285320,3852,37,6.57430417844197,6.59208147809729,6.60430417844197,,6.53779635264185,6.50911229678708,6.53251129073156,6.56100281613229,6.43952418431871
1596,Vector,1340,5,Additive0.015,5357320,4793,48,6.57658843335467,6.59208147809729,6.60658843335467,,6.53779635264185,6.50911229678708,6.53251129073156,6.56100281613229,6.43952418431871
1596,Value,1340,5,Additive0.015,1209946,6218,90,6.57673938327851,6.59208147809728,6.60673938327851,,6.53779635264185,6.50911229678708,6.53251129073156,6.56100281613229,6.43952418431871
1596,Dist L1,1340,5,Additive0.015,1250075,6177,93,6.57673938327851,6.59208147809728,6.60673938327851,,6.53779635264185,6.50911229678708,6.53251129073156,6.56100281613229,6.43952418431871
1597,Oracle,1340,5,Additive0.015,308200,230,23,6.57795706613061,6.59242451690999,6.60795706613061,,6.53870011956326,6.50895537975958,6.5316416496667,6.56168092127809,6.44118313096017
1597,Oracle Vector,1340,5,Additive0.015,4290680,3857,37,6.57430417844197,6.59242451690999,6.60430417844197,,6.53870011956326,6.50895537975958,6.5316416496667,6.56168092127809,6.44118313096017
1597,Value,1340,5,Additive0.015,1209946,6218,90,6.57673938327851,6.59242451690999,6.60673938327851,,6.53870011956326,6.50895537975958,6.5316416496667,6.56168092127809,6.44118313096017
1597,Vector,1340,5,Additive0.015,5357320,4793,48,6.57658843335467,6.59242451690999,6.60658843335467,,6.53870011956326,6.50895537975958,6.5316416496667,6.56168092127809,6.44118313096017
1597,Dist L1,1340,5,Additive0.015,1250075,6177,93,6.57673938327851,6.59242451690999,6.60673938327851,,6.53870011956326,6.50895537975958,6.5316416496667,6.56168092127809,6.44118313096017
1598,Oracle,1340,5,Additive0.015,308200,230,23,6.57795706613061,6.59252639008397,6.60795706613061,,6.53885498807062,6.50914311343644,6.53037167917582,6.56207220126072,6.44190597592744
1598,Oracle Vector,1340,5,Additive0.015,4290680,3857,37,6.57430417844197,6.59252639008397,6.60430417844197,,6.53885498807062,6.50914311343644,6.53037167917582,6.56207220126072,6.44190597592744
1598,Value,1340,5,Additive0.015,1209946,6218,90,6.57673938327851,6.59252639008397,6.60673938327851,,6.53885498807062,6.50914311343644,6.53037167917582,6.56207220126072,6.44190597592744
1598,Vector,1340,5,Additive0.015,5357320,4793,48,6.57658843335467,6.59252639008397,6.60658843335467,,6.53885498807062,6.50914311343644,6.53037167917582,6.56207220126072,6.44190597592744
1598,Dist L1,1340,5,Additive0.015,1250075,6177,93,6.57673938327851,6.59252639008397,6.60673938327851,,6.53885498807062,6.50914311343644,6.53037167917582,6.56207220126072,6.44190597592744
1599,Oracle,1340,5,Additive0.015,308200,230,23,6.57795706613061,6.592344836958,6.60795706613061,,6.53954384965573,6.50922299475338,6.52890147744832,6.56172567410441,6.44235098711835
1599,Oracle Vector,1340,5,Additive0.015,4296040,3862,37,6.57430417844197,6.592344836958,6.60430417844197,,6.53954384965573,6.50922299475338,6.52890147744833,6.56172567410441,6.44235098711835
1599,Value,1340,5,Additive0.015,1209946,6218,90,6.57673938327851,6.592344836958,6.60673938327851,,6.53954384965573,6.50922299475338,6.52890147744833,6.56172567410441,6.44235098711835
1599,Vector,1340,5,Additive0.015,5362680,4798,48,6.57658843335467,6.592344836958,6.60658843335467,,6.53954384965573,6.50922299475338,6.52890147744833,6.56172567410442,6.44235098711835
1599,Dist L1,1340,5,Additive0.015,1250075,6177,93,6.57673938327851,6.592344836958,6.60673938327851,,6.53954384965573,6.50922299475338,6.52890147744833,6.56172567410441,6.44235098711835
1600,Oracle,1340,5,Additive0.015,308200,230,23,6.57795706613061,6.59304619317752,6.60795706613061,,6.5410379076884,6.51026911768543,6.52905540573393,6.56198428254513,6.44336780081423
1600,Oracle Vector,1340,5,Additive0.015,4296040,3862,37,6.57430417844197,6.59304619317752,6.60430417844197,,6.5410379076884,6.51026911768543,6.52905540573393,6.56198428254513,6.44336780081423
1600,Value,1340,5,Additive0.015,1209946,6218,90,6.57673938327851,6.59304619317752,6.60673938327851,,6.5410379076884,6.51026911768543,6.52905540573393,6.56198428254513,6.44336780081423
1600,Vector,1340,5,Additive0.015,5362680,4798,48,6.57658843335467,6.59304619317752,6.60658843335467,,6.5410379076884,6.51026911768543,6.52905540573393,6.56198428254513,6.44336780081423
1600,Dist L1,1340,5,Additive0.015,1250075,6177,93,6.57673938327851,6.59304619317752,6.60673938327851,,6.5410379076884,6.51026911768543,6.52905540573393,6.56198428254513,6.44336780081423
1601,Oracle,1340,5,Additive0.015,308200,230,23,6.57795706613061,6.59379730254941,6.60795706613061,,6.54171785428942,6.51162776711381,6.52843107623645,6.56242613233353,6.44411041969295
1601,Oracle Vector,1340,5,Additive0.015,4301400,3867,37,6.57430417844197,6.59379730254941,6.60430417844197,,6.54171785428942,6.51162776711381,6.52843107623645,6.56242613233353,6.44411041969295
1601,Vector,1340,5,Additive0.015,5362680,4798,48,6.57658843335467,6.59379730254941,6.60658843335467,,6.54171785428942,6.51162776711381,6.52843107623645,6.56242613233353,6.44411041969295
1601,Value,1340,5,Additive0.015,1209946,6218,90,6.57673938327851,6.59379730254941,6.60673938327851,,6.54171785428942,6.51162776711381,6.52843107623645,6.56242613233353,6.44411041969295
1601,Dist L1,1340,5,Additive0.015,1250075,6177,93,6.57673938327851,6.59379730254941,6.60673938327851,,6.54171785428942,6.51162776711381,6.52843107623645,6.56242613233353,6.44411041969295
1602,Oracle,1340,5,Additive0.015,308200,230,23,6.57795706613061,6.59431125333512,6.60795706613061,,6.54273350578431,6.51193112615386,6.52786421212495,6.56323748965202,6.44472975281681
1602,Oracle Vector,1340,5,Additive0.015,4309440,3874,37,6.57430417844197,6.59431125333512,6.60430417844197,,6.54273350578431,6.51193112615386,6.52786421212495,6.56323748965202,6.44472975281681
1602,Vector,1340,5,Additive0.015,5362680,4798,48,6.57658843335467,6.59431125333512,6.60658843335467,,6.54273350578431,6.51193112615386,6.52786421212495,6.56323748965202,6.44472975281681
1602,Value,1340,5,Additive0.015,1209946,6218,90,6.57673938327851,6.59431125333512,6.60673938327851,,6.54273350578431,6.51193112615386,6.52786421212495,6.56323748965202,6.44472975281681
1602,Dist L1,1340,5,Additive0.015,1250075,6177,93,6.57673938327851,6.59431125333512,6.60673938327851,,6.54273350578431,6.51193112615386,6.52786421212495,6.56323748965202,6.44472975281681
1603,Oracle,1340,5,Additive0.015,308200,230,23,6.57795706613061,6.59447925353851,6.60795706613061,,6.54323413261817,6.51219651827541,6.52689089996984,6.56389809730824,6.44520299140498
1603,Vector,1340,5,Additive0.015,5362680,4798,48,6.57658843335467,6.59447925353851,6.60658843335467,,6.54323413261817,6.51219651827541,6.52689089996984,6.56389809730824,6.44520299140498
1603,Value,1340,5,Additive0.015,1209946,6218,90,6.57673938327851,6.59447925353851,6.60673938327851,,6.54323413261817,6.51219651827541,6.52689089996984,6.56389809730824,6.44520299140498
1603,Oracle Vector,1340,5,Additive0.015,4322840,3885,37,6.57430417844197,6.59447925353851,6.60430417844197,,6.54323413261817,6.51219651827542,6.52689089996984,6.56389809730824,6.44520299140498
1603,Dist L1,1340,5,Additive0.015,1250075,6177,93,6.57673938327851,6.59447925353851,6.60673938327851,,6.54323413261817,6.51219651827541,6.52689089996984,6.56389809730824,6.44520299140498
1604,Oracle,1340,5,Additive0.015,308200,230,23,6.57795706613061,6.5947591261912,6.60795706613061,,6.54371916190703,6.5127929787958,6.52555804343157,6.56495538604537,6.44594348528551
1604,Oracle Vector,1340,5,Additive0.015,4322840,3885,37,6.57430417844197,6.5947591261912,6.60430417844197,,6.54371916190703,6.5127929787958,6.52555804343157,6.56495538604537,6.44594348528551
1604,Value,1340,5,Additive0.015,1209946,6218,90,6.57673938327851,6.5947591261912,6.60673938327851,,6.54371916190703,6.5127929787958,6.52555804343157,6.56495538604537,6.44594348528551
1604,Vector,1340,5,Additive0.015,5373400,4808,48,6.57658843335467,6.5947591261912,6.60658843335467,,6.54371916190703,6.5127929787958,6.52555804343157,6.56495538604537,6.44594348528551
1604,Dist L1,1340,5,Additive0.015,1250075,6177,93,6.57673938327851,6.5947591261912,6.60673938327851,,6.54371916190703,6.5127929787958,6.52555804343157,6.56495538604537,6.44594348528551
1605,Oracle,1340,5,Additive0.015,308200,230,23,6.57795706613061,6.59482327272134,6.60795706613061,,6.5444551560422,6.51327114819028,6.52474784607033,6.56460620562672,6.44599481815762
1605,Oracle Vector,1340,5,Additive0.015,4322840,3885,37,6.57430417844197,6.59482327272134,6.60430417844197,,6.5444551560422,6.51327114819028,6.52474784607033,6.56460620562672,6.44599481815762
1605,Value,1340,5,Additive0.015,1209950,6223,90,6.57673938327851,6.59482327272134,6.60673938327851,,6.5444551560422,6.51327114819028,6.52474784607033,6.56460620562672,6.44599481815762
1605,Vector,1340,5,Additive0.015,5384120,4818,48,6.57658843335467,6.59482327272134,6.60658843335467,,6.5444551560422,6.51327114819028,6.52474784607033,6.56460620562672,6.44599481815762
1605,Dist L1,1340,5,Additive0.015,1250079,6182,93,6.57673938327851,6.59482327272134,6.60673938327851,,6.5444551560422,6.51327114819028,6.52474784607033,6.56460620562672,6.44599481815762
1606,Oracle,1340,5,Additive0.015,308200,230,23,6.57795706613061,6.59525458833733,6.60795706613061,,6.54588773980984,6.51365866673303,6.52405882225317,6.56480776434608,6.44643169825411
1606,Oracle Vector,1340,5,Additive0.015,4333560,3895,37,6.57430417844197,6.59525458833733,6.60430417844197,,6.54588773980984,6.51365866673303,6.52405882225318,6.56480776434608,6.44643169825411
1606,Value,1340,5,Additive0.015,1209954,6228,90,6.57673938327851,6.59525458833733,6.60673938327851,,6.54588773980984,6.51365866673303,6.52405882225318,6.56480776434609,6.44643169825411
1606,Vector,1340,5,Additive0.015,5384120,4818,48,6.57658843335467,6.59525458833733,6.60658843335467,,6.54588773980984,6.51365866673303,6.52405882225318,6.56480776434609,6.44643169825411
1606,Dist L1,1340,5,Additive0.015,1250083,6187,93,6.57673938327851,6.59525458833733,6.60673938327851,,6.54588773980984,6.51365866673303,6.52405882225318,6.56480776434609,6.44643169825411
1607,Oracle,1340,5,Additive0.015,308200,230,23,6.57795706613061,6.59553964897057,6.60795706613061,,6.54632262530722,6.51437721131972,6.5235984177038,6.56551452309848,6.44661761402193
1607,Value,1340,5,Additive0.015,1209954,6228,90,6.57673938327851,6.59553964897057,6.60673938327851,,6.54632262530722,6.51437721131972,6.5235984177038,6.56551452309848,6.44661761402193
1607,Oracle Vector,1340,5,Additive0.015,4338920,3900,37,6.57430417844197,6.59553964897057,6.60430417844197,,6.54632262530722,6.51437721131972,6.5235984177038,6.56551452309848,6.44661761402193
1607,Vector,1340,5,Additive0.015,5389480,4823,48,6.57658843335467,6.59553964897057,6.60658843335467,,6.54632262530721,6.51437721131972,6.5235984177038,6.56551452309848,6.44661761402193
1607,Dist L1,1340,5,Additive0.015,1250083,6187,93,6.57673938327851,6.59553964897057,6.60673938327851,,6.54632262530722,6.51437721131972,6.5235984177038,6.56551452309848,6.44661761402193
1608,Oracle,1340,5,Additive0.015,308200,230,23,6.57795706613061,6.59544497385215,6.60795706613061,,6.54672885570604,6.51438413823264,6.52311832699926,6.56519462744244,6.44597301761461
1608,Oracle Vector,1340,5,Additive0.015,4344280,3905,37,6.57430417844197,6.59544497385215,6.60430417844197,,6.54672885570604,6.51438413823264,6.52311832699927,6.56519462744244,6.44597301761462
1608,Value,1340,5,Additive0.015,1209954,6228,90,6.57673938327851,6.59544497385215,6.60673938327851,,6.54672885570604,6.51438413823264,6.52311832699927,6.56519462744244,6.44597301761462
1608,Vector,1340,5,Additive0.015,5394840,4828,48,6.57658843335467,6.59544497385215,6.60658843335467,,6.54672885570604,6.51438413823264,6.52311832699927,6.56519462744244,6.44597301761462
1608,Dist L1,1340,5,Additive0.015,1250083,6187,93,6.57673938327851,6.59544497385215,6.60673938327851,,6.54672885570605,6.51438413823264,6.52311832699927,6.56519462744244,6.44597301761462
1609,Oracle,1340,5,Additive0.015,308200,230,23,6.57795706613061,6.59519040943216,6.60795706613061,,6.54774434569612,6.51462273048196,6.52277937371605,6.56475489956862,6.44481058530426
1609,Oracle Vector,1340,5,Additive0.015,4349640,3910,37,6.57430417844197,6.59519040943217,6.60430417844197,,6.54774434569612,6.51462273048196,6.52277937371604,6.56475489956862,6.44481058530426
1609,Value,1340,5,Additive0.015,1209960,6235,90,6.57673938327851,6.59519040943217,6.60673938327851,,6.54774434569612,6.51462273048196,6.52277937371604,6.56475489956862,6.44481058530426
1609,Vector,1340,5,Additive0.015,5402880,4836,48,6.57658843335467,6.59519040943217,6.60658843335467,,6.54774434569612,6.51462273048196,6.52277937371604,6.56475489956862,6.44481058530425
1609,Dist L1,1340,5,Additive0.015,1250089,6194,93,6.57673938327851,6.59519040943217,6.60673938327851,,6.54774434569612,6.51462273048196,6.52277937371604,6.56475489956862,6.44481058530426
1610,Oracle,1340,5,Additive0.015,308200,230,23,6.57795706613061,6.5954995049859,6.60795706613061,,6.54838116672788,6.51504312768576,6.52208250283775,6.56455510616407,6.44472870857942
1610,Value,1340,5,Additive0.015,1209960,6235,90,6.57673938327851,6.5954995049859,6.60673938327851,,6.54838116672788,6.51504312768576,6.52208250283775,6.56455510616407,6.44472870857942
1610,Oracle Vector,1340,5,Additive0.015,4355000,3915,37,6.57430417844197,6.5954995049859,6.60430417844197,,6.54838116672788,6.51504312768576,6.52208250283775,6.56455510616406,6.44472870857942
1610,Vector,1340,5,Additive0.015,5413600,4846,48,6.57658843335467,6.59549950498589,6.60658843335467,,6.54838116672789,6.51504312768576,6.52208250283775,6.56455510616407,6.44472870857942
1610,Dist L1,1340,5,Additive0.015,1250089,6194,93,6.57673938327851,6.59549950498589,6.60673938327851,,6.54838116672788,6.51504312768576,6.52208250283775,6.56455510616407,6.44472870857942
1611,Oracle,1340,5,Additive0.015,308200,230,23,6.57795706613061,6.59561540009603,6.60795706613061,,6.5489382655347,6.51510821454423,6.52205285672501,6.5643728659481,6.44455428299233
1611,Oracle Vector,1340,5,Additive0.015,4360360,3920,37,6.57430417844197,6.59561540009603,6.60430417844197,,6.5489382655347,6.51510821454423,6.52205285672501,6.5643728659481,6.44455428299233
1611,Value,1340,5,Additive0.015,1209960,6235,90,6.57673938327851,6.59561540009603,6.60673938327851,,6.5489382655347,6.51510821454423,6.52205285672501,6.5643728659481,6.44455428299232
1611,Vector,1340,5,Additive0.015,5418960,4851,48,6.57658843335467,6.59561540009603,6.60658843335467,,6.5489382655347,6.51510821454423,6.52205285672501,6.5643728659481,6.44455428299233
1611,Dist L1,1340,5,Additive0.015,1250089,6194,93,6.57673938327851,6.59561540009603,6.60673938327851,,6.5489382655347,6.51510821454423,6.52205285672501,6.5643728659481,6.44455428299232
1612,Oracle,1340,5,Additive0.015,308200,230,23,6.57795706613061,6.59529052907441,6.60795706613061,,6.5487177203151,6.51527561434594,6.52089723647549,6.56398702242552,6.44492004997955
1612,Vector,1340,5,Additive0.015,5418960,4851,48,6.57658843335467,6.59529052907442,6.60658843335467,,6.5487177203151,6.51527561434594,6.5208972364755,6.56398702242551,6.44492004997955
1612,Oracle Vector,1340,5,Additive0.015,4365720,3925,37,6.57430417844197,6.59529052907441,6.60430417844197,,6.5487177203151,6.51527561434594,6.52089723647549,6.56398702242552,6.44492004997955
1612,Value,1340,5,Additive0.015,1209966,6242,90,6.57673938327851,6.59529052907442,6.60673938327851,,6.5487177203151,6.51527561434594,6.52089723647549,6.56398702242552,6.44492004997955
1612,Dist L1,1340,5,Additive0.015,1250089,6194,93,6.57673938327851,6.59529052907442,6.60673938327851,,6.5487177203151,6.51527561434594,6.52089723647549,6.56398702242552,6.44492004997955
1613,Oracle,1340,5,Additive0.015,308200,230,23,6.57795706613061,6.59449052277539,6.60795706613061,,6.54757426606819,6.51498077857046,6.51951619343205,6.5632541833512,6.44443767983048
1613,Value,1340,5,Additive0.015,1209974,6251,90,6.57673938327851,6.59449052277539,6.60673938327851,,6.54757426606819,6.51498077857046,6.51951619343206,6.5632541833512,6.44443767983048
1613,Vector,1340,5,Additive0.015,5418960,4851,48,6.57658843335467,6.59449052277539,6.60658843335467,,6.54757426606819,6.51498077857046,6.51951619343206,6.5632541833512,6.44443767983048
1613,Oracle Vector,1340,5,Additive0.015,4379120,3937,37,6.57430417844197,6.59449052277539,6.60430417844197,,6.54757426606819,6.51498077857046,6.51951619343206,6.5632541833512,6.44443767983048
1613,Dist L1,1340,5,Additive0.015,1250093,6199,93,6.57673938327851,6.59449052277539,6.60673938327851,,6.54757426606819,6.51498077857046,6.51951619343206,6.5632541833512,6.44443767983048
1614,Oracle,1340,5,Additive0.015,308200,230,23,6.57795706613061,6.59294126235879,6.60795706613061,,6.54575278374026,6.51366813764695,6.51746605645485,6.56187440777926,6.4431503426512
1614,Value,1340,5,Additive0.015,1209982,6260,90,6.57673938327851,6.59294126235879,6.60673938327851,,6.54575278374026,6.51366813764695,6.51746605645485,6.56187440777926,6.4431503426512
1614,Oracle Vector,1340,5,Additive0.015,4384480,3942,37,6.57430417844197,6.59294126235879,6.60430417844197,,6.54575278374026,6.51366813764695,6.51746605645485,6.56187440777926,6.4431503426512
1614,Vector,1340,5,Additive0.015,5424320,4856,48,6.57658843335467,6.59294126235879,6.60658843335467,,6.54575278374026,6.51366813764695,6.51746605645485,6.56187440777926,6.4431503426512
1614,Dist L1,1340,5,Additive0.015,1250103,6211,93,6.57673938327851,6.59294126235879,6.60673938327851,,6.54575278374026,6.51366813764695,6.51746605645485,6.56187440777926,6.4431503426512
1615,Oracle,1340,5,Additive0.015,308200,230,23,6.57795706613061,6.59244214153377,6.60795706613061,,6.54562653867367,6.5137501923458,6.51686843671977,6.56076071734232,6.44298286727415
1615,Value,1340,5,Additive0.015,1209986,6265,90,6.57673938327851,6.59244214153377,6.60673938327851,,6.54562653867367,6.51375019234581,6.51686843671977,6.56076071734233,6.44298286727415
1615,Oracle Vector,1340,5,Additive0.015,4384480,3942,37,6.57430417844197,6.59244214153378,6.60430417844197,,6.54562653867367,6.51375019234581,6.51686843671977,6.56076071734233,6.44298286727415
1615,Vector,1340,5,Additive0.015,5432360,4863,48,6.57658843335467,6.59244214153377,6.60658843335467,,6.54562653867367,6.51375019234581,6.51686843671977,6.56076071734232,6.44298286727415
1615,Dist L1,1340,5,Additive0.015,1250107,6216,93,6.57673938327851,6.59244214153377,6.60673938327851,,6.54562653867367,6.51375019234581,6.51686843671977,6.56076071734233,6.44298286727415
1616,Oracle,1340,5,Additive0.015,308200,230,23,6.57795706613061,6.59185428338192,6.60795706613061,,6.54560283297661,6.51301561821418,6.51626203505184,6.56011419637404,6.4418990336978
1616,Oracle Vector,1340,5,Additive0.015,4384480,3942,37,6.57430417844197,6.59185428338192,6.60430417844197,,6.5456028329766,6.51301561821418,6.51626203505184,6.56011419637404,6.4418990336978
1616,Value,1340,5,Additive0.015,1209990,6270,90,6.57673938327851,6.59185428338192,6.60673938327851,,6.5456028329766,6.51301561821418,6.51626203505184,6.56011419637404,6.4418990336978
1616,Vector,1340,5,Additive0.015,5432360,4863,48,6.57658843335467,6.59185428338192,6.60658843335467,,6.5456028329766,6.51301561821418,6.51626203505184,6.56011419637404,6.4418990336978
1616,Dist L1,1340,5,Additive0.015,1250113,6223,93,6.57673938327851,6.59185428338192,6.60673938327851,,6.5456028329766,6.51301561821418,6.51626203505184,6.56011419637404,6.4418990336978
1617,Oracle,1340,5,Additive0.015,308200,230,23,6.57795706613061,6.59104018276228,6.60795706613061,,6.54550347215732,6.51175485160325,6.51504035080733,6.55881723872218,6.44148618065736
1617,Oracle Vector,1340,5,Additive0.015,4384480,3942,37,6.57430417844197,6.59104018276227,6.60430417844197,,6.54550347215732,6.51175485160325,6.51504035080733,6.55881723872218,6.44148618065736
1617,Value,1340,5,Additive0.015,1210000,6283,90,6.57673938327851,6.59104018276228,6.60673938327851,,6.54550347215732,6.51175485160325,6.51504035080733,6.55881723872218,6.44148618065736
1617,Vector,1340,5,Additive0.015,5432360,4863,48,6.57658843335467,6.59104018276228,6.60658843335467,,6.54550347215732,6.51175485160325,6.51504035080733,6.55881723872218,6.44148618065736
1617,Dist L1,1340,5,Additive0.015,1263518,6245,94,6.57604018276228,6.59104018276228,6.60604018276227,,6.54550347215732,6.51175485160325,6.51504035080733,6.55881723872218,6.44148618065736
1618,Oracle,1340,5,Additive0.015,308200,230,23,6.57795706613061,6.5900352711057,6.60795706613061,,6.54450608433739,6.51105691246417,6.5137466125457,6.55751297416558,6.44103192283516
1618,Oracle Vector,1340,5,Additive0.015,4384480,3942,37,6.57430417844197,6.5900352711057,6.60430417844197,,6.54450608433739,6.51105691246417,6.5137466125457,6.55751297416558,6.44103192283516
1618,Vector,1340,5,Additive0.015,5432360,4863,48,6.57658843335467,6.5900352711057,6.60658843335467,,6.54450608433739,6.51105691246417,6.5137466125457,6.55751297416558,6.44103192283516
1618,Value,1340,5,Additive0.015,1223405,6303,91,6.5750352711057,6.5900352711057,6.6050352711057,,6.54450608433739,6.51105691246417,6.5137466125457,6.55751297416558,6.44103192283516
1618,Dist L1,1340,5,Additive0.015,1263518,6245,94,6.57604018276228,6.5900352711057,6.60604018276227,,6.54450608433739,6.51105691246417,6.5137466125457,6.55751297416558,6.44103192283516
1619,Oracle,1340,5,Additive0.015,308200,230,23,6.57795706613061,6.58940509795629,6.60795706613061,,6.54443353333912,6.51045278207749,6.5130537690509,6.55692366313255,6.44051647932776
1619,Oracle Vector,1340,5,Additive0.015,4384480,3942,37,6.57430417844197,6.58940509795629,6.60430417844197,,6.54443353333912,6.51045278207749,6.5130537690509,6.55692366313255,6.44051647932776
1619,Vector,1340,5,Additive0.015,5432360,4863,48,6.57658843335467,6.58940509795629,6.60658843335467,,6.54443353333912,6.51045278207749,6.5130537690509,6.55692366313255,6.44051647932776
1619,Value,1340,5,Additive0.015,1223405,6303,91,6.5750352711057,6.58940509795629,6.6050352711057,,6.54443353333912,6.51045278207749,6.5130537690509,6.55692366313255,6.44051647932776
1619,Dist L1,1340,5,Additive0.015,1263518,6245,94,6.57604018276228,6.58940509795629,6.60604018276227,,6.54443353333912,6.51045278207749,6.5130537690509,6.55692366313255,6.44051647932776
1620,Oracle,1340,5,Additive0.015,308200,230,23,6.57795706613061,6.58911930175382,6.60795706613061,,6.5447903859778,6.50979864213455,6.51162846826468,6.55676922125386,6.44105361771483
1620,Oracle Vector,1340,5,Additive0.015,4384480,3942,37,6.57430417844197,6.58911930175382,6.60430417844197,,6.5447903859778,6.50979864213456,6.51162846826468,6.55676922125386,6.44105361771483
1620,Value,1340,5,Additive0.015,1223405,6303,91,6.5750352711057,6.58911930175382,6.6050352711057,,6.5447903859778,6.50979864213456,6.51162846826468,6.55676922125386,6.44105361771483
1620,Vector,1340,5,Additive0.015,5432360,4863,48,6.57658843335467,6.58911930175382,6.60658843335467,,6.5447903859778,6.50979864213456,6.51162846826468,6.55676922125386,6.44105361771483
1620,Dist L1,1340,5,Additive0.015,1263518,6245,94,6.57604018276228,6.58911930175382,6.60604018276227,,6.5447903859778,6.50979864213456,6.51162846826468,6.55676922125386,6.44105361771483
1621,Oracle,1340,5,Additive0.015,308200,230,23,6.57795706613061,6.58933811340776,6.60795706613061,,6.5452097492813,6.51017387702266,6.51123992197819,6.55658414119526,6.44103493482372
1621,Oracle Vector,1340,5,Additive0.015,4389840,3947,37,6.57430417844197,6.58933811340776,6.60430417844197,,6.5452097492813,6.51017387702266,6.51123992197819,6.55658414119526,6.44103493482372
1621,Value,1340,5,Additive0.015,1223405,6303,91,6.5750352711057,6.58933811340776,6.6050352711057,,6.5452097492813,6.51017387702266,6.51123992197819,6.55658414119527,6.44103493482372
1621,Vector,1340,5,Additive0.015,5432360,4863,48,6.57658843335467,6.58933811340776,6.60658843335467,,6.5452097492813,6.51017387702266,6.51123992197819,6.55658414119526,6.44103493482372
1621,Dist L1,1340,5,Additive0.015,1263518,6245,94,6.57604018276228,6.58933811340776,6.60604018276227,,6.5452097492813,6.51017387702266,6.51123992197819,6.55658414119527,6.44103493482372
1622,Oracle,1340,5,Additive0.015,308200,230,23,6.57795706613061,6.58908755338447,6.60795706613061,,6.5459767249308,6.51038607270447,6.5108214205652,6.55627573699033,6.44055743959845
1622,Oracle Vector,1340,5,Additive0.015,4395200,3952,37,6.57430417844197,6.58908755338447,6.60430417844197,,6.5459767249308,6.51038607270447,6.5108214205652,6.55627573699033,6.44055743959845
1622,Value,1340,5,Additive0.015,1223405,6303,91,6.5750352711057,6.58908755338447,6.6050352711057,,6.5459767249308,6.51038607270446,6.5108214205652,6.55627573699033,6.44055743959845
1622,Vector,1340,5,Additive0.015,5443080,4873,48,6.57658843335467,6.58908755338447,6.60658843335467,,6.5459767249308,6.51038607270446,6.5108214205652,6.55627573699033,6.44055743959845
1622,Dist L1,1340,5,Additive0.015,1263518,6245,94,6.57604018276228,6.58908755338447,6.60604018276227,,6.5459767249308,6.51038607270446,6.5108214205652,6.55627573699033,6.44055743959845
1623,Oracle,1340,5,Additive0.015,308200,230,23,6.57795706613061,6.58873110810333,6.60795706613061,,6.54671854933415,6.50984004389766,6.51030929063199,6.55586083597166,6.44011869762228
1623,Value,1340,5,Additive0.015,1223405,6303,91,6.5750352711057,6.58873110810333,6.6050352711057,,6.54671854933415,6.50984004389766,6.51030929063199,6.55586083597166,6.44011869762228
1623,Vector,1340,5,Additive0.015,5443080,4873,48,6.57658843335467,6.58873110810333,6.60658843335467,,6.54671854933415,6.50984004389766,6.51030929063199,6.55586083597166,6.44011869762228
1623,Oracle Vector,1340,5,Additive0.015,4405920,3962,37,6.57430417844197,6.58873110810333,6.60430417844197,,6.54671854933415,6.50984004389766,6.51030929063199,6.55586083597166,6.44011869762228
1623,Dist L1,1340,5,Additive0.015,1263518,6245,94,6.57604018276228,6.58873110810333,6.60604018276227,,6.54671854933415,6.50984004389766,6.51030929063199,6.55586083597166,6.44011869762228
1624,Oracle,1340,5,Additive0.015,308200,230,23,6.57795706613061,6.58764973722107,6.60795706613061,,6.54500218609188,6.50846845648118,6.50891464996245,6.55512710190727,6.43948690487844
1624,Oracle Vector,1340,5,Additive0.015,4411280,3967,37,6.57430417844197,6.58764973722107,6.60430417844197,,6.54500218609188,6.50846845648118,6.50891464996245,6.55512710190727,6.43948690487844
1624,Value,1340,5,Additive0.015,1223405,6303,91,6.5750352711057,6.58764973722107,6.6050352711057,,6.54500218609188,6.50846845648118,6.50891464996245,6.55512710190727,6.43948690487844
1624,Vector,1340,5,Additive0.015,5448440,4878,48,6.57658843335467,6.58764973722107,6.60658843335467,,6.54500218609188,6.50846845648118,6.50891464996245,6.55512710190727,6.43948690487844
1624,Dist L1,1340,5,Additive0.015,1263522,6250,94,6.57604018276228,6.58764973722107,6.60604018276227,,6.54500218609188,6.50846845648118,6.50891464996245,6.55512710190727,6.43948690487844
1625,Oracle,1340,5,Additive0.015,308200,230,23,6.57795706613061,6.58766741854907,6.60795706613061,,6.54529168028166,6.50807879596735,6.50873172770437,6.55551472038558,6.43888302981092
1625,Oracle Vector,1340,5,Additive0.015,4411280,3967,37,6.57430417844197,6.58766741854907,6.60430417844197,,6.54529168028166,6.50807879596735,6.50873172770437,6.55551472038558,6.43888302981092
1625,Vector,1340,5,Additive0.015,5448440,4878,48,6.57658843335467,6.58766741854907,6.60658843335467,,6.54529168028166,6.50807879596735,6.50873172770437,6.55551472038558,6.43888302981092
1625,Value,1340,5,Additive0.015,1223405,6303,91,6.5750352711057,6.58766741854907,6.6050352711057,,6.54529168028166,6.50807879596735,6.50873172770437,6.55551472038558,6.43888302981092
1625,Dist L1,1340,5,Additive0.015,1263522,6250,94,6.57604018276228,6.58766741854907,6.60604018276227,,6.54529168028166,6.50807879596735,6.50873172770437,6.55551472038558,6.43888302981092
1626,Oracle,1340,5,Additive0.015,308200,230,23,6.57795706613061,6.58715692765238,6.60795706613061,,6.54439853813414,6.50704137294056,6.50826280750847,6.55529539081058,6.43897909710142
1626,Oracle Vector,1340,5,Additive0.015,4411280,3967,37,6.57430417844197,6.58715692765238,6.60430417844197,,6.54439853813414,6.50704137294056,6.50826280750847,6.55529539081058,6.43897909710142
1626,Value,1340,5,Additive0.015,1223409,6308,91,6.5750352711057,6.58715692765238,6.6050352711057,,6.54439853813414,6.50704137294056,6.50826280750847,6.55529539081058,6.43897909710142
1626,Vector,1340,5,Additive0.015,5456480,4885,48,6.57658843335467,6.58715692765238,6.60658843335467,,6.54439853813413,6.50704137294056,6.50826280750847,6.55529539081058,6.43897909710142
1626,Dist L1,1340,5,Additive0.015,1263528,6257,94,6.57604018276228,6.58715692765238,6.60604018276227,,6.54439853813413,6.50704137294056,6.50826280750847,6.55529539081058,6.43897909710142
1627,Oracle,1340,5,Additive0.015,308200,230,23,6.57795706613061,6.58712871420091,6.60795706613061,,6.54477734035915,6.50700625033996,6.50873810777099,6.55511166055378,6.43891111148927
1627,Oracle Vector,1340,5,Additive0.015,4416640,3972,37,6.57430417844197,6.58712871420091,6.60430417844197,,6.54477734035915,6.50700625033996,6.50873810777099,6.55511166055378,6.43891111148927
1627,Value,1340,5,Additive0.015,1223415,6315,91,6.5750352711057,6.58712871420091,6.6050352711057,,6.54477734035915,6.50700625033996,6.50873810777099,6.55511166055378,6.43891111148927
1627,Vector,1340,5,Additive0.015,5456480,4885,48,6.57658843335467,6.58712871420091,6.60658843335467,,6.54477734035915,6.50700625033996,6.50873810777099,6.55511166055378,6.43891111148927
1627,Dist L1,1340,5,Additive0.015,1263534,6264,94,6.57604018276228,6.58712871420091,6.60604018276227,,6.54477734035915,6.50700625033996,6.50873810777099,6.55511166055378,6.43891111148927
1628,Oracle,1340,5,Additive0.015,308200,230,23,6.57795706613061,6.5866994553165,6.60795706613061,,6.54505570486371,6.50696353249322,6.50750241793421,6.55487412384728,6.43858328855103
1628,Oracle Vector,1340,5,Additive0.015,4422000,3977,37,6.57430417844197,6.5866994553165,6.60430417844197,,6.54505570486371,6.50696353249322,6.50750241793421,6.55487412384728,6.43858328855103
1628,Value,1340,5,Additive0.015,1223415,6315,91,6.5750352711057,6.5866994553165,6.6050352711057,,6.54505570486371,6.50696353249322,6.50750241793421,6.55487412384727,6.43858328855103
1628,Vector,1340,5,Additive0.015,5456480,4885,48,6.57658843335467,6.5866994553165,6.60658843335467,,6.54505570486371,6.50696353249322,6.50750241793421,6.55487412384728,6.43858328855103
1628,Dist L1,1340,5,Additive0.015,1263538,6269,94,6.57604018276228,6.5866994553165,6.60604018276227,,6.54505570486371,6.50696353249322,6.50750241793421,6.55487412384727,6.43858328855103
1629,Oracle,1340,5,Additive0.015,308200,230,23,6.57795706613061,6.58509688931237,6.60795706613061,,6.54083914377278,6.50386748790992,6.50486983881883,6.55387485350403,6.43819043146891
1629,Oracle Vector,1340,5,Additive0.015,4430040,3984,37,6.57430417844197,6.58509688931237,6.60430417844197,,6.54083914377278,6.50386748790992,6.50486983881883,6.55387485350403,6.43819043146891
1629,Value,1340,5,Additive0.015,1223419,6320,91,6.5750352711057,6.58509688931237,6.6050352711057,,6.54083914377278,6.50386748790992,6.50486983881883,6.55387485350403,6.43819043146891
1629,Vector,1340,5,Additive0.015,5464520,4892,48,6.57658843335467,6.58509688931237,6.60658843335467,,6.54083914377278,6.50386748790992,6.50486983881883,6.55387485350402,6.43819043146891
1629,Dist L1,1340,5,Additive0.015,1263546,6278,94,6.57604018276228,6.58509688931237,6.60604018276227,,6.54083914377279,6.50386748790992,6.50486983881883,6.55387485350403,6.43819043146891
1630,Oracle,1340,5,Additive0.015,308200,230,23,6.57795706613061,6.58479504696793,6.60795706613061,,6.54166563054219,6.50409934377925,6.50491273634739,6.55321966299178,6.43603607692151
1630,Oracle Vector,1340,5,Additive0.015,4430040,3984,37,6.57430417844197,6.58479504696793,6.60430417844197,,6.54166563054219,6.50409934377925,6.50491273634739,6.55321966299178,6.43603607692151
1630,Value,1340,5,Additive0.015,1223423,6325,91,6.5750352711057,6.58479504696793,6.6050352711057,,6.5416656305422,6.50409934377925,6.50491273634739,6.55321966299178,6.43603607692151
1630,Vector,1340,5,Additive0.015,5464520,4892,48,6.57658843335467,6.58479504696793,6.60658843335467,,6.54166563054219,6.50409934377925,6.50491273634739,6.55321966299178,6.43603607692151
1630,Dist L1,1340,5,Additive0.015,1276951,6299,95,6.56979504696793,6.58479504696793,6.59979504696793,,6.54166563054219,6.50409934377925,6.50491273634739,6.55321966299178,6.43603607692151
1631,Oracle,1340,5,Additive0.015,308200,230,23,6.57795706613061,6.58481949588072,6.60795706613061,,6.54241819623536,6.50456757672934,6.50546121083089,6.55284481885677,6.43526684383446
1631,Oracle Vector,1340,5,Additive0.015,4430040,3984,37,6.57430417844197,6.58481949588072,6.60430417844197,,6.54241819623536,6.50456757672934,6.5054612108309,6.55284481885677,6.43526684383446
1631,Value,1340,5,Additive0.015,1223429,6332,91,6.5750352711057,6.58481949588072,6.6050352711057,,6.54241819623536,6.50456757672934,6.5054612108309,6.55284481885677,6.43526684383446
1631,Vector,1340,5,Additive0.015,5464520,4892,48,6.57658843335467,6.58481949588072,6.60658843335467,,6.54241819623536,6.50456757672934,6.5054612108309,6.55284481885677,6.43526684383446
1631,Dist L1,1340,5,Additive0.015,1276951,6299,95,6.56979504696793,6.58481949588072,6.59979504696793,,6.54241819623536,6.50456757672934,6.5054612108309,6.55284481885677,6.43526684383446
1632,Oracle,1340,5,Additive0.015,308200,230,23,6.57795706613061,6.58514752959118,6.60795706613061,,6.54222770438418,6.50509740895428,6.50603431183665,6.55294687405466,6.43609424733271
1632,Oracle Vector,1340,5,Additive0.015,4430040,3984,37,6.57430417844197,6.58514752959117,6.60430417844197,,6.54222770438418,6.50509740895428,6.50603431183665,6.55294687405466,6.43609424733271
1632,Value,1340,5,Additive0.015,1223429,6332,91,6.5750352711057,6.58514752959117,6.6050352711057,,6.54222770438418,6.50509740895428,6.50603431183665,6.55294687405466,6.43609424733271
1632,Vector,1340,5,Additive0.015,5464520,4892,48,6.57658843335467,6.58514752959117,6.60658843335467,,6.54222770438418,6.50509740895428,6.50603431183665,6.55294687405466,6.43609424733271
1632,Dist L1,1340,5,Additive0.015,1276951,6299,95,6.56979504696793,6.58514752959117,6.59979504696793,,6.54222770438418,6.50509740895428,6.50603431183665,6.55294687405466,6.43609424733271
1633,Oracle,1340,5,Additive0.015,308200,230,23,6.57795706613061,6.58418661249083,6.60795706613061,,6.54135290070421,6.50402949622563,6.5050223945598,6.5509622262397,6.43595181867353
1633,Oracle Vector,1340,5,Additive0.015,4430040,3984,37,6.57430417844197,6.58418661249082,6.60430417844197,,6.54135290070421,6.50402949622563,6.5050223945598,6.5509622262397,6.43595181867353
1633,Vector,1340,5,Additive0.015,5472560,4899,48,6.57658843335467,6.58418661249082,6.60658843335467,,6.54135290070421,6.50402949622563,6.5050223945598,6.5509622262397,6.43595181867353
1633,Value,1340,5,Additive0.015,1236834,6353,92,6.56918661249083,6.58418661249083,6.59918661249082,,6.54135290070421,6.50402949622563,6.5050223945598,6.5509622262397,6.43595181867353
1633,Dist L1,1340,5,Additive0.015,1276951,6299,95,6.56979504696793,6.58418661249083,6.59979504696793,,6.54135290070421,6.50402949622563,6.5050223945598,6.5509622262397,6.43595181867353
1634,Oracle,1340,5,Additive0.015,308200,230,23,6.57795706613061,6.58381746001511,6.60795706613061,,6.54181747190905,6.50297810342134,6.50438134296113,6.55055612492025,6.43579081269893
1634,Oracle Vector,1340,5,Additive0.015,4435400,3989,37,6.57430417844197,6.58381746001511,6.60430417844197,,6.54181747190905,6.50297810342134,6.50438134296114,6.55055612492025,6.43579081269893
1634,Value,1340,5,Additive0.015,1236834,6353,92,6.56918661249083,6.58381746001511,6.59918661249082,,6.54181747190905,6.50297810342134,6.50438134296114,6.55055612492025,6.43579081269893
1634,Vector,1340,5,Additive0.015,5472560,4899,48,6.57658843335467,6.58381746001511,6.60658843335467,,6.54181747190905,6.50297810342134,6.50438134296114,6.55055612492025,6.43579081269893
1634,Dist L1,1340,5,Additive0.015,1276951,6299,95,6.56979504696793,6.58381746001511,6.59979504696793,,6.54181747190905,6.50297810342134,6.50438134296114,6.55055612492025,6.43579081269893
1635,Oracle,1340,5,Additive0.015,308200,230,23,6.57795706613061,6.5842429757047,6.60795706613061,,6.54195145388069,6.50339197613364,6.50539490168991,6.55139155499702,6.43687113245068
1635,Oracle Vector,1340,5,Additive0.015,4435400,3989,37,6.57430417844197,6.5842429757047,6.60430417844197,,6.5419514538807,6.50339197613364,6.50539490168991,6.55139155499702,6.43687113245068
1635,Vector,1340,5,Additive0.015,5472560,4899,48,6.57658843335467,6.5842429757047,6.60658843335467,,6.5419514538807,6.50339197613364,6.50539490168991,6.55139155499702,6.43687113245068
1635,Value,1340,5,Additive0.015,1236834,6353,92,6.56918661249083,6.5842429757047,6.59918661249082,,6.5419514538807,6.50339197613364,6.50539490168991,6.55139155499702,6.43687113245068
1635,Dist L1,1340,5,Additive0.015,1276951,6299,95,6.56979504696793,6.5842429757047,6.59979504696793,,6.5419514538807,6.50339197613364,6.50539490168991,6.55139155499702,6.43687113245068
1636,Oracle,1340,5,Additive0.015,308200,230,23,6.57795706613061,6.58511787474884,6.60795706613061,,6.54349743370935,6.50328434867889,6.50570908453142,6.55179732560339,6.43807036662267
1636,Oracle Vector,1340,5,Additive0.015,4435400,3989,37,6.57430417844197,6.58511787474884,6.60430417844197,,6.54349743370934,6.50328434867889,6.50570908453142,6.55179732560339,6.43807036662267
1636,Value,1340,5,Additive0.015,1236834,6353,92,6.56918661249083,6.58511787474884,6.59918661249082,,6.54349743370934,6.50328434867888,6.50570908453142,6.55179732560339,6.43807036662267
1636,Vector,1340,5,Additive0.015,5472560,4899,48,6.57658843335467,6.58511787474884,6.60658843335467,,6.54349743370934,6.50328434867889,6.50570908453142,6.55179732560339,6.43807036662267
1636,Dist L1,1340,5,Additive0.015,1276951,6299,95,6.56979504696793,6.58511787474884,6.59979504696793,,6.54349743370934,6.50328434867889,6.50570908453142,6.55179732560339,6.43807036662267
1637,Oracle,1340,5,Additive0.015,308200,230,23,6.57795706613061,6.58518038542007,6.60795706613061,,6.54368677206422,6.50267093489871,6.50576843514334,6.55158604068835,6.43907148040925
1637,Oracle Vector,1340,5,Additive0.015,4435400,3989,37,6.57430417844197,6.58518038542007,6.60430417844197,,6.54368677206422,6.50267093489871,6.50576843514334,6.55158604068835,6.43907148040925
1637,Value,1340,5,Additive0.015,1236834,6353,92,6.56918661249083,6.58518038542007,6.59918661249082,,6.54368677206422,6.50267093489871,6.50576843514335,6.55158604068835,6.43907148040926
1637,Vector,1340,5,Additive0.015,5477920,4904,48,6.57658843335467,6.58518038542007,6.60658843335467,,6.54368677206422,6.50267093489871,6.50576843514335,6.55158604068835,6.43907148040925
1637,Dist L1,1340,5,Additive0.015,1276951,6299,95,6.56979504696793,6.58518038542007,6.59979504696793,,6.54368677206422,6.50267093489871,6.50576843514335,6.55158604068835,6.43907148040926
1638,Oracle,1340,5,Additive0.015,308200,230,23,6.57795706613061,6.58527978392386,6.60795706613061,,6.54336046365213,6.50135124151899,6.50609021484625,6.55122791728318,6.43974633107637
1638,Value,1340,5,Additive0.015,1236834,6353,92,6.56918661249083,6.58527978392386,6.59918661249082,,6.54336046365213,6.50135124151899,6.50609021484625,6.55122791728318,6.43974633107638
1638,Vector,1340,5,Additive0.015,5477920,4904,48,6.57658843335467,6.58527978392386,6.60658843335467,,6.54336046365213,6.50135124151899,6.50609021484625,6.55122791728318,6.43974633107638
1638,Oracle Vector,1340,5,Additive0.015,4440760,3994,37,6.57430417844197,6.58527978392386,6.60430417844197,,6.54336046365213,6.50135124151899,6.50609021484625,6.55122791728318,6.43974633107638
1638,Dist L1,1340,5,Additive0.015,1276951,6299,95,6.56979504696793,6.58527978392385,6.59979504696793,,6.54336046365213,6.50135124151899,6.50609021484625,6.55122791728318,6.43974633107638
1639,Oracle,1340,5,Additive0.015,308200,230,23,6.57795706613061,6.58550524478439,6.60795706613061,,6.54417555825008,6.50079708028621,6.50622131845088,6.55067177527999,6.4401750303639
1639,Oracle Vector,1340,5,Additive0.015,4440760,3994,37,6.57430417844197,6.58550524478439,6.60430417844197,,6.54417555825008,6.50079708028622,6.50622131845088,6.55067177527999,6.4401750303639
1639,Vector,1340,5,Additive0.015,5477920,4904,48,6.57658843335467,6.58550524478439,6.60658843335467,,6.54417555825008,6.50079708028622,6.50622131845088,6.55067177527999,6.4401750303639
1639,Value,1340,5,Additive0.015,1236834,6353,92,6.56918661249083,6.58550524478439,6.59918661249082,,6.54417555825008,6.50079708028622,6.50622131845088,6.55067177527999,6.4401750303639
1639,Dist L1,1340,5,Additive0.015,1276951,6299,95,6.56979504696793,6.58550524478439,6.59979504696793,,6.54417555825008,6.50079708028622,6.50622131845088,6.55067177527999,6.4401750303639
1640,Oracle,1340,5,Additive0.015,308200,230,23,6.57795706613061,6.58482246012576,6.60795706613061,,6.54407374194603,6.49966513767411,6.50529962280394,6.55032751731097,6.43971285115836
1640,Oracle Vector,1340,5,Additive0.015,4440760,3994,37,6.57430417844197,6.58482246012576,6.60430417844197,,6.54407374194603,6.49966513767411,6.50529962280394,6.55032751731098,6.43971285115836
1640,Value,1340,5,Additive0.015,1236834,6353,92,6.56918661249083,6.58482246012576,6.59918661249082,,6.54407374194603,6.49966513767411,6.50529962280394,6.55032751731098,6.43971285115836
1640,Vector,1340,5,Additive0.015,5485960,4911,48,6.57658843335467,6.58482246012576,6.60658843335467,,6.54407374194603,6.49966513767411,6.50529962280394,6.55032751731098,6.43971285115836
1640,Dist L1,1340,5,Additive0.015,1276951,6299,95,6.56979504696793,6.58482246012576,6.59979504696793,,6.54407374194603,6.49966513767411,6.50529962280394,6.55032751731098,6.43971285115836
1641,Oracle,1340,5,Additive0.015,308200,230,23,6.57795706613061,6.58494690327225,6.60795706613061,,6.54452428818222,6.49942659353882,6.50614600751527,6.55072572995352,6.44017894794883
1641,Oracle Vector,1340,5,Additive0.015,4440760,3994,37,6.57430417844197,6.58494690327225,6.60430417844197,,6.54452428818222,6.49942659353882,6.50614600751527,6.55072572995352,6.44017894794883
1641,Value,1340,5,Additive0.015,1236834,6353,92,6.56918661249083,6.58494690327225,6.59918661249082,,6.54452428818222,6.49942659353882,6.50614600751527,6.55072572995352,6.44017894794883
1641,Vector,1340,5,Additive0.015,5491320,4916,48,6.57658843335467,6.58494690327225,6.60658843335467,,6.54452428818222,6.49942659353882,6.50614600751527,6.55072572995352,6.44017894794883
1641,Dist L1,1340,5,Additive0.015,1276951,6299,95,6.56979504696793,6.58494690327225,6.59979504696793,,6.54452428818222,6.49942659353882,6.50614600751527,6.55072572995352,6.44017894794883
1642,Oracle,1340,5,Additive0.015,308200,230,23,6.57795706613061,6.58534449546655,6.60795706613061,,6.54457930883932,6.49964692930313,6.50750154348571,6.55089326489971,6.44055488469147
1642,Value,1340,5,Additive0.015,1236834,6353,92,6.56918661249083,6.58534449546654,6.59918661249082,,6.54457930883931,6.49964692930313,6.50750154348571,6.55089326489971,6.44055488469147
1642,Oracle Vector,1340,5,Additive0.015,4446120,3999,37,6.57430417844197,6.58534449546655,6.60430417844197,,6.54457930883931,6.49964692930313,6.50750154348571,6.55089326489971,6.44055488469146
1642,Vector,1340,5,Additive0.015,5491320,4916,48,6.57658843335467,6.58534449546654,6.60658843335467,,6.54457930883931,6.49964692930312,6.50750154348571,6.55089326489971,6.44055488469147
1642,Dist L1,1340,5,Additive0.015,1276951,6299,95,6.56979504696793,6.58534449546655,6.59979504696793,,6.54457930883931,6.49964692930312,6.50750154348571,6.55089326489971,6.44055488469147
1643,Oracle,1340,5,Additive0.015,308200,230,23,6.57795706613061,6.58498452772438,6.60795706613061,,6.54495709441866,6.4988008694524,6.50745657671037,6.55088306524962,6.44032516013921
1643,Oracle Vector,1340,5,Additive0.015,4446120,3999,37,6.57430417844197,6.58498452772438,6.60430417844197,,6.54495709441866,6.4988008694524,6.50745657671037,6.55088306524962,6.44032516013921
1643,Value,1340,5,Additive0.015,1236834,6353,92,6.56918661249083,6.58498452772438,6.59918661249082,,6.54495709441866,6.4988008694524,6.50745657671037,6.55088306524962,6.44032516013921
1643,Vector,1340,5,Additive0.015,5491320,4916,48,6.57658843335467,6.58498452772438,6.60658843335467,,6.54495709441866,6.4988008694524,6.50745657671037,6.55088306524963,6.44032516013921
1643,Dist L1,1340,5,Additive0.015,1276951,6299,95,6.56979504696793,6.58498452772438,6.59979504696793,,6.54495709441866,6.4988008694524,6.50745657671037,6.55088306524962,6.44032516013921
1644,Oracle,1340,5,Additive0.015,308200,230,23,6.57795706613061,6.58490653756739,6.60795706613061,,6.54620264480936,6.49820911941009,6.50736613805547,6.55045438062307,6.44000122873756
1644,Oracle Vector,1340,5,Additive0.015,4451480,4004,37,6.57430417844197,6.58490653756739,6.60430417844197,,6.54620264480936,6.49820911941009,6.50736613805547,6.55045438062307,6.44000122873756
1644,Value,1340,5,Additive0.015,1236834,6353,92,6.56918661249083,6.58490653756739,6.59918661249082,,6.54620264480936,6.49820911941009,6.50736613805547,6.55045438062307,6.44000122873756
1644,Vector,1340,5,Additive0.015,5491320,4916,48,6.57658843335467,6.58490653756739,6.60658843335467,,6.54620264480936,6.49820911941009,6.50736613805547,6.55045438062307,6.44000122873756
1644,Dist L1,1340,5,Additive0.015,1276955,6304,95,6.56979504696793,6.58490653756739,6.59979504696793,,6.54620264480936,6.49820911941009,6.50736613805547,6.55045438062307,6.44000122873756
1645,Oracle,1340,5,Additive0.015,308200,230,23,6.57795706613061,6.58453831263026,6.60795706613061,,6.54705312980742,6.497893439904,6.50665594925013,6.54984327299275,6.43912497207548
1645,Oracle Vector,1340,5,Additive0.015,4456840,4009,37,6.57430417844197,6.58453831263026,6.60430417844197,,6.54705312980742,6.497893439904,6.50665594925013,6.54984327299275,6.43912497207548
1645,Value,1340,5,Additive0.015,1236834,6353,92,6.56918661249083,6.58453831263026,6.59918661249082,,6.54705312980742,6.497893439904,6.50665594925013,6.54984327299275,6.43912497207548
1645,Vector,1340,5,Additive0.015,5496680,4921,48,6.57658843335467,6.58453831263026,6.60658843335467,,6.54705312980742,6.497893439904,6.50665594925012,6.54984327299275,6.43912497207548
1645,Dist L1,1340,5,Additive0.015,1276955,6304,95,6.56979504696793,6.58453831263026,6.59979504696793,,6.54705312980742,6.497893439904,6.50665594925013,6.54984327299275,6.43912497207548
1646,Oracle,1340,5,Additive0.015,308200,230,23,6.57795706613061,6.58395122524399,6.60795706613061,,6.54803678251394,6.49749032793091,6.50522428076898,6.5491178870101,6.43755575431225
1646,Oracle Vector,1340,5,Additive0.015,4462200,4014,37,6.57430417844197,6.58395122524399,6.60430417844197,,6.54803678251395,6.49749032793091,6.50522428076898,6.54911788701009,6.43755575431225
1646,Value,1340,5,Additive0.015,1236838,6358,92,6.56918661249083,6.58395122524399,6.59918661249082,,6.54803678251394,6.49749032793091,6.50522428076898,6.54911788701009,6.43755575431225
1646,Vector,1340,5,Additive0.015,5502040,4926,48,6.57658843335467,6.58395122524399,6.60658843335467,,6.54803678251394,6.49749032793091,6.50522428076898,6.54911788701009,6.43755575431225
1646,Dist L1,1340,5,Additive0.015,1276955,6304,95,6.56979504696793,6.58395122524399,6.59979504696793,,6.54803678251394,6.49749032793091,6.50522428076898,6.5491178870101,6.43755575431225
1647,Oracle,1340,5,Additive0.015,308200,230,23,6.57795706613061,6.58323876702998,6.60795706613061,,6.54785162519926,6.49718855308835,6.50470560909123,6.54835948382455,6.43614207177211
1647,Oracle Vector,1340,5,Additive0.015,4467560,4019,37,6.57430417844197,6.58323876702998,6.60430417844197,,6.54785162519926,6.49718855308835,6.50470560909123,6.54835948382455,6.43614207177211
1647,Value,1340,5,Additive0.015,1236838,6358,92,6.56918661249083,6.58323876702998,6.59918661249082,,6.54785162519926,6.49718855308835,6.50470560909123,6.54835948382455,6.43614207177211
1647,Vector,1340,5,Additive0.015,5510080,4933,48,6.57658843335467,6.58323876702998,6.60658843335467,,6.54785162519926,6.49718855308835,6.50470560909123,6.54835948382455,6.43614207177211
1647,Dist L1,1340,5,Additive0.015,1276955,6304,95,6.56979504696793,6.58323876702998,6.59979504696793,,6.54785162519926,6.49718855308835,6.50470560909123,6.54835948382455,6.43614207177211
1648,Oracle,1340,5,Additive0.015,308200,230,23,6.57795706613061,6.58252235869627,6.60795706613061,,6.54788586917901,6.49702120070062,6.50470198926147,6.54737217042586,6.43415620726775
1648,Oracle Vector,1340,5,Additive0.015,4467560,4019,37,6.57430417844197,6.58252235869627,6.60430417844197,,6.54788586917901,6.49702120070062,6.50470198926147,6.54737217042585,6.43415620726775
1648,Value,1340,5,Additive0.015,1236838,6358,92,6.56918661249083,6.58252235869627,6.59918661249082,,6.54788586917901,6.49702120070062,6.50470198926147,6.54737217042585,6.43415620726775
1648,Vector,1340,5,Additive0.015,5515440,4938,48,6.57658843335467,6.58252235869627,6.60658843335467,,6.54788586917901,6.49702120070062,6.50470198926147,6.54737217042586,6.43415620726775
1648,Dist L1,1340,5,Additive0.015,1276959,6309,95,6.56979504696793,6.58252235869627,6.59979504696793,,6.54788586917901,6.49702120070062,6.50470198926147,6.54737217042585,6.43415620726775
1649,Oracle,1340,5,Additive0.015,308200,230,23,6.57795706613061,6.58240284784695,6.60795706613061,,6.5478138339532,6.49669196435016,6.50497717802379,6.54711140418157,6.43307960067135
1649,Oracle Vector,1340,5,Additive0.015,4467560,4019,37,6.57430417844197,6.58240284784695,6.60430417844197,,6.5478138339532,6.49669196435016,6.50497717802379,6.54711140418157,6.43307960067136
1649,Value,1340,5,Additive0.015,1236838,6358,92,6.56918661249083,6.58240284784695,6.59918661249082,,6.5478138339532,6.49669196435016,6.50497717802379,6.54711140418157,6.43307960067136
1649,Vector,1340,5,Additive0.015,5515440,4938,48,6.57658843335467,6.58240284784695,6.60658843335467,,6.5478138339532,6.49669196435016,6.50497717802379,6.54711140418157,6.43307960067135
1649,Dist L1,1340,5,Additive0.015,1276967,6319,95,6.56979504696793,6.58240284784695,6.59979504696793,,6.5478138339532,6.49669196435016,6.50497717802379,6.54711140418157,6.43307960067136
1650,Oracle,1340,5,Additive0.015,308200,230,23,6.57795706613061,6.58218255897741,6.60795706613061,,6.54727071406969,6.49610395014532,6.50501570798013,6.54753660265602,6.43315190174565
1650,Oracle Vector,1340,5,Additive0.015,4467560,4019,37,6.57430417844197,6.5821825589774,6.60430417844197,,6.54727071406969,6.49610395014532,6.50501570798013,6.54753660265602,6.43315190174565
1650,Value,1340,5,Additive0.015,1236844,6366,92,6.56918661249083,6.5821825589774,6.59918661249082,,6.54727071406969,6.49610395014532,6.50501570798013,6.54753660265602,6.43315190174565
1650,Vector,1340,5,Additive0.015,5523480,4945,48,6.57658843335467,6.5821825589774,6.60658843335467,,6.54727071406969,6.49610395014532,6.50501570798013,6.54753660265602,6.43315190174565
1650,Dist L1,1340,5,Additive0.015,1290372,6340,96,6.5671825589774,6.5821825589774,6.5971825589774,,6.54727071406969,6.49610395014532,6.50501570798013,6.54753660265602,6.43315190174565
1651,Oracle,1340,5,Additive0.015,308200,230,23,6.57795706613061,6.58149388463575,6.60795706613061,,6.54673581696153,6.49480601888743,6.50544494830904,6.54653520674917,6.432540309854
1651,Oracle Vector,1340,5,Additive0.015,4467560,4019,37,6.57430417844197,6.58149388463575,6.60430417844197,,6.54673581696152,6.49480601888743,6.50544494830904,6.54653520674917,6.432540309854
1651,Vector,1340,5,Additive0.015,5531520,4952,48,6.57658843335467,6.58149388463575,6.60658843335467,,6.54673581696152,6.49480601888743,6.50544494830904,6.54653520674917,6.432540309854
1651,Value,1340,5,Additive0.015,1236852,6376,92,6.56918661249083,6.58149388463575,6.59918661249082,,6.54673581696152,6.49480601888743,6.50544494830904,6.54653520674917,6.432540309854
1651,Dist L1,1340,5,Additive0.015,1290372,6340,96,6.5671825589774,6.58149388463575,6.5971825589774,,6.54673581696152,6.49480601888743,6.50544494830904,6.54653520674917,6.432540309854
1652,Oracle,1340,5,Additive0.015,308200,230,23,6.57795706613061,6.58052542311234,6.60795706613061,,6.54620641609488,6.49368030366084,6.50517334669268,6.54538939156512,6.43166664357958
1652,Oracle Vector,1340,5,Additive0.015,4475600,4026,37,6.57430417844197,6.58052542311234,6.60430417844197,,6.54620641609488,6.49368030366083,6.50517334669268,6.54538939156513,6.43166664357958
1652,Vector,1340,5,Additive0.015,5544920,4962,49,6.56552542311234,6.58052542311234,6.59552542311234,,6.54620641609488,6.49368030366083,6.50517334669268,6.54538939156513,6.43166664357958
1652,Value,1340,5,Additive0.015,1250257,6397,93,6.56552542311234,6.58052542311234,6.59552542311234,,6.54620641609488,6.49368030366083,6.50517334669268,6.54538939156512,6.43166664357958
1652,Dist L1,1340,5,Additive0.015,1290372,6340,96,6.5671825589774,6.58052542311234,6.5971825589774,,6.54620641609488,6.49368030366083,6.50517334669268,6.54538939156512,6.43166664357958
1653,Oracle,1340,5,Additive0.015,308200,230,23,6.57795706613061,6.57968038392081,6.60795706613061,,6.54578917012229,6.49352968791561,6.50487510918437,6.54394804951954,6.43070539917318
1653,Oracle Vector,1340,5,Additive0.015,4475600,4026,37,6.57430417844197,6.57968038392081,6.60430417844197,,6.54578917012229,6.49352968791561,6.50487510918437,6.54394804951954,6.43070539917318
1653,Vector,1340,5,Additive0.015,5544920,4962,49,6.56552542311234,6.57968038392081,6.59552542311234,,6.54578917012229,6.49352968791561,6.50487510918437,6.54394804951954,6.43070539917318
1653,Value,1340,5,Additive0.015,1250257,6397,93,6.56552542311234,6.57968038392081,6.59552542311234,,6.54578917012229,6.49352968791561,6.50487510918437,6.54394804951954,6.43070539917318
1653,Dist L1,1340,5,Additive0.015,1290372,6340,96,6.5671825589774,6.57968038392081,6.5971825589774,,6.54578917012229,6.49352968791561,6.50487510918437,6.54394804951954,6.43070539917318
1654,Oracle,1340,5,Additive0.015,308200,230,23,6.57795706613061,6.57949214317255,6.60795706613061,,6.54610357300871,6.49271551396502,6.50533008377786,6.54247519712266,6.43203416257738
1654,Oracle Vector,1340,5,Additive0.015,4475600,4026,37,6.57430417844197,6.57949214317255,6.60430417844197,,6.54610357300871,6.49271551396502,6.50533008377787,6.54247519712266,6.43203416257738
1654,Vector,1340,5,Additive0.015,5544920,4962,49,6.56552542311234,6.57949214317255,6.59552542311234,,6.54610357300871,6.49271551396502,6.50533008377787,6.54247519712266,6.43203416257738
1654,Value,1340,5,Additive0.015,1250257,6397,93,6.56552542311234,6.57949214317255,6.59552542311234,,6.54610357300871,6.49271551396502,6.50533008377787,6.54247519712266,6.43203416257738
1654,Dist L1,1340,5,Additive0.015,1290372,6340,96,6.5671825589774,6.57949214317255,6.5971825589774,,6.54610357300871,6.49271551396502,6.50533008377787,6.54247519712266,6.43203416257738
1655,Oracle,1340,5,Additive0.015,308200,230,23,6.57795706613061,6.57930116877565,6.60795706613061,,6.54535432240405,6.49297475104995,6.50534133128044,6.54238092898459,6.43279601836133
1655,Oracle Vector,1340,5,Additive0.015,4475600,4026,37,6.57430417844197,6.57930116877565,6.60430417844197,,6.54535432240405,6.49297475104995,6.50534133128044,6.54238092898459,6.43279601836133
1655,Value,1340,5,Additive0.015,1250257,6397,93,6.56552542311234,6.57930116877566,6.59552542311234,,6.54535432240405,6.49297475104995,6.50534133128044,6.54238092898459,6.43279601836133
1655,Vector,1340,5,Additive0.015,5544920,4962,49,6.56552542311234,6.57930116877565,6.59552542311234,,6.54535432240405,6.49297475104995,6.50534133128044,6.54238092898459,6.43279601836133
1655,Dist L1,1340,5,Additive0.015,1290372,6340,96,6.5671825589774,6.57930116877566,6.5971825589774,,6.54535432240405,6.49297475104995,6.50534133128044,6.54238092898459,6.43279601836133
1656,Oracle,1340,5,Additive0.015,308200,230,23,6.57795706613061,6.5788828142879,6.60795706613061,,6.54454297881098,6.49282648065976,6.50537052329572,6.54183200390642,6.43347934171936
1656,Value,1340,5,Additive0.015,1250257,6397,93,6.56552542311234,6.5788828142879,6.59552542311234,,6.54454297881098,6.49282648065976,6.50537052329572,6.54183200390641,6.43347934171936
1656,Oracle Vector,1340,5,Additive0.015,4480960,4031,37,6.57430417844197,6.5788828142879,6.60430417844197,,6.54454297881098,6.49282648065976,6.50537052329572,6.54183200390641,6.43347934171936
1656,Vector,1340,5,Additive0.015,5544920,4962,49,6.56552542311234,6.5788828142879,6.59552542311234,,6.54454297881098,6.49282648065976,6.50537052329572,6.54183200390641,6.43347934171936
1656,Dist L1,1340,5,Additive0.015,1290372,6340,96,6.5671825589774,6.5788828142879,6.5971825589774,,6.54454297881098,6.49282648065976,6.50537052329572,6.54183200390641,6.43347934171936
1657,Oracle,1340,5,Additive0.015,308200,230,23,6.57795706613061,6.57827288597866,6.60795706613061,,6.54349753934581,6.49256863278848,6.50530163810618,6.54092171934238,6.43454468055464
1657,Oracle Vector,1340,5,Additive0.015,4486320,4036,37,6.57430417844197,6.57827288597866,6.60430417844197,,6.54349753934581,6.49256863278848,6.50530163810618,6.54092171934238,6.43454468055464
1657,Value,1340,5,Additive0.015,1250257,6397,93,6.56552542311234,6.57827288597866,6.59552542311234,,6.54349753934581,6.49256863278848,6.50530163810618,6.54092171934238,6.43454468055464
1657,Vector,1340,5,Additive0.015,5544920,4962,49,6.56552542311234,6.57827288597866,6.59552542311234,,6.54349753934581,6.49256863278848,6.50530163810618,6.54092171934238,6.43454468055464
1657,Dist L1,1340,5,Additive0.015,1290378,6348,96,6.5671825589774,6.57827288597866,6.5971825589774,,6.54349753934581,6.49256863278848,6.50530163810618,6.54092171934238,6.43454468055464
1658,Oracle,1340,5,Additive0.015,308200,230,23,6.57795706613061,6.57796159376304,6.60795706613061,,6.54309003803127,6.49245475223982,6.50487659991294,6.5402893680047,6.43574274826272
1658,Oracle Vector,1340,5,Additive0.015,4491680,4041,37,6.57430417844197,6.57796159376304,6.60430417844197,,6.54309003803127,6.49245475223982,6.50487659991294,6.5402893680047,6.43574274826272
1658,Value,1340,5,Additive0.015,1250261,6402,93,6.56552542311234,6.57796159376304,6.59552542311234,,6.54309003803127,6.49245475223982,6.50487659991294,6.54028936800469,6.43574274826272
1658,Vector,1340,5,Additive0.015,5550280,4967,49,6.56552542311234,6.57796159376304,6.59552542311234,,6.54309003803127,6.49245475223982,6.50487659991294,6.5402893680047,6.43574274826272
1658,Dist L1,1340,5,Additive0.015,1290378,6348,96,6.5671825589774,6.57796159376304,6.5971825589774,,6.54309003803127,6.49245475223982,6.50487659991294,6.54028936800469,6.43574274826272
1659,Oracle,1340,5,Additive0.015,321600,240,24,6.56260203020859,6.57760203020859,6.59260203020859,,6.54244857738207,6.49243433846584,6.50411374877319,6.54039106104852,6.43660161623824
1659,Oracle Vector,1340,5,Additive0.015,4491680,4041,37,6.57430417844197,6.57760203020859,6.60430417844197,,6.54244857738207,6.49243433846584,6.50411374877319,6.54039106104852,6.43660161623824
1659,Value,1340,5,Additive0.015,1250261,6402,93,6.56552542311234,6.57760203020859,6.59552542311234,,6.54244857738207,6.49243433846584,6.50411374877319,6.54039106104852,6.43660161623824
1659,Vector,1340,5,Additive0.015,5550280,4967,49,6.56552542311234,6.57760203020859,6.59552542311234,,6.54244857738207,6.49243433846584,6.50411374877319,6.54039106104852,6.43660161623824
1659,Dist L1,1340,5,Additive0.015,1290384,6356,96,6.5671825589774,6.57760203020859,6.5971825589774,,6.54244857738207,6.49243433846584,6.50411374877319,6.54039106104852,6.43660161623824
1660,Oracle,1340,5,Additive0.015,321600,240,24,6.56260203020859,6.57764276480661,6.59260203020859,,6.54193062712005,6.49255426684197,6.50489980632475,6.54054519533318,6.43795948059974
1660,Oracle Vector,1340,5,Additive0.015,4497040,4046,37,6.57430417844197,6.57764276480661,6.60430417844197,,6.54193062712005,6.49255426684197,6.50489980632475,6.54054519533318,6.43795948059974
1660,Value,1340,5,Additive0.015,1250265,6407,93,6.56552542311234,6.57764276480661,6.59552542311234,,6.54193062712005,6.49255426684197,6.50489980632475,6.54054519533318,6.43795948059974
1660,Vector,1340,5,Additive0.015,5550280,4967,49,6.56552542311234,6.57764276480661,6.59552542311234,,6.54193062712005,6.49255426684197,6.50489980632475,6.54054519533318,6.43795948059974
1660,Dist L1,1340,5,Additive0.015,1290390,6363,96,6.5671825589774,6.57764276480661,6.5971825589774,,6.54193062712005,6.49255426684197,6.50489980632475,6.54054519533318,6.43795948059974
1661,Oracle,1340,5,Additive0.015,321600,240,24,6.56260203020859,6.57756004468508,6.59260203020859,,6.54178654858849,6.49231112764826,6.50526620594105,6.54010841181307,6.43914585142994
1661,Oracle Vector,1340,5,Additive0.015,4497040,4046,37,6.57430417844197,6.57756004468508,6.60430417844197,,6.54178654858849,6.49231112764826,6.50526620594105,6.54010841181307,6.43914585142994
1661,Value,1340,5,Additive0.015,1250265,6407,93,6.56552542311234,6.57756004468508,6.59552542311234,,6.54178654858849,6.49231112764826,6.50526620594105,6.54010841181307,6.43914585142994
1661,Vector,1340,5,Additive0.015,5550280,4967,49,6.56552542311234,6.57756004468508,6.59552542311234,,6.54178654858849,6.49231112764826,6.50526620594105,6.54010841181307,6.43914585142994
1661,Dist L1,1340,5,Additive0.015,1290390,6363,96,6.5671825589774,6.57756004468508,6.5971825589774,,6.54178654858849,6.49231112764826,6.50526620594105,6.54010841181307,6.43914585142994
1662,Oracle,1340,5,Additive0.015,321600,240,24,6.56260203020859,6.57756480870934,6.59260203020859,,6.54218758192535,6.49153544295999,6.50454307738752,6.54002369763219,6.44052811863857
1662,Oracle Vector,1340,5,Additive0.015,4505080,4053,37,6.57430417844197,6.57756480870934,6.60430417844197,,6.54218758192535,6.49153544295999,6.50454307738752,6.54002369763219,6.44052811863857
1662,Vector,1340,5,Additive0.015,5550280,4967,49,6.56552542311234,6.57756480870934,6.59552542311234,,6.54218758192535,6.49153544295999,6.50454307738752,6.54002369763219,6.44052811863857
1662,Value,1340,5,Additive0.015,1250265,6407,93,6.56552542311234,6.57756480870934,6.59552542311234,,6.54218758192535,6.49153544295999,6.50454307738752,6.54002369763219,6.44052811863857
1662,Dist L1,1340,5,Additive0.015,1290390,6363,96,6.5671825589774,6.57756480870934,6.5971825589774,,6.54218758192535,6.49153544295999,6.50454307738752,6.54002369763219,6.44052811863857
1663,Oracle,1340,5,Additive0.015,321600,240,24,6.56260203020859,6.57712050412483,6.59260203020859,,6.54258791947312,6.49062855127564,6.50360339471983,6.53901128877275,6.4411762571035
1663,Oracle Vector,1340,5,Additive0.015,4505080,4053,37,6.57430417844197,6.57712050412483,6.60430417844197,,6.54258791947312,6.49062855127564,6.50360339471983,6.53901128877275,6.4411762571035
1663,Value,1340,5,Additive0.015,1250265,6407,93,6.56552542311234,6.57712050412483,6.59552542311234,,6.54258791947312,6.49062855127564,6.50360339471983,6.53901128877275,6.4411762571035
1663,Vector,1340,5,Additive0.015,5550280,4967,49,6.56552542311234,6.57712050412483,6.59552542311234,,6.54258791947312,6.49062855127564,6.50360339471983,6.53901128877275,6.4411762571035
1663,Dist L1,1340,5,Additive0.015,1290400,6376,96,6.5671825589774,6.57712050412483,6.5971825589774,,6.54258791947312,6.49062855127564,6.50360339471983,6.53901128877275,6.4411762571035
1664,Oracle,1340,5,Additive0.015,321600,240,24,6.56260203020859,6.57806501958918,6.59260203020859,,6.54401776186709,6.4920517859343,6.50415506766324,6.53892828753461,6.44225566405206
1664,Vector,1340,5,Additive0.015,5550280,4967,49,6.56552542311234,6.57806501958917,6.59552542311234,,6.54401776186709,6.4920517859343,6.50415506766324,6.53892828753461,6.44225566405206
1664,Value,1340,5,Additive0.015,1250269,6412,93,6.56552542311234,6.57806501958917,6.59552542311234,,6.54401776186709,6.4920517859343,6.50415506766324,6.53892828753461,6.44225566405206
1664,Oracle Vector,1340,5,Additive0.015,4510440,4058,37,6.57430417844197,6.57806501958917,6.60430417844197,,6.54401776186709,6.4920517859343,6.50415506766324,6.53892828753461,6.44225566405206
1664,Dist L1,1340,5,Additive0.015,1290404,6381,96,6.5671825589774,6.57806501958917,6.5971825589774,,6.54401776186709,6.4920517859343,6.50415506766324,6.53892828753461,6.44225566405206
1665,Oracle,1340,5,Additive0.015,321600,240,24,6.56260203020859,6.57865599749285,6.59260203020859,,6.54420177482772,6.49205141950441,6.50477955369656,6.53992972939029,6.44345010499574
1665,Oracle Vector,1340,5,Additive0.015,4510440,4058,37,6.57430417844197,6.57865599749285,6.60430417844197,,6.54420177482772,6.49205141950441,6.50477955369656,6.53992972939029,6.44345010499575
1665,Vector,1340,5,Additive0.015,5550280,4967,49,6.56552542311234,6.57865599749285,6.59552542311234,,6.54420177482772,6.49205141950441,6.50477955369656,6.53992972939029,6.44345010499574
1665,Value,1340,5,Additive0.015,1250269,6412,93,6.56552542311234,6.57865599749285,6.59552542311234,,6.54420177482772,6.49205141950441,6.50477955369656,6.53992972939029,6.44345010499574
1665,Dist L1,1340,5,Additive0.015,1290404,6381,96,6.5671825589774,6.57865599749285,6.5971825589774,,6.54420177482772,6.49205141950441,6.50477955369656,6.53992972939029,6.44345010499574
1666,Oracle,1340,5,Additive0.015,321600,240,24,6.56260203020859,6.58002686767643,6.59260203020859,,6.5451012381743,6.4931214050958,6.50665337475968,6.5404949016973,6.44523372335571
1666,Vector,1340,5,Additive0.015,5550280,4967,49,6.56552542311234,6.58002686767643,6.59552542311234,,6.5451012381743,6.4931214050958,6.50665337475968,6.5404949016973,6.4452337233557
1666,Oracle Vector,1340,5,Additive0.015,4510440,4058,37,6.57430417844197,6.58002686767643,6.60430417844197,,6.5451012381743,6.4931214050958,6.50665337475968,6.5404949016973,6.44523372335571
1666,Value,1340,5,Additive0.015,1250269,6412,93,6.56552542311234,6.58002686767643,6.59552542311234,,6.5451012381743,6.4931214050958,6.50665337475968,6.5404949016973,6.4452337233557
1666,Dist L1,1340,5,Additive0.015,1290404,6381,96,6.5671825589774,6.58002686767643,6.5971825589774,,6.5451012381743,6.4931214050958,6.50665337475968,6.5404949016973,6.4452337233557
1667,Oracle,1340,5,Additive0.015,321600,240,24,6.56260203020859,6.58078754062525,6.59260203020859,,6.54560550423194,6.49459469317218,6.50642556877883,6.54137859157296,6.44665896919662
1667,Oracle Vector,1340,5,Additive0.015,4510440,4058,37,6.57430417844197,6.58078754062524,6.60430417844197,,6.54560550423193,6.49459469317218,6.50642556877883,6.54137859157296,6.44665896919662
1667,Value,1340,5,Additive0.015,1250269,6412,93,6.56552542311234,6.58078754062524,6.59552542311234,,6.54560550423193,6.49459469317218,6.50642556877883,6.54137859157296,6.44665896919662
1667,Vector,1340,5,Additive0.015,5550280,4967,49,6.56552542311234,6.58078754062524,6.59552542311234,,6.54560550423193,6.49459469317217,6.50642556877883,6.54137859157296,6.44665896919662
1667,Dist L1,1340,5,Additive0.015,1290404,6381,96,6.5671825589774,6.58078754062524,6.5971825589774,,6.54560550423193,6.49459469317217,6.50642556877883,6.54137859157296,6.44665896919662
1668,Oracle,1340,5,Additive0.015,321600,240,24,6.56260203020859,6.58133739932837,6.59260203020859,,6.5468737650627,6.49504683259647,6.50664141076244,6.54197148111166,6.44725937680885
1668,Oracle Vector,1340,5,Additive0.015,4515800,4063,37,6.57430417844197,6.58133739932837,6.60430417844197,,6.5468737650627,6.49504683259647,6.50664141076244,6.54197148111166,6.44725937680884
1668,Value,1340,5,Additive0.015,1250269,6412,93,6.56552542311234,6.58133739932837,6.59552542311234,,6.5468737650627,6.49504683259647,6.50664141076244,6.54197148111166,6.44725937680884
1668,Vector,1340,5,Additive0.015,5550280,4967,49,6.56552542311234,6.58133739932837,6.59552542311234,,6.5468737650627,6.49504683259647,6.50664141076244,6.54197148111166,6.44725937680885
1668,Dist L1,1340,5,Additive0.015,1290404,6381,96,6.5671825589774,6.58133739932837,6.5971825589774,,6.5468737650627,6.49504683259647,6.50664141076244,6.54197148111166,6.44725937680884
1669,Oracle,1340,5,Additive0.015,321600,240,24,6.56260203020859,6.58190054472071,6.59260203020859,,6.54754382944419,6.49576152262891,6.50704316443354,6.54272104888462,6.44792115890167
1669,Oracle Vector,1340,5,Additive0.015,4515800,4063,37,6.57430417844197,6.58190054472071,6.60430417844197,,6.54754382944419,6.49576152262891,6.50704316443354,6.54272104888461,6.44792115890167
1669,Vector,1340,5,Additive0.015,5550280,4967,49,6.56552542311234,6.58190054472071,6.59552542311234,,6.54754382944419,6.49576152262891,6.50704316443354,6.54272104888461,6.44792115890167
1669,Value,1340,5,Additive0.015,1250269,6412,93,6.56552542311234,6.58190054472071,6.59552542311234,,6.54754382944419,6.49576152262891,6.50704316443354,6.54272104888462,6.44792115890167
1669,Dist L1,1340,5,Additive0.015,1290404,6381,96,6.5671825589774,6.58190054472071,6.5971825589774,,6.54754382944419,6.49576152262891,6.50704316443354,6.54272104888462,6.44792115890167
1670,Oracle,1340,5,Additive0.015,321600,240,24,6.56260203020859,6.58288530137962,6.59260203020859,,6.54748688884396,6.49679338422464,6.50798266345426,6.54376194432696,6.44947548449411
1670,Oracle Vector,1340,5,Additive0.015,4515800,4063,37,6.57430417844197,6.58288530137962,6.60430417844197,,6.54748688884396,6.49679338422464,6.50798266345426,6.54376194432696,6.44947548449411
1670,Vector,1340,5,Additive0.015,5550280,4967,49,6.56552542311234,6.58288530137962,6.59552542311234,,6.54748688884396,6.49679338422464,6.50798266345426,6.54376194432696,6.44947548449411
1670,Value,1340,5,Additive0.015,1250269,6412,93,6.56552542311234,6.58288530137962,6.59552542311234,,6.54748688884396,6.49679338422464,6.50798266345426,6.54376194432696,6.44947548449411
1670,Dist L1,1340,5,Additive0.015,1290404,6381,96,6.5671825589774,6.58288530137962,6.5971825589774,,6.54748688884396,6.49679338422464,6.50798266345426,6.54376194432696,6.44947548449411
1671,Oracle,1340,5,Additive0.015,321600,240,24,6.56260203020859,6.58261430406189,6.59260203020859,,6.54731972345296,6.49706768091483,6.50719902646748,6.54295258076949,6.44992884805917
1671,Oracle Vector,1340,5,Additive0.015,4515800,4063,37,6.57430417844197,6.58261430406189,6.60430417844197,,6.54731972345296,6.49706768091483,6.50719902646748,6.54295258076949,6.44992884805917
1671,Value,1340,5,Additive0.015,1250269,6412,93,6.56552542311234,6.58261430406189,6.59552542311234,,6.54731972345296,6.49706768091483,6.50719902646748,6.54295258076949,6.44992884805917
1671,Vector,1340,5,Additive0.015,5550280,4967,49,6.56552542311234,6.58261430406189,6.59552542311234,,6.54731972345296,6.49706768091483,6.50719902646748,6.54295258076949,6.44992884805917
1671,Dist L1,1340,5,Additive0.015,1290404,6381,96,6.5671825589774,6.58261430406189,6.5971825589774,,6.54731972345296,6.49706768091483,6.50719902646748,6.54295258076949,6.44992884805917
1672,Oracle,1340,5,Additive0.015,321600,240,24,6.56260203020859,6.58269955269992,6.59260203020859,,6.54680094349103,6.49728231255733,6.50709671112355,6.54298651504817,6.45039815941977
1672,Oracle Vector,1340,5,Additive0.015,4515800,4063,37,6.57430417844197,6.58269955269992,6.60430417844197,,6.54680094349103,6.49728231255733,6.50709671112355,6.54298651504817,6.45039815941977
1672,Value,1340,5,Additive0.015,1250269,6412,93,6.56552542311234,6.58269955269992,6.59552542311234,,6.54680094349103,6.49728231255733,6.50709671112355,6.54298651504817,6.45039815941977
1672,Vector,1340,5,Additive0.015,5550280,4967,49,6.56552542311234,6.58269955269992,6.59552542311234,,6.54680094349103,6.49728231255733,6.50709671112355,6.54298651504817,6.45039815941977
1672,Dist L1,1340,5,Additive0.015,1290408,6386,96,6.5671825589774,6.58269955269992,6.5971825589774,,6.54680094349103,6.49728231255733,6.50709671112355,6.54298651504817,6.45039815941977
1673,Oracle,1340,5,Additive0.015,321600,240,24,6.56260203020859,6.58285111789827,6.59260203020859,,6.54661898522945,6.49807665079613,6.50738146386611,6.54233386025868,6.45125240815116
1673,Oracle Vector,1340,5,Additive0.015,4515800,4063,37,6.57430417844197,6.58285111789827,6.60430417844197,,6.54661898522945,6.49807665079613,6.50738146386611,6.54233386025868,6.45125240815116
1673,Value,1340,5,Additive0.015,1250269,6412,93,6.56552542311234,6.58285111789827,6.59552542311234,,6.54661898522945,6.49807665079613,6.50738146386611,6.54233386025868,6.45125240815116
1673,Vector,1340,5,Additive0.015,5550280,4967,49,6.56552542311234,6.58285111789827,6.59552542311234,,6.54661898522945,6.49807665079613,6.50738146386611,6.54233386025868,6.45125240815116
1673,Dist L1,1340,5,Additive0.015,1290418,6399,96,6.5671825589774,6.58285111789827,6.5971825589774,,6.54661898522945,6.49807665079613,6.50738146386611,6.54233386025868,6.45125240815116
1674,Oracle,1340,5,Additive0.015,321600,240,24,6.56260203020859,6.58293234511733,6.59260203020859,,6.5476250013719,6.49833292058923,6.50701583307564,6.54181129675534,6.45180400477097
1674,Oracle Vector,1340,5,Additive0.015,4515800,4063,37,6.57430417844197,6.58293234511733,6.60430417844197,,6.5476250013719,6.49833292058923,6.50701583307564,6.54181129675534,6.45180400477097
1674,Value,1340,5,Additive0.015,1250273,6417,93,6.56552542311234,6.58293234511733,6.59552542311234,,6.5476250013719,6.49833292058923,6.50701583307564,6.54181129675534,6.45180400477097
1674,Vector,1340,5,Additive0.015,5555640,4972,49,6.56552542311234,6.58293234511733,6.59552542311234,,6.5476250013719,6.49833292058923,6.50701583307564,6.54181129675534,6.45180400477097
1674,Dist L1,1340,5,Additive0.015,1290418,6399,96,6.5671825589774,6.58293234511734,6.5971825589774,,6.5476250013719,6.49833292058923,6.50701583307564,6.54181129675534,6.45180400477097
1675,Oracle,1340,5,Additive0.015,321600,240,24,6.56260203020859,6.58347798631285,6.59260203020859,,6.54816378746946,6.49920137659087,6.50797167305021,6.54176064103781,6.45295343561945
1675,Oracle Vector,1340,5,Additive0.015,4515800,4063,37,6.57430417844197,6.58347798631286,6.60430417844197,,6.54816378746946,6.49920137659087,6.50797167305021,6.54176064103781,6.45295343561945
1675,Vector,1340,5,Additive0.015,5555640,4972,49,6.56552542311234,6.58347798631286,6.59552542311234,,6.54816378746946,6.49920137659087,6.50797167305021,6.54176064103781,6.45295343561945
1675,Value,1340,5,Additive0.015,1250273,6417,93,6.56552542311234,6.58347798631286,6.59552542311234,,6.54816378746946,6.49920137659087,6.50797167305021,6.54176064103781,6.45295343561945
1675,Dist L1,1340,5,Additive0.015,1290422,6404,96,6.5671825589774,6.58347798631286,6.5971825589774,,6.54816378746946,6.49920137659087,6.50797167305021,6.54176064103781,6.45295343561945
1676,Oracle,1340,5,Additive0.015,321600,240,24,6.56260203020859,6.58379052661601,6.59260203020859,,6.54773169964705,6.4998098227633,6.50888549822681,6.54257848212349,6.45316708551006
1676,Oracle Vector,1340,5,Additive0.015,4521160,4068,37,6.57430417844197,6.583790526616,6.60430417844197,,6.54773169964705,6.4998098227633,6.50888549822681,6.54257848212349,6.45316708551006
1676,Value,1340,5,Additive0.015,1250277,6422,93,6.56552542311234,6.583790526616,6.59552542311234,,6.54773169964705,6.4998098227633,6.50888549822681,6.54257848212349,6.45316708551006
1676,Vector,1340,5,Additive0.015,5561000,4977,49,6.56552542311234,6.583790526616,6.59552542311234,,6.54773169964705,6.4998098227633,6.50888549822681,6.54257848212349,6.45316708551006
1676,Dist L1,1340,5,Additive0.015,1290426,6409,96,6.5671825589774,6.583790526616,6.5971825589774,,6.54773169964705,6.4998098227633,6.50888549822681,6.54257848212349,6.45316708551006
1677,Oracle,1340,5,Additive0.015,321600,240,24,6.56260203020859,6.58373173888373,6.59260203020859,,6.54870496569762,6.500075319104,6.50874964315831,6.54223287050524,6.45269728522657
1677,Value,1340,5,Additive0.015,1250277,6422,93,6.56552542311234,6.58373173888373,6.59552542311234,,6.54870496569762,6.500075319104,6.50874964315831,6.54223287050524,6.45269728522657
1677,Oracle Vector,1340,5,Additive0.015,4521160,4068,37,6.57430417844197,6.58373173888373,6.60430417844197,,6.54870496569762,6.500075319104,6.50874964315831,6.54223287050524,6.45269728522657
1677,Vector,1340,5,Additive0.015,5561000,4977,49,6.56552542311234,6.58373173888373,6.59552542311234,,6.54870496569762,6.500075319104,6.50874964315831,6.54223287050524,6.45269728522657
1677,Dist L1,1340,5,Additive0.015,1290432,6416,96,6.5671825589774,6.58373173888373,6.5971825589774,,6.54870496569762,6.500075319104,6.50874964315831,6.54223287050524,6.45269728522657
1678,Oracle,1340,5,Additive0.015,321600,240,24,6.56260203020859,6.58382720136838,6.59260203020859,,6.54951764042781,6.50096052161941,6.50940635379271,6.54171156076843,6.45354244925077
1678,Oracle Vector,1340,5,Additive0.015,4521160,4068,37,6.57430417844197,6.58382720136838,6.60430417844197,,6.54951764042781,6.50096052161941,6.50940635379271,6.54171156076843,6.45354244925077
1678,Value,1340,5,Additive0.015,1250277,6422,93,6.56552542311234,6.58382720136838,6.59552542311234,,6.54951764042781,6.50096052161941,6.50940635379271,6.54171156076843,6.45354244925077
1678,Vector,1340,5,Additive0.015,5571720,4987,49,6.56552542311234,6.58382720136838,6.59552542311234,,6.54951764042781,6.50096052161941,6.50940635379271,6.54171156076843,6.45354244925077
1678,Dist L1,1340,5,Additive0.015,1290438,6424,96,6.5671825589774,6.58382720136838,6.5971825589774,,6.54951764042781,6.50096052161941,6.50940635379271,6.54171156076843,6.45354244925077
1679,Oracle,1340,5,Additive0.015,321600,240,24,6.56260203020859,6.58402586350485,6.59260203020859,,6.55106306423181,6.50258041424761,6.50903271525679,6.54223029400269,6.45380545888356
1679,Oracle Vector,1340,5,Additive0.015,4521160,4068,37,6.57430417844197,6.58402586350485,6.60430417844197,,6.55106306423181,6.50258041424761,6.50903271525679,6.54223029400269,6.45380545888356
1679,Vector,1340,5,Additive0.015,5571720,4987,49,6.56552542311234,6.58402586350485,6.59552542311234,,6.55106306423181,6.50258041424761,6.50903271525679,6.54223029400269,6.45380545888356
1679,Value,1340,5,Additive0.015,1250281,6427,93,6.56552542311234,6.58402586350485,6.59552542311234,,6.55106306423181,6.50258041424761,6.50903271525679,6.54223029400269,6.45380545888356
1679,Dist L1,1340,5,Additive0.015,1290442,6429,96,6.5671825589774,6.58402586350485,6.5971825589774,,6.55106306423181,6.50258041424761,6.50903271525679,6.54223029400269,6.45380545888356
1680,Oracle,1340,5,Additive0.015,321600,240,24,6.56260203020859,6.58411684133218,6.59260203020859,,6.55068207127353,6.50208455082271,6.50889773996242,6.54288518256593,6.45551887752085
1680,Oracle Vector,1340,5,Additive0.015,4526520,4073,37,6.57430417844197,6.58411684133218,6.60430417844197,,6.55068207127353,6.50208455082271,6.50889773996242,6.54288518256593,6.45551887752085
1680,Vector,1340,5,Additive0.015,5577080,4992,49,6.56552542311234,6.58411684133218,6.59552542311234,,6.55068207127353,6.50208455082271,6.50889773996242,6.54288518256593,6.45551887752085
1680,Value,1340,5,Additive0.015,1250289,6436,93,6.56552542311234,6.58411684133218,6.59552542311234,,6.55068207127353,6.50208455082271,6.50889773996242,6.54288518256593,6.45551887752085
1680,Dist L1,1340,5,Additive0.015,1303847,6452,97,6.56911684133218,6.58411684133218,6.59911684133218,,6.55068207127353,6.50208455082271,6.50889773996242,6.54288518256593,6.45551887752085
1681,Oracle,1340,5,Additive0.015,321600,240,24,6.56260203020859,6.58419147919118,6.59260203020859,,6.55042627491852,6.50210523744016,6.50826230196583,6.54347829889266,6.45624602304746
1681,Oracle Vector,1340,5,Additive0.015,4531880,4078,37,6.57430417844197,6.58419147919119,6.60430417844197,,6.55042627491852,6.50210523744016,6.50826230196583,6.54347829889267,6.45624602304746
1681,Vector,1340,5,Additive0.015,5577080,4992,49,6.56552542311234,6.58419147919119,6.59552542311234,,6.55042627491852,6.50210523744016,6.50826230196583,6.54347829889267,6.45624602304746
1681,Value,1340,5,Additive0.015,1250293,6441,93,6.56552542311234,6.58419147919119,6.59552542311234,,6.55042627491852,6.50210523744016,6.50826230196583,6.54347829889266,6.45624602304746
1681,Dist L1,1340,5,Additive0.015,1303847,6452,97,6.56911684133218,6.58419147919119,6.59911684133218,,6.55042627491852,6.50210523744016,6.50826230196583,6.54347829889266,6.45624602304746
1682,Oracle,1340,5,Additive0.015,321600,240,24,6.56260203020859,6.58400971578441,6.59260203020859,,6.55027548663935,6.50201710013742,6.50746047071252,6.54367019656161,6.45555175859283
1682,Oracle Vector,1340,5,Additive0.015,4531880,4078,37,6.57430417844197,6.58400971578441,6.60430417844197,,6.55027548663935,6.50201710013742,6.50746047071253,6.54367019656161,6.45555175859283
1682,Vector,1340,5,Additive0.015,5577080,4992,49,6.56552542311234,6.58400971578441,6.59552542311234,,6.55027548663935,6.50201710013742,6.50746047071253,6.54367019656161,6.45555175859283
1682,Value,1340,5,Additive0.015,1250293,6441,93,6.56552542311234,6.58400971578441,6.59552542311234,,6.55027548663935,6.50201710013742,6.50746047071253,6.54367019656161,6.45555175859283
1682,Dist L1,1340,5,Additive0.015,1303847,6452,97,6.56911684133218,6.58400971578441,6.59911684133218,,6.55027548663935,6.50201710013742,6.50746047071253,6.54367019656161,6.45555175859283
1683,Oracle,1340,5,Additive0.015,321600,240,24,6.56260203020859,6.58407389633413,6.59260203020859,,6.55037278478695,6.50200788750568,6.50784107203634,6.54456867484051,6.45544066534443
1683,Oracle Vector,1340,5,Additive0.015,4531880,4078,37,6.57430417844197,6.58407389633413,6.60430417844197,,6.55037278478696,6.50200788750568,6.50784107203634,6.54456867484051,6.45544066534443
1683,Value,1340,5,Additive0.015,1250297,6446,93,6.56552542311234,6.58407389633413,6.59552542311234,,6.55037278478696,6.50200788750568,6.50784107203634,6.54456867484051,6.45544066534444
1683,Vector,1340,5,Additive0.015,5577080,4992,49,6.56552542311234,6.58407389633413,6.59552542311234,,6.55037278478695,6.50200788750568,6.50784107203634,6.54456867484051,6.45544066534443
1683,Dist L1,1340,5,Additive0.015,1303847,6452,97,6.56911684133218,6.58407389633413,6.59911684133218,,6.55037278478696,6.50200788750568,6.50784107203634,6.54456867484051,6.45544066534444
1684,Oracle,1340,5,Additive0.015,321600,240,24,6.56260203020859,6.58381202081555,6.59260203020859,,6.55022529655621,6.50253533695538,6.50789808816827,6.54550262039192,6.45588431944655
1684,Oracle Vector,1340,5,Additive0.015,4537240,4083,37,6.57430417844197,6.58381202081555,6.60430417844197,,6.55022529655621,6.50253533695538,6.50789808816827,6.54550262039192,6.45588431944655
1684,Value,1340,5,Additive0.015,1250305,6456,93,6.56552542311234,6.58381202081556,6.59552542311234,,6.55022529655621,6.50253533695538,6.50789808816827,6.54550262039192,6.45588431944655
1684,Vector,1340,5,Additive0.015,5582440,4997,49,6.56552542311234,6.58381202081555,6.59552542311234,,6.55022529655621,6.50253533695538,6.50789808816827,6.54550262039192,6.45588431944655
1684,Dist L1,1340,5,Additive0.015,1303847,6452,97,6.56911684133218,6.58381202081555,6.59911684133218,,6.55022529655621,6.50253533695538,6.50789808816827,6.54550262039192,6.45588431944655
1685,Oracle,1340,5,Additive0.015,321600,240,24,6.56260203020859,6.58299481006114,6.59260203020859,,6.54903637687201,6.50263866063317,6.50613384329133,6.54458964681875,6.45472071760998
1685,Oracle Vector,1340,5,Additive0.015,4537240,4083,37,6.57430417844197,6.58299481006114,6.60430417844197,,6.54903637687202,6.50263866063317,6.50613384329133,6.54458964681875,6.45472071760998
1685,Vector,1340,5,Additive0.015,5582440,4997,49,6.56552542311234,6.58299481006114,6.59552542311234,,6.54903637687202,6.50263866063317,6.50613384329133,6.54458964681875,6.45472071760998
1685,Value,1340,5,Additive0.015,1263710,6476,94,6.56799481006114,6.58299481006114,6.59799481006114,,6.54903637687202,6.50263866063317,6.50613384329133,6.54458964681875,6.45472071760999
1685,Dist L1,1340,5,Additive0.015,1303847,6452,97,6.56911684133218,6.58299481006114,6.59911684133218,,6.54903637687202,6.50263866063317,6.50613384329133,6.54458964681875,6.45472071760999
1686,Oracle,1340,5,Additive0.015,321600,240,24,6.56260203020859,6.58227867436261,6.59260203020859,,6.54748623572261,6.50201955284875,6.50504100946761,6.54384970916949,6.45407474363818
1686,Oracle Vector,1340,5,Additive0.015,4537240,4083,37,6.57430417844197,6.58227867436261,6.60430417844197,,6.5474862357226,6.50201955284875,6.50504100946761,6.54384970916949,6.45407474363818
1686,Value,1340,5,Additive0.015,1263710,6476,94,6.56799481006114,6.58227867436261,6.59799481006114,,6.5474862357226,6.50201955284875,6.50504100946761,6.54384970916949,6.45407474363818
1686,Vector,1340,5,Additive0.015,5587800,5002,49,6.56552542311234,6.58227867436261,6.59552542311234,,6.5474862357226,6.50201955284875,6.50504100946761,6.54384970916949,6.45407474363818
1686,Dist L1,1340,5,Additive0.015,1303847,6452,97,6.56911684133218,6.58227867436261,6.59911684133218,,6.5474862357226,6.50201955284875,6.50504100946761,6.54384970916949,6.45407474363818
1687,Oracle,1340,5,Additive0.015,321600,240,24,6.56260203020859,6.58214812569467,6.59260203020859,,6.54724479300963,6.50294205992135,6.50460507206068,6.54416181000303,6.45318730609526
1687,Oracle Vector,1340,5,Additive0.015,4537240,4083,37,6.57430417844197,6.58214812569467,6.60430417844197,,6.54724479300963,6.50294205992135,6.50460507206068,6.54416181000303,6.45318730609526
1687,Vector,1340,5,Additive0.015,5587800,5002,49,6.56552542311234,6.58214812569467,6.59552542311234,,6.54724479300962,6.50294205992135,6.50460507206068,6.54416181000302,6.45318730609526
1687,Value,1340,5,Additive0.015,1263710,6476,94,6.56799481006114,6.58214812569467,6.59799481006114,,6.54724479300962,6.50294205992135,6.50460507206068,6.54416181000303,6.45318730609526
1687,Dist L1,1340,5,Additive0.015,1303847,6452,97,6.56911684133218,6.58214812569467,6.59911684133218,,6.54724479300963,6.50294205992135,6.50460507206068,6.54416181000303,6.45318730609526
1688,Oracle,1340,5,Additive0.015,321600,240,24,6.56260203020859,6.58196965946787,6.59260203020859,,6.54730315457582,6.5031890654874,6.50366091571743,6.54416989804737,6.45366510001997
1688,Vector,1340,5,Additive0.015,5587800,5002,49,6.56552542311234,6.58196965946787,6.59552542311234,,6.54730315457583,6.5031890654874,6.50366091571743,6.54416989804737,6.45366510001997
1688,Value,1340,5,Additive0.015,1263710,6476,94,6.56799481006114,6.58196965946787,6.59799481006114,,6.54730315457583,6.5031890654874,6.50366091571743,6.54416989804737,6.45366510001997
1688,Oracle Vector,1340,5,Additive0.015,4545280,4090,37,6.57430417844197,6.58196965946787,6.60430417844197,,6.54730315457582,6.5031890654874,6.50366091571743,6.54416989804737,6.45366510001997
1688,Dist L1,1340,5,Additive0.015,1303847,6452,97,6.56911684133218,6.58196965946787,6.59911684133218,,6.54730315457583,6.5031890654874,6.50366091571743,6.54416989804737,6.45366510001997
1689,Oracle,1340,5,Additive0.015,321600,240,24,6.56260203020859,6.58224524715683,6.59260203020859,,6.54746806974228,6.50408720698724,6.50329223440657,6.54463268104273,6.45403993765058
1689,Oracle Vector,1340,5,Additive0.015,4545280,4090,37,6.57430417844197,6.58224524715683,6.60430417844197,,6.54746806974228,6.50408720698724,6.50329223440657,6.54463268104274,6.45403993765058
1689,Value,1340,5,Additive0.015,1263710,6476,94,6.56799481006114,6.58224524715683,6.59799481006114,,6.54746806974228,6.50408720698724,6.50329223440657,6.54463268104274,6.45403993765058
1689,Vector,1340,5,Additive0.015,5587800,5002,49,6.56552542311234,6.58224524715683,6.59552542311234,,6.54746806974228,6.50408720698724,6.50329223440657,6.54463268104274,6.45403993765058
1689,Dist L1,1340,5,Additive0.015,1303847,6452,97,6.56911684133218,6.58224524715683,6.59911684133218,,6.54746806974228,6.50408720698724,6.50329223440657,6.54463268104274,6.45403993765058
1690,Oracle,1340,5,Additive0.015,321600,240,24,6.56260203020859,6.58221401421389,6.59260203020859,,6.54746758806721,6.50439595038625,6.50257258409346,6.5449744917893,6.45392165429792
1690,Oracle Vector,1340,5,Additive0.015,4545280,4090,37,6.57430417844197,6.58221401421389,6.60430417844197,,6.54746758806721,6.50439595038625,6.50257258409346,6.5449744917893,6.45392165429792
1690,Value,1340,5,Additive0.015,1263710,6476,94,6.56799481006114,6.58221401421389,6.59799481006114,,6.54746758806721,6.50439595038625,6.50257258409346,6.5449744917893,6.45392165429792
1690,Vector,1340,5,Additive0.015,5587800,5002,49,6.56552542311234,6.58221401421389,6.59552542311234,,6.54746758806721,6.50439595038625,6.50257258409346,6.5449744917893,6.45392165429792
1690,Dist L1,1340,5,Additive0.015,1303847,6452,97,6.56911684133218,6.58221401421389,6.59911684133218,,6.54746758806721,6.50439595038625,6.50257258409346,6.5449744917893,6.45392165429792
1691,Oracle,1340,5,Additive0.015,321600,240,24,6.56260203020859,6.5818841688368,6.59260203020859,,6.54791154515919,6.5043564469366,6.5016733461155,6.54410929864686,6.45278224523232
1691,Oracle Vector,1340,5,Additive0.015,4545280,4090,37,6.57430417844197,6.5818841688368,6.60430417844197,,6.54791154515919,6.5043564469366,6.5016733461155,6.54410929864686,6.45278224523232
1691,Value,1340,5,Additive0.015,1263710,6476,94,6.56799481006114,6.5818841688368,6.59799481006114,,6.54791154515919,6.5043564469366,6.5016733461155,6.54410929864686,6.45278224523232
1691,Vector,1340,5,Additive0.015,5587800,5002,49,6.56552542311234,6.5818841688368,6.59552542311234,,6.54791154515919,6.5043564469366,6.5016733461155,6.54410929864686,6.45278224523232
1691,Dist L1,1340,5,Additive0.015,1303847,6452,97,6.56911684133218,6.5818841688368,6.59911684133218,,6.54791154515919,6.5043564469366,6.5016733461155,6.54410929864686,6.45278224523232
1692,Oracle,1340,5,Additive0.015,321600,240,24,6.56260203020859,6.58111743871005,6.59260203020859,,6.54637036931967,6.50411802780376,6.50011060158069,6.54411698654962,6.45185071961089
1692,Oracle Vector,1340,5,Additive0.015,4550640,4095,37,6.57430417844197,6.58111743871006,6.60430417844197,,6.54637036931967,6.50411802780376,6.50011060158069,6.54411698654962,6.45185071961088
1692,Value,1340,5,Additive0.015,1263710,6476,94,6.56799481006114,6.58111743871006,6.59799481006114,,6.54637036931967,6.50411802780376,6.50011060158069,6.54411698654963,6.45185071961089
1692,Vector,1340,5,Additive0.015,5593160,5007,49,6.56552542311234,6.58111743871006,6.59552542311234,,6.54637036931967,6.50411802780376,6.50011060158069,6.54411698654963,6.45185071961088
1692,Dist L1,1340,5,Additive0.015,1303851,6457,97,6.56911684133218,6.58111743871006,6.59911684133218,,6.54637036931967,6.50411802780376,6.50011060158069,6.54411698654963,6.45185071961089
1693,Oracle,1340,5,Additive0.015,321600,240,24,6.56260203020859,6.5815214147744,6.59260203020859,,6.54598422755364,6.50525211867985,6.50058568039191,6.54476338804941,6.45222911915225
1693,Oracle Vector,1340,5,Additive0.015,4550640,4095,37,6.57430417844197,6.5815214147744,6.60430417844197,,6.54598422755364,6.50525211867985,6.50058568039191,6.54476338804941,6.45222911915225
1693,Value,1340,5,Additive0.015,1263710,6476,94,6.56799481006114,6.5815214147744,6.59799481006114,,6.54598422755364,6.50525211867985,6.50058568039191,6.54476338804941,6.45222911915225
1693,Vector,1340,5,Additive0.015,5593160,5007,49,6.56552542311234,6.5815214147744,6.59552542311234,,6.54598422755364,6.50525211867985,6.50058568039191,6.54476338804941,6.45222911915225
1693,Dist L1,1340,5,Additive0.015,1303851,6457,97,6.56911684133218,6.5815214147744,6.59911684133218,,6.54598422755364,6.50525211867985,6.50058568039191,6.54476338804941,6.45222911915225
1694,Oracle,1340,5,Additive0.015,321600,240,24,6.56260203020859,6.58108214141826,6.59260203020859,,6.54517558764702,6.5047577302896,6.49967272661762,6.54508204296855,6.45164044214452
1694,Oracle Vector,1340,5,Additive0.015,4550640,4095,37,6.57430417844197,6.58108214141826,6.60430417844197,,6.54517558764702,6.5047577302896,6.49967272661762,6.54508204296855,6.45164044214453
1694,Value,1340,5,Additive0.015,1263710,6476,94,6.56799481006114,6.58108214141826,6.59799481006114,,6.54517558764702,6.5047577302896,6.49967272661762,6.54508204296855,6.45164044214452
1694,Vector,1340,5,Additive0.015,5593160,5007,49,6.56552542311234,6.58108214141826,6.59552542311234,,6.54517558764702,6.5047577302896,6.49967272661762,6.54508204296855,6.45164044214453
1694,Dist L1,1340,5,Additive0.015,1303859,6466,97,6.56911684133218,6.58108214141826,6.59911684133218,,6.54517558764702,6.5047577302896,6.49967272661762,6.54508204296855,6.45164044214452
1695,Oracle,1340,5,Additive0.015,321600,240,24,6.56260203020859,6.58041701308823,6.59260203020859,,6.54395323265616,6.50373755086567,6.49906052278246,6.54459635052628,6.4510838109791
1695,Oracle Vector,1340,5,Additive0.015,4550640,4095,37,6.57430417844197,6.58041701308823,6.60430417844197,,6.54395323265616,6.50373755086566,6.49906052278246,6.54459635052628,6.4510838109791
1695,Value,1340,5,Additive0.015,1263710,6476,94,6.56799481006114,6.58041701308823,6.59799481006114,,6.54395323265616,6.50373755086566,6.49906052278246,6.54459635052628,6.4510838109791
1695,Vector,1340,5,Additive0.015,5598520,5012,49,6.56552542311234,6.58041701308823,6.59552542311234,,6.54395323265616,6.50373755086566,6.49906052278246,6.54459635052628,6.4510838109791
1695,Dist L1,1340,5,Additive0.015,1303869,6478,97,6.56911684133218,6.58041701308823,6.59911684133218,,6.54395323265616,6.50373755086566,6.49906052278246,6.54459635052628,6.4510838109791
1696,Oracle,1340,5,Additive0.015,321600,240,24,6.56260203020859,6.57996514593046,6.59260203020859,,6.54251889330281,6.50273293771533,6.49865330412873,6.54450042860708,6.45203357387748
1696,Oracle Vector,1340,5,Additive0.015,4556000,4100,37,6.57430417844197,6.57996514593047,6.60430417844197,,6.54251889330281,6.50273293771532,6.49865330412873,6.54450042860708,6.45203357387748
1696,Value,1340,5,Additive0.015,1263710,6476,94,6.56799481006114,6.57996514593047,6.59799481006114,,6.54251889330281,6.50273293771532,6.49865330412873,6.54450042860708,6.45203357387748
1696,Vector,1340,5,Additive0.015,5603880,5017,49,6.56552542311234,6.57996514593047,6.59552542311234,,6.54251889330281,6.50273293771532,6.49865330412873,6.54450042860708,6.45203357387748
1696,Dist L1,1340,5,Additive0.015,1303877,6488,97,6.56911684133218,6.57996514593047,6.59911684133218,,6.54251889330281,6.50273293771532,6.49865330412873,6.54450042860708,6.45203357387748
1697,Oracle,1340,5,Additive0.015,321600,240,24,6.56260203020859,6.5794154952949,6.59260203020859,,6.54156453081013,6.50202486458851,6.49831203167947,6.54413373230804,6.45197079468214
1697,Oracle Vector,1340,5,Additive0.015,4561360,4105,37,6.57430417844197,6.5794154952949,6.60430417844197,,6.54156453081013,6.50202486458851,6.49831203167947,6.54413373230804,6.45197079468214
1697,Value,1340,5,Additive0.015,1263714,6481,94,6.56799481006114,6.5794154952949,6.59799481006114,,6.54156453081013,6.50202486458851,6.49831203167947,6.54413373230804,6.45197079468214
1697,Vector,1340,5,Additive0.015,5603880,5017,49,6.56552542311234,6.5794154952949,6.59552542311234,,6.54156453081013,6.50202486458851,6.49831203167947,6.54413373230804,6.45197079468214
1697,Dist L1,1340,5,Additive0.015,1317282,6508,98,6.5644154952949,6.5794154952949,6.5944154952949,,6.54156453081013,6.50202486458851,6.49831203167947,6.54413373230804,6.45197079468214
1698,Oracle,1340,5,Additive0.015,321600,240,24,6.56260203020859,6.57922513540782,6.59260203020859,,6.54078042947198,6.50148576687809,6.49847678198389,6.54427414535075,6.45189049000346
1698,Oracle Vector,1340,5,Additive0.015,4561360,4105,37,6.57430417844197,6.57922513540782,6.60430417844197,,6.54078042947198,6.50148576687809,6.49847678198389,6.54427414535075,6.45189049000346
1698,Value,1340,5,Additive0.015,1263720,6488,94,6.56799481006114,6.57922513540782,6.59799481006114,,6.54078042947199,6.50148576687809,6.49847678198389,6.54427414535075,6.45189049000346
1698,Vector,1340,5,Additive0.015,5609240,5022,49,6.56552542311234,6.57922513540782,6.59552542311234,,6.54078042947198,6.50148576687809,6.49847678198389,6.54427414535075,6.45189049000346
1698,Dist L1,1340,5,Additive0.015,1317282,6508,98,6.5644154952949,6.57922513540782,6.5944154952949,,6.54078042947198,6.50148576687809,6.49847678198389,6.54427414535075,6.45189049000346
1699,Oracle,1340,5,Additive0.015,321600,240,24,6.56260203020859,6.57862559846302,6.59260203020859,,6.53998897875539,6.50043538535686,6.49795739409301,6.54433142169846,6.45222890035824
1699,Oracle Vector,1340,5,Additive0.015,4569400,4112,37,6.57430417844197,6.57862559846301,6.60430417844197,,6.53998897875539,6.50043538535686,6.49795739409301,6.54433142169846,6.45222890035823
1699,Vector,1340,5,Additive0.015,5609240,5022,49,6.56552542311234,6.57862559846301,6.59552542311234,,6.53998897875539,6.50043538535686,6.49795739409301,6.54433142169846,6.45222890035823
1699,Value,1340,5,Additive0.015,1263730,6500,94,6.56799481006114,6.57862559846301,6.59799481006114,,6.53998897875539,6.50043538535686,6.49795739409301,6.54433142169846,6.45222890035823
1699,Dist L1,1340,5,Additive0.015,1317282,6508,98,6.5644154952949,6.57862559846301,6.5944154952949,,6.53998897875539,6.50043538535686,6.49795739409301,6.54433142169846,6.45222890035823
1700,Oracle,1340,5,Additive0.015,321600,240,24,6.56260203020859,6.5775550180956,6.59260203020859,,6.53857167396712,6.49877965221833,6.49746792964996,6.54343144643983,6.4514796149454
1700,Oracle Vector,1340,5,Additive0.015,4574760,4117,37,6.57430417844197,6.5775550180956,6.60430417844197,,6.53857167396711,6.49877965221833,6.49746792964996,6.54343144643983,6.4514796149454
1700,Vector,1340,5,Additive0.015,5617280,5029,49,6.56552542311234,6.5775550180956,6.59552542311234,,6.53857167396711,6.49877965221833,6.49746792964996,6.54343144643983,6.4514796149454
1700,Value,1340,5,Additive0.015,1277135,6521,95,6.5625550180956,6.5775550180956,6.5925550180956,,6.53857167396711,6.49877965221833,6.49746792964996,6.54343144643983,6.4514796149454
1700,Dist L1,1340,5,Additive0.015,1317282,6508,98,6.5644154952949,6.5775550180956,6.5944154952949,,6.53857167396711,6.49877965221833,6.49746792964996,6.54343144643983,6.4514796149454
1701,Oracle,1340,5,Additive0.015,321600,240,24,6.56260203020859,6.57712112349676,6.59260203020859,,6.5381612569285,6.49782574659919,6.49688612188183,6.54368435190205,6.45071065089194
1701,Value,1340,5,Additive0.015,1277135,6521,95,6.5625550180956,6.57712112349675,6.5925550180956,,6.5381612569285,6.49782574659918,6.49688612188183,6.54368435190205,6.45071065089194
1701,Vector,1340,5,Additive0.015,5617280,5029,49,6.56552542311234,6.57712112349676,6.59552542311234,,6.5381612569285,6.49782574659918,6.49688612188183,6.54368435190205,6.45071065089194
1701,Oracle Vector,1340,5,Additive0.015,4582800,4124,37,6.57430417844197,6.57712112349676,6.60430417844197,,6.5381612569285,6.49782574659918,6.49688612188183,6.54368435190205,6.45071065089194
1701,Dist L1,1340,5,Additive0.015,1317282,6508,98,6.5644154952949,6.57712112349675,6.5944154952949,,6.5381612569285,6.49782574659918,6.49688612188183,6.54368435190205,6.45071065089194
1702,Oracle,1340,5,Additive0.015,321600,240,24,6.56260203020859,6.57662772470332,6.59260203020859,,6.53731515989824,6.49674224268161,6.49732904944505,6.54382424993993,6.45008739095826
1702,Oracle Vector,1340,5,Additive0.015,4590840,4131,37,6.57430417844197,6.57662772470332,6.60430417844197,,6.53731515989824,6.49674224268161,6.49732904944505,6.54382424993992,6.45008739095826
1702,Value,1340,5,Additive0.015,1277135,6521,95,6.5625550180956,6.57662772470332,6.5925550180956,,6.53731515989824,6.49674224268161,6.49732904944505,6.54382424993992,6.45008739095826
1702,Vector,1340,5,Additive0.015,5617280,5029,49,6.56552542311234,6.57662772470332,6.59552542311234,,6.53731515989824,6.49674224268161,6.49732904944505,6.54382424993992,6.45008739095826
1702,Dist L1,1340,5,Additive0.015,1317282,6508,98,6.5644154952949,6.57662772470332,6.5944154952949,,6.53731515989824,6.49674224268161,6.49732904944505,6.54382424993992,6.45008739095826
1703,Oracle,1340,5,Additive0.015,321600,240,24,6.56260203020859,6.57604763003982,6.59260203020859,,6.53642128930104,6.49529669347675,6.49752436984914,6.543007843425,6.44899510403479
1703,Oracle Vector,1340,5,Additive0.015,4596200,4136,37,6.57430417844197,6.57604763003982,6.60430417844197,,6.53642128930104,6.49529669347675,6.49752436984914,6.543007843425,6.44899510403479
1703,Value,1340,5,Additive0.015,1277135,6521,95,6.5625550180956,6.57604763003982,6.5925550180956,,6.53642128930104,6.49529669347675,6.49752436984914,6.543007843425,6.44899510403479
1703,Vector,1340,5,Additive0.015,5622640,5034,49,6.56552542311234,6.57604763003982,6.59552542311234,,6.53642128930104,6.49529669347675,6.49752436984914,6.543007843425,6.44899510403479
1703,Dist L1,1340,5,Additive0.015,1317282,6508,98,6.5644154952949,6.57604763003982,6.5944154952949,,6.53642128930104,6.49529669347675,6.49752436984914,6.543007843425,6.44899510403479
1704,Oracle,1340,5,Additive0.015,321600,240,24,6.56260203020859,6.57671711919245,6.59260203020859,,6.53763676284956,6.49597291814309,6.49906802939361,6.54453492762427,6.44811125845239
1704,Oracle Vector,1340,5,Additive0.015,4604240,4143,37,6.57430417844197,6.57671711919245,6.60430417844197,,6.53763676284956,6.49597291814309,6.49906802939361,6.54453492762428,6.44811125845239
1704,Value,1340,5,Additive0.015,1277135,6521,95,6.5625550180956,6.57671711919245,6.5925550180956,,6.53763676284956,6.49597291814309,6.49906802939361,6.54453492762428,6.44811125845239
1704,Vector,1340,5,Additive0.015,5628000,5039,49,6.56552542311234,6.57671711919245,6.59552542311234,,6.53763676284956,6.49597291814309,6.49906802939361,6.54453492762428,6.44811125845239
1704,Dist L1,1340,5,Additive0.015,1317286,6513,98,6.5644154952949,6.57671711919245,6.5944154952949,,6.53763676284956,6.4959729181431,6.49906802939361,6.54453492762428,6.44811125845239
1705,Oracle,1340,5,Additive0.015,321600,240,24,6.56260203020859,6.57554582185422,6.59260203020859,,6.53680736071179,6.49406462711019,6.49872450817732,6.54513467014766,6.44775311035232
1705,Oracle Vector,1340,5,Additive0.015,4614960,4152,37,6.57430417844197,6.57554582185422,6.60430417844197,,6.53680736071179,6.49406462711019,6.49872450817732,6.54513467014766,6.44775311035232
1705,Value,1340,5,Additive0.015,1277135,6521,95,6.5625550180956,6.57554582185422,6.5925550180956,,6.53680736071179,6.49406462711019,6.49872450817732,6.54513467014766,6.44775311035232
1705,Vector,1340,5,Additive0.015,5633360,5044,49,6.56552542311234,6.57554582185422,6.59552542311234,,6.53680736071179,6.49406462711019,6.49872450817732,6.54513467014766,6.44775311035232
1705,Dist L1,1340,5,Additive0.015,1317290,6518,98,6.5644154952949,6.57554582185422,6.5944154952949,,6.53680736071179,6.49406462711019,6.49872450817732,6.54513467014766,6.44775311035232
1706,Oracle,1340,5,Additive0.015,321600,240,24,6.56260203020859,6.57426380503284,6.59260203020859,,6.5357992694874,6.49274725515967,6.49723236851956,6.5449289829325,6.44606945271743
1706,Value,1340,5,Additive0.015,1277135,6521,95,6.5625550180956,6.57426380503284,6.5925550180956,,6.5357992694874,6.49274725515967,6.49723236851956,6.54492898293251,6.44606945271743
1706,Oracle Vector,1340,5,Additive0.015,4628360,4162,38,6.55926380503284,6.57426380503284,6.58926380503284,,6.5357992694874,6.49274725515967,6.49723236851956,6.54492898293251,6.44606945271743
1706,Vector,1340,5,Additive0.015,5641400,5051,49,6.56552542311234,6.57426380503284,6.59552542311234,,6.5357992694874,6.49274725515967,6.49723236851956,6.54492898293251,6.44606945271743
1706,Dist L1,1340,5,Additive0.015,1317294,6523,98,6.5644154952949,6.57426380503284,6.5944154952949,,6.5357992694874,6.49274725515967,6.49723236851956,6.54492898293251,6.44606945271743
1707,Oracle,1340,5,Additive0.015,321600,240,24,6.56260203020859,6.57319731154959,6.59260203020859,,6.5354049543853,6.49066684473357,6.496574366226,6.54433344062389,6.44487741841205
1707,Oracle Vector,1340,5,Additive0.015,4628360,4162,38,6.55926380503284,6.57319731154959,6.58926380503284,,6.53540495438531,6.49066684473357,6.496574366226,6.54433344062389,6.44487741841206
1707,Value,1340,5,Additive0.015,1277141,6528,95,6.5625550180956,6.57319731154959,6.5925550180956,,6.53540495438531,6.49066684473357,6.496574366226,6.54433344062389,6.44487741841206
1707,Vector,1340,5,Additive0.015,5649440,5058,49,6.56552542311234,6.57319731154959,6.59552542311234,,6.53540495438531,6.49066684473357,6.496574366226,6.54433344062389,6.44487741841206
1707,Dist L1,1340,5,Additive0.015,1317304,6535,98,6.5644154952949,6.57319731154959,6.5944154952949,,6.53540495438531,6.49066684473357,6.496574366226,6.54433344062389,6.44487741841206
1708,Oracle,1340,5,Additive0.015,321600,240,24,6.56260203020859,6.57184052616387,6.59260203020859,,6.53415004991993,6.48895026809895,6.4951725651928,6.54339077307239,6.44386919040308
1708,Oracle Vector,1340,5,Additive0.015,4628360,4162,38,6.55926380503284,6.57184052616387,6.58926380503284,,6.53415004991993,6.48895026809895,6.4951725651928,6.54339077307239,6.44386919040308
1708,Value,1340,5,Additive0.015,1277149,6537,95,6.5625550180956,6.57184052616387,6.5925550180956,,6.53415004991993,6.48895026809895,6.4951725651928,6.54339077307239,6.44386919040308
1708,Vector,1340,5,Additive0.015,5662840,5069,49,6.56552542311234,6.57184052616387,6.59552542311234,,6.53415004991993,6.48895026809895,6.4951725651928,6.54339077307239,6.44386919040308
1708,Dist L1,1340,5,Additive0.015,1330709,6555,99,6.55684052616387,6.57184052616387,6.58684052616387,,6.53415004991993,6.48895026809895,6.4951725651928,6.54339077307239,6.44386919040308
1709,Oracle,1340,5,Additive0.015,321600,240,24,6.56260203020859,6.57069985231102,6.59260203020859,,6.5335826460412,6.48697797769805,6.49477240367669,6.54289631531954,6.44247908169044
1709,Oracle Vector,1340,5,Additive0.015,4628360,4162,38,6.55926380503284,6.57069985231102,6.58926380503284,,6.5335826460412,6.48697797769805,6.49477240367669,6.54289631531954,6.44247908169044
1709,Value,1340,5,Additive0.015,1277159,6550,95,6.5625550180956,6.57069985231102,6.5925550180956,,6.5335826460412,6.48697797769805,6.49477240367669,6.54289631531954,6.44247908169044
1709,Vector,1340,5,Additive0.015,5670880,5076,49,6.56552542311234,6.57069985231102,6.59552542311234,,6.5335826460412,6.48697797769805,6.49477240367669,6.54289631531954,6.44247908169044
1709,Dist L1,1340,5,Additive0.015,1330709,6555,99,6.55684052616387,6.57069985231102,6.58684052616387,,6.5335826460412,6.48697797769805,6.49477240367669,6.54289631531954,6.44247908169044
1710,Oracle,1340,5,Additive0.015,321600,240,24,6.56260203020859,6.569630133106,6.59260203020859,,6.53381779958904,6.48552644099188,6.49369519056242,6.54225340031062,6.44043459362312
1710,Oracle Vector,1340,5,Additive0.015,4628360,4162,38,6.55926380503284,6.56963013310599,6.58926380503284,,6.53381779958905,6.48552644099188,6.49369519056242,6.54225340031062,6.44043459362312
1710,Value,1340,5,Additive0.015,1290564,6570,96,6.55463013310599,6.56963013310599,6.58463013310599,,6.53381779958905,6.48552644099188,6.49369519056242,6.54225340031062,6.44043459362312
1710,Vector,1340,5,Additive0.015,5684280,5087,50,6.55463013310599,6.56963013310599,6.58463013310599,,6.53381779958905,6.48552644099188,6.49369519056242,6.54225340031062,6.44043459362312
1710,Dist L1,1340,5,Additive0.015,1330709,6555,99,6.55684052616387,6.56963013310599,6.58684052616387,,6.53381779958905,6.48552644099188,6.49369519056242,6.54225340031062,6.44043459362312
1711,Oracle,1340,5,Additive0.015,321600,240,24,6.56260203020859,6.56898852186125,6.59260203020859,,6.5337956963893,6.48504358256575,6.49285275105195,6.54171842607261,6.43888750874136
1711,Oracle Vector,1340,5,Additive0.015,4628360,4162,38,6.55926380503284,6.56898852186125,6.58926380503284,,6.5337956963893,6.48504358256575,6.49285275105195,6.54171842607261,6.43888750874136
1711,Value,1340,5,Additive0.015,1290564,6570,96,6.55463013310599,6.56898852186125,6.58463013310599,,6.5337956963893,6.48504358256575,6.49285275105195,6.54171842607261,6.43888750874136
1711,Vector,1340,5,Additive0.015,5684280,5087,50,6.55463013310599,6.56898852186125,6.58463013310599,,6.5337956963893,6.48504358256575,6.49285275105195,6.54171842607261,6.43888750874136
1711,Dist L1,1340,5,Additive0.015,1330709,6555,99,6.55684052616387,6.56898852186125,6.58684052616387,,6.5337956963893,6.48504358256575,6.49285275105195,6.54171842607261,6.43888750874136
1712,Oracle,1340,5,Additive0.015,321600,240,24,6.56260203020859,6.56826176943495,6.59260203020859,,6.53313528881424,6.48432333786417,6.49313717491525,6.54151401956246,6.43764565811567
1712,Oracle Vector,1340,5,Additive0.015,4628360,4162,38,6.55926380503284,6.56826176943494,6.58926380503284,,6.53313528881424,6.48432333786417,6.49313717491525,6.54151401956246,6.43764565811566
1712,Vector,1340,5,Additive0.015,5684280,5087,50,6.55463013310599,6.56826176943494,6.58463013310599,,6.53313528881424,6.48432333786417,6.49313717491525,6.54151401956246,6.43764565811567
1712,Value,1340,5,Additive0.015,1290564,6570,96,6.55463013310599,6.56826176943494,6.58463013310599,,6.53313528881424,6.48432333786417,6.49313717491525,6.54151401956246,6.43764565811567
1712,Dist L1,1340,5,Additive0.015,1330709,6555,99,6.55684052616387,6.56826176943494,6.58684052616387,,6.53313528881424,6.48432333786417,6.49313717491525,6.54151401956246,6.43764565811567
1713,Oracle,1340,5,Additive0.015,321600,240,24,6.56260203020859,6.56803452993834,6.59260203020859,,6.53290974831548,6.48373554762191,6.49359424725572,6.54229456193021,6.43654998469009
1713,Oracle Vector,1340,5,Additive0.015,4628360,4162,38,6.55926380503284,6.56803452993834,6.58926380503284,,6.53290974831548,6.48373554762192,6.49359424725572,6.54229456193021,6.43654998469008
1713,Value,1340,5,Additive0.015,1290564,6570,96,6.55463013310599,6.56803452993834,6.58463013310599,,6.53290974831548,6.48373554762192,6.49359424725572,6.54229456193021,6.43654998469008
1713,Vector,1340,5,Additive0.015,5684280,5087,50,6.55463013310599,6.56803452993834,6.58463013310599,,6.53290974831548,6.48373554762192,6.49359424725572,6.54229456193021,6.43654998469008
1713,Dist L1,1340,5,Additive0.015,1330709,6555,99,6.55684052616387,6.56803452993834,6.58684052616387,,6.53290974831548,6.48373554762192,6.49359424725572,6.54229456193021,6.43654998469008
1714,Oracle,1340,5,Additive0.015,321600,240,24,6.56260203020859,6.56726489882908,6.59260203020859,,6.53162016592528,6.48266740500069,6.49391507771307,6.54176924968394,6.43598674094789
1714,Oracle Vector,1340,5,Additive0.015,4628360,4162,38,6.55926380503284,6.56726489882908,6.58926380503284,,6.53162016592527,6.48266740500069,6.49391507771307,6.54176924968394,6.43598674094789
1714,Value,1340,5,Additive0.015,1290564,6570,96,6.55463013310599,6.56726489882908,6.58463013310599,,6.53162016592527,6.48266740500069,6.49391507771307,6.54176924968394,6.43598674094789
1714,Vector,1340,5,Additive0.015,5684280,5087,50,6.55463013310599,6.56726489882908,6.58463013310599,,6.53162016592527,6.48266740500069,6.49391507771307,6.54176924968394,6.43598674094789
1714,Dist L1,1340,5,Additive0.015,1330709,6555,99,6.55684052616387,6.56726489882908,6.58684052616387,,6.53162016592527,6.48266740500069,6.49391507771307,6.54176924968394,6.43598674094789
1715,Oracle,1340,5,Additive0.015,321600,240,24,6.56260203020859,6.56658752038408,6.59260203020859,,6.53182890863162,6.482573317242,6.49299415392797,6.54139245805576,6.434907531534
1715,Oracle Vector,1340,5,Additive0.015,4628360,4162,38,6.55926380503284,6.56658752038408,6.58926380503284,,6.53182890863162,6.482573317242,6.49299415392797,6.54139245805577,6.434907531534
1715,Vector,1340,5,Additive0.015,5684280,5087,50,6.55463013310599,6.56658752038408,6.58463013310599,,6.53182890863162,6.482573317242,6.49299415392797,6.54139245805577,6.434907531534
1715,Value,1340,5,Additive0.015,1290564,6570,96,6.55463013310599,6.56658752038408,6.58463013310599,,6.53182890863162,6.482573317242,6.49299415392797,6.54139245805577,6.434907531534
1715,Dist L1,1340,5,Additive0.015,1330709,6555,99,6.55684052616387,6.56658752038408,6.58684052616387,,6.53182890863162,6.482573317242,6.49299415392797,6.54139245805577,6.434907531534
1716,Oracle,1340,5,Additive0.015,321600,240,24,6.56260203020859,6.56539840550435,6.59260203020859,,6.53104665032359,6.48159240682781,6.49194618388223,6.54089011128365,6.43350472671925
1716,Oracle Vector,1340,5,Additive0.015,4633720,4167,38,6.55926380503284,6.56539840550435,6.58926380503284,,6.53104665032359,6.48159240682781,6.49194618388223,6.54089011128365,6.43350472671926
1716,Vector,1340,5,Additive0.015,5684280,5087,50,6.55463013310599,6.56539840550435,6.58463013310599,,6.53104665032359,6.48159240682781,6.49194618388223,6.54089011128365,6.43350472671926
1716,Value,1340,5,Additive0.015,1290564,6570,96,6.55463013310599,6.56539840550435,6.58463013310599,,6.53104665032359,6.48159240682781,6.49194618388223,6.54089011128365,6.43350472671926
1716,Dist L1,1340,5,Additive0.015,1330717,6564,99,6.55684052616387,6.56539840550435,6.58684052616387,,6.53104665032359,6.48159240682781,6.49194618388223,6.54089011128365,6.43350472671926
1717,Oracle,1340,5,Additive0.015,321600,240,24,6.56260203020859,6.56428537156887,6.59260203020859,,6.53018119486091,6.47989555417184,6.49220220086367,6.53949898136507,6.43173910004989
1717,Oracle Vector,1340,5,Additive0.015,4639080,4172,38,6.55926380503284,6.56428537156887,6.58926380503284,,6.53018119486091,6.47989555417184,6.49220220086367,6.53949898136507,6.43173910004989
1717,Value,1340,5,Additive0.015,1290568,6575,96,6.55463013310599,6.56428537156887,6.58463013310599,,6.53018119486091,6.47989555417184,6.49220220086367,6.53949898136507,6.43173910004989
1717,Vector,1340,5,Additive0.015,5689640,5092,50,6.55463013310599,6.56428537156887,6.58463013310599,,6.53018119486091,6.47989555417184,6.49220220086367,6.53949898136507,6.43173910004989
1717,Dist L1,1340,5,Additive0.015,1344122,6585,100,6.54928537156887,6.56428537156887,6.57928537156887,,6.53018119486091,6.47989555417184,6.49220220086367,6.53949898136507,6.43173910004989
1718,Oracle,1340,5,Additive0.015,321600,240,24,6.56260203020859,6.56418773000141,6.59260203020859,,6.52968385024666,6.48008224583344,6.49348684825987,6.5387958527715,6.43205299651423
1718,Oracle Vector,1340,5,Additive0.015,4644440,4177,38,6.55926380503284,6.56418773000141,6.58926380503284,,6.52968385024666,6.48008224583344,6.49348684825987,6.5387958527715,6.43205299651423
1718,Value,1340,5,Additive0.015,1290574,6583,96,6.55463013310599,6.56418773000141,6.58463013310599,,6.52968385024666,6.48008224583344,6.49348684825987,6.5387958527715,6.43205299651423
1718,Vector,1340,5,Additive0.015,5689640,5092,50,6.55463013310599,6.56418773000141,6.58463013310599,,6.52968385024666,6.48008224583344,6.49348684825987,6.5387958527715,6.43205299651423
1718,Dist L1,1340,5,Additive0.015,1344122,6585,100,6.54928537156887,6.56418773000141,6.57928537156887,,6.52968385024666,6.48008224583344,6.49348684825987,6.5387958527715,6.43205299651423
1719,Oracle,1340,5,Additive0.015,321600,240,24,6.56260203020859,6.56373541081265,6.59260203020859,,6.53002733463729,6.4796657764226,6.49420160587194,6.53736626059319,6.43234929215729
1719,Oracle Vector,1340,5,Additive0.015,4644440,4177,38,6.55926380503284,6.56373541081265,6.58926380503284,,6.53002733463729,6.47966577642261,6.49420160587195,6.53736626059319,6.4323492921573
1719,Vector,1340,5,Additive0.015,5689640,5092,50,6.55463013310599,6.56373541081265,6.58463013310599,,6.53002733463729,6.47966577642261,6.49420160587195,6.53736626059319,6.4323492921573
1719,Value,1340,5,Additive0.015,1290574,6583,96,6.55463013310599,6.56373541081265,6.58463013310599,,6.53002733463729,6.47966577642261,6.49420160587195,6.53736626059319,6.4323492921573
1719,Dist L1,1340,5,Additive0.015,1344122,6585,100,6.54928537156887,6.56373541081265,6.57928537156887,,6.53002733463729,6.47966577642261,6.49420160587195,6.53736626059319,6.4323492921573
1720,Oracle,1340,5,Additive0.015,321600,240,24,6.56260203020859,6.56287919933453,6.59260203020859,,6.52937527841315,6.4791011064099,6.494880247668,6.53665520775312,6.43160012573179
1720,Oracle Vector,1340,5,Additive0.015,4649800,4182,38,6.55926380503284,6.56287919933453,6.58926380503284,,6.52937527841314,6.4791011064099,6.494880247668,6.53665520775311,6.43160012573179
1720,Vector,1340,5,Additive0.015,5700360,5101,50,6.55463013310599,6.56287919933453,6.58463013310599,,6.52937527841314,6.4791011064099,6.494880247668,6.53665520775311,6.43160012573179
1720,Value,1340,5,Additive0.015,1303979,6605,97,6.54787919933453,6.56287919933453,6.57787919933453,,6.52937527841314,6.4791011064099,6.494880247668,6.53665520775311,6.43160012573179
1720,Dist L1,1340,5,Additive0.015,1344122,6585,100,6.54928537156887,6.56287919933453,6.57928537156887,,6.52937527841314,6.4791011064099,6.494880247668,6.53665520775311,6.43160012573179
1721,Oracle,1340,5,Additive0.015,335000,250,25,6.54755316510381,6.56255316510381,6.57755316510381,,6.52853715058375,6.47820798496164,6.49550310726488,6.53646280468722,6.43200598770709
1721,Oracle Vector,1340,5,Additive0.015,4655160,4187,38,6.55926380503284,6.56255316510381,6.58926380503284,,6.52853715058375,6.47820798496164,6.49550310726488,6.53646280468722,6.4320059877071
1721,Value,1340,5,Additive0.015,1303979,6605,97,6.54787919933453,6.56255316510381,6.57787919933453,,6.52853715058375,6.47820798496164,6.49550310726488,6.53646280468722,6.4320059877071
1721,Vector,1340,5,Additive0.015,5700360,5101,50,6.55463013310599,6.56255316510381,6.58463013310599,,6.52853715058375,6.47820798496164,6.49550310726488,6.53646280468722,6.4320059877071
1721,Dist L1,1340,5,Additive0.015,1344122,6585,100,6.54928537156887,6.56255316510381,6.57928537156887,,6.52853715058375,6.47820798496164,6.49550310726488,6.53646280468722,6.43200598770709
1722,Oracle,1340,5,Additive0.015,335000,250,25,6.54755316510381,6.56216139877653,6.57755316510381,,6.5280755922283,6.47745658615548,6.49621556912281,6.53548747410543,6.43237865157473
1722,Oracle Vector,1340,5,Additive0.015,4660520,4192,38,6.55926380503284,6.56216139877653,6.58926380503284,,6.5280755922283,6.47745658615549,6.49621556912281,6.53548747410543,6.43237865157473
1722,Value,1340,5,Additive0.015,1303979,6605,97,6.54787919933453,6.56216139877653,6.57787919933453,,6.5280755922283,6.47745658615549,6.49621556912281,6.53548747410543,6.43237865157473
1722,Vector,1340,5,Additive0.015,5705720,5106,50,6.55463013310599,6.56216139877653,6.58463013310599,,6.5280755922283,6.47745658615549,6.49621556912281,6.53548747410543,6.43237865157473
1722,Dist L1,1340,5,Additive0.015,1344122,6585,100,6.54928537156887,6.56216139877653,6.57928537156887,,6.5280755922283,6.47745658615549,6.49621556912281,6.53548747410543,6.43237865157473
1723,Oracle,1340,5,Additive0.015,335000,250,25,6.54755316510381,6.56157529346604,6.57755316510381,,6.52785481436898,6.47688090528482,6.49594999052253,6.53526834387994,6.43143692316715
1723,Oracle Vector,1340,5,Additive0.015,4665880,4197,38,6.55926380503284,6.56157529346603,6.58926380503284,,6.52785481436897,6.47688090528482,6.49594999052253,6.53526834387993,6.43143692316715
1723,Value,1340,5,Additive0.015,1303979,6605,97,6.54787919933453,6.56157529346603,6.57787919933453,,6.52785481436898,6.47688090528482,6.49594999052253,6.53526834387993,6.43143692316715
1723,Vector,1340,5,Additive0.015,5719120,5117,50,6.55463013310599,6.56157529346603,6.58463013310599,,6.52785481436898,6.47688090528482,6.49594999052253,6.53526834387993,6.43143692316715
1723,Dist L1,1340,5,Additive0.015,1344122,6585,100,6.54928537156887,6.56157529346603,6.57928537156887,,6.52785481436897,6.47688090528482,6.49594999052253,6.53526834387993,6.43143692316715
1724,Oracle,1340,5,Additive0.015,335000,250,25,6.54755316510381,6.56142252118424,6.57755316510381,,6.52672722764896,6.47670904591514,6.49681439297782,6.53530830647878,6.43139378737063
1724,Vector,1340,5,Additive0.015,5719120,5117,50,6.55463013310599,6.56142252118424,6.58463013310599,,6.52672722764897,6.47670904591514,6.49681439297782,6.53530830647878,6.43139378737063
1724,Oracle Vector,1340,5,Additive0.015,4673920,4204,38,6.55926380503284,6.56142252118424,6.58926380503284,,6.52672722764897,6.47670904591514,6.49681439297782,6.53530830647878,6.43139378737063
1724,Value,1340,5,Additive0.015,1303979,6605,97,6.54787919933453,6.56142252118424,6.57787919933453,,6.52672722764897,6.47670904591514,6.49681439297782,6.53530830647878,6.43139378737063
1724,Dist L1,1340,5,Additive0.015,1344122,6585,100,6.54928537156887,6.56142252118424,6.57928537156887,,6.52672722764897,6.47670904591514,6.49681439297782,6.53530830647878,6.43139378737063
1725,Oracle,1340,5,Additive0.015,335000,250,25,6.54755316510381,6.56119606113929,6.57755316510381,,6.52573865776491,6.47647045848044,6.49690553798485,6.535319156651,6.43075689134863
1725,Oracle Vector,1340,5,Additive0.015,4673920,4204,38,6.55926380503284,6.56119606113929,6.58926380503284,,6.52573865776491,6.47647045848044,6.49690553798486,6.535319156651,6.43075689134863
1725,Value,1340,5,Additive0.015,1303979,6605,97,6.54787919933453,6.56119606113929,6.57787919933453,,6.52573865776491,6.47647045848044,6.49690553798486,6.535319156651,6.43075689134863
1725,Vector,1340,5,Additive0.015,5724480,5122,50,6.55463013310599,6.56119606113929,6.58463013310599,,6.52573865776491,6.47647045848044,6.49690553798486,6.535319156651,6.43075689134863
1725,Dist L1,1340,5,Additive0.015,1344122,6585,100,6.54928537156887,6.56119606113929,6.57928537156887,,6.52573865776491,6.47647045848044,6.49690553798486,6.535319156651,6.43075689134863
1726,Oracle,1340,5,Additive0.015,335000,250,25,6.54755316510381,6.56137147923353,6.57755316510381,,6.52626196866621,6.47687589197649,6.49709554808889,6.53484189798588,6.43111926278511
1726,Oracle Vector,1340,5,Additive0.015,4679280,4209,38,6.55926380503284,6.56137147923353,6.58926380503284,,6.52626196866622,6.47687589197649,6.49709554808889,6.53484189798588,6.43111926278511
1726,Value,1340,5,Additive0.015,1303979,6605,97,6.54787919933453,6.56137147923353,6.57787919933453,,6.52626196866622,6.47687589197649,6.49709554808889,6.53484189798588,6.43111926278511
1726,Vector,1340,5,Additive0.015,5724480,5122,50,6.55463013310599,6.56137147923353,6.58463013310599,,6.52626196866622,6.47687589197649,6.49709554808889,6.53484189798588,6.43111926278511
1726,Dist L1,1340,5,Additive0.015,1344122,6585,100,6.54928537156887,6.56137147923353,6.57928537156887,,6.52626196866622,6.47687589197649,6.49709554808889,6.53484189798588,6.43111926278511
1727,Oracle,1340,5,Additive0.015,335000,250,25,6.54755316510381,6.56052996006138,6.57755316510381,,6.52501567260473,6.47579116221588,6.49662174312524,6.53483077348052,6.43009205657733
1727,Oracle Vector,1340,5,Additive0.015,4690000,4218,38,6.55926380503284,6.56052996006138,6.58926380503284,,6.52501567260473,6.47579116221588,6.49662174312524,6.53483077348051,6.43009205657733
1727,Value,1340,5,Additive0.015,1303979,6605,97,6.54787919933453,6.56052996006138,6.57787919933453,,6.52501567260473,6.47579116221588,6.49662174312524,6.53483077348051,6.43009205657733
1727,Vector,1340,5,Additive0.015,5735200,5131,50,6.55463013310599,6.56052996006138,6.58463013310599,,6.52501567260473,6.47579116221588,6.49662174312524,6.53483077348051,6.43009205657733
1727,Dist L1,1340,5,Additive0.015,1344128,6592,100,6.54928537156887,6.56052996006138,6.57928537156887,,6.52501567260473,6.47579116221588,6.49662174312524,6.53483077348051,6.43009205657733
1728,Oracle,1340,5,Additive0.015,335000,250,25,6.54755316510381,6.56026563217817,6.57755316510381,,6.52366225307545,6.47523027059521,6.49669374618295,6.53473480797578,6.43006796394932
1728,Oracle Vector,1340,5,Additive0.015,4690000,4218,38,6.55926380503284,6.56026563217817,6.58926380503284,,6.52366225307545,6.47523027059521,6.49669374618295,6.53473480797578,6.43006796394932
1728,Value,1340,5,Additive0.015,1303979,6605,97,6.54787919933453,6.56026563217817,6.57787919933453,,6.52366225307545,6.47523027059521,6.49669374618295,6.53473480797578,6.43006796394932
1728,Vector,1340,5,Additive0.015,5740560,5136,50,6.55463013310599,6.56026563217818,6.58463013310599,,6.52366225307545,6.47523027059521,6.49669374618295,6.53473480797578,6.43006796394932
1728,Dist L1,1340,5,Additive0.015,1344136,6601,100,6.54928537156887,6.56026563217818,6.57928537156887,,6.52366225307545,6.47523027059521,6.49669374618295,6.53473480797578,6.43006796394932
1729,Oracle,1340,5,Additive0.015,335000,250,25,6.54755316510381,6.56024107246164,6.57755316510381,,6.52213838428321,6.47420809487289,6.49728361447556,6.53499868944457,6.43024655615869
1729,Value,1340,5,Additive0.015,1303983,6610,97,6.54787919933453,6.56024107246164,6.57787919933453,,6.52213838428321,6.47420809487288,6.49728361447556,6.53499868944457,6.43024655615869
1729,Oracle Vector,1340,5,Additive0.015,4698040,4225,38,6.55926380503284,6.56024107246164,6.58926380503284,,6.5221383842832,6.47420809487289,6.49728361447556,6.53499868944457,6.43024655615869
1729,Vector,1340,5,Additive0.015,5745920,5141,50,6.55463013310599,6.56024107246164,6.58463013310599,,6.52213838428321,6.47420809487288,6.49728361447556,6.53499868944457,6.43024655615869
1729,Dist L1,1340,5,Additive0.015,1344146,6614,100,6.54928537156887,6.56024107246164,6.57928537156887,,6.52213838428321,6.47420809487288,6.49728361447556,6.53499868944457,6.43024655615869
1730,Oracle,1340,5,Additive0.015,335000,250,25,6.54755316510381,6.56046113949507,6.57755316510381,,6.5224482965082,6.47518855945152,6.49792754108812,6.53493960429674,6.42965660966661
1730,Value,1340,5,Additive0.015,1303983,6610,97,6.54787919933453,6.56046113949507,6.57787919933453,,6.52244829650821,6.47518855945152,6.49792754108812,6.53493960429674,6.42965660966662
1730,Oracle Vector,1340,5,Additive0.015,4703400,4230,38,6.55926380503284,6.56046113949507,6.58926380503284,,6.52244829650821,6.47518855945152,6.49792754108812,6.53493960429674,6.42965660966662
1730,Vector,1340,5,Additive0.015,5751280,5146,50,6.55463013310599,6.56046113949507,6.58463013310599,,6.52244829650821,6.47518855945152,6.49792754108812,6.53493960429674,6.42965660966662
1730,Dist L1,1340,5,Additive0.015,1344146,6614,100,6.54928537156887,6.56046113949507,6.57928537156887,,6.52244829650821,6.47518855945152,6.49792754108812,6.53493960429674,6.42965660966662
1731,Oracle,1340,5,Additive0.015,335000,250,25,6.54755316510381,6.56047760697088,6.57755316510381,,6.52235656731501,6.47537822238838,6.49824652418689,6.53454234372201,6.42982580329664
1731,Oracle Vector,1340,5,Additive0.015,4708760,4235,38,6.55926380503284,6.56047760697088,6.58926380503284,,6.52235656731501,6.47537822238838,6.49824652418689,6.53454234372201,6.42982580329664
1731,Value,1340,5,Additive0.015,1303983,6610,97,6.54787919933453,6.56047760697088,6.57787919933453,,6.52235656731501,6.47537822238838,6.49824652418689,6.53454234372201,6.42982580329664
1731,Vector,1340,5,Additive0.015,5759320,5153,50,6.55463013310599,6.56047760697088,6.58463013310599,,6.52235656731501,6.47537822238838,6.49824652418689,6.53454234372201,6.42982580329664
1731,Dist L1,1340,5,Additive0.015,1344146,6614,100,6.54928537156887,6.56047760697088,6.57928537156887,,6.52235656731501,6.47537822238838,6.49824652418689,6.53454234372201,6.42982580329664
1732,Oracle,1340,5,Additive0.015,335000,250,25,6.54755316510381,6.56046736467578,6.57755316510381,,6.52217726319369,6.47590911605451,6.49894616021598,6.53421150077738,6.42939545460024
1732,Oracle Vector,1340,5,Additive0.015,4714120,4240,38,6.55926380503284,6.56046736467578,6.58926380503284,,6.5221772631937,6.47590911605452,6.49894616021598,6.53421150077738,6.42939545460024
1732,Value,1340,5,Additive0.015,1303989,6617,97,6.54787919933453,6.56046736467578,6.57787919933453,,6.5221772631937,6.47590911605452,6.49894616021598,6.53421150077739,6.42939545460024
1732,Vector,1340,5,Additive0.015,5764680,5158,50,6.55463013310599,6.56046736467578,6.58463013310599,,6.5221772631937,6.47590911605452,6.49894616021598,6.53421150077738,6.42939545460024
1732,Dist L1,1340,5,Additive0.015,1344154,6624,100,6.54928537156887,6.56046736467578,6.57928537156887,,6.5221772631937,6.47590911605452,6.49894616021598,6.53421150077739,6.42939545460024
1733,Oracle,1340,5,Additive0.015,335000,250,25,6.54755316510381,6.56069472145224,6.57755316510381,,6.52210600691225,6.47662661394133,6.49887393770257,6.53422569018437,6.42990356388236
1733,Oracle Vector,1340,5,Additive0.015,4719480,4245,38,6.55926380503284,6.56069472145224,6.58926380503284,,6.52210600691225,6.47662661394133,6.49887393770257,6.53422569018437,6.42990356388236
1733,Value,1340,5,Additive0.015,1303989,6617,97,6.54787919933453,6.56069472145224,6.57787919933453,,6.52210600691226,6.47662661394134,6.49887393770257,6.53422569018438,6.42990356388236
1733,Vector,1340,5,Additive0.015,5770040,5163,50,6.55463013310599,6.56069472145224,6.58463013310599,,6.52210600691226,6.47662661394134,6.49887393770257,6.53422569018437,6.42990356388236
1733,Dist L1,1340,5,Additive0.015,1344162,6634,100,6.54928537156887,6.56069472145224,6.57928537156887,,6.52210600691226,6.47662661394134,6.49887393770257,6.53422569018438,6.42990356388236
1734,Oracle,1340,5,Additive0.015,335000,250,25,6.54755316510381,6.56121544054329,6.57755316510381,,6.5221470383845,6.47674448915052,6.49945483978312,6.53410196681652,6.42978321434641
1734,Value,1340,5,Additive0.015,1303993,6622,97,6.54787919933453,6.56121544054329,6.57787919933453,,6.5221470383845,6.47674448915052,6.49945483978312,6.53410196681652,6.42978321434641
1734,Oracle Vector,1340,5,Additive0.015,4730200,4254,38,6.55926380503284,6.56121544054329,6.58926380503284,,6.5221470383845,6.47674448915052,6.49945483978312,6.53410196681652,6.42978321434641
1734,Vector,1340,5,Additive0.015,5778080,5170,50,6.55463013310599,6.56121544054329,6.58463013310599,,6.5221470383845,6.47674448915052,6.49945483978312,6.53410196681652,6.42978321434641
1734,Dist L1,1340,5,Additive0.015,1344172,6646,100,6.54928537156887,6.56121544054329,6.57928537156887,,6.5221470383845,6.47674448915052,6.49945483978312,6.53410196681652,6.42978321434641
1735,Oracle,1340,5,Additive0.015,335000,250,25,6.54755316510381,6.56202076267308,6.57755316510381,,6.522777141779,6.47750553630346,6.5012229642744,6.53480395495161,6.43040826916324
1735,Oracle Vector,1340,5,Additive0.015,4730200,4254,38,6.55926380503284,6.56202076267308,6.58926380503284,,6.522777141779,6.47750553630346,6.5012229642744,6.53480395495161,6.43040826916324
1735,Vector,1340,5,Additive0.015,5778080,5170,50,6.55463013310599,6.56202076267308,6.58463013310599,,6.522777141779,6.47750553630346,6.5012229642744,6.53480395495161,6.43040826916324
1735,Value,1340,5,Additive0.015,1303993,6622,97,6.54787919933453,6.56202076267308,6.57787919933453,,6.522777141779,6.47750553630346,6.5012229642744,6.53480395495161,6.43040826916324
1735,Dist L1,1340,5,Additive0.015,1344172,6646,100,6.54928537156887,6.56202076267308,6.57928537156887,,6.522777141779,6.47750553630346,6.5012229642744,6.53480395495161,6.43040826916324
1736,Oracle,1340,5,Additive0.015,335000,250,25,6.54755316510381,6.56232326729668,6.57755316510381,,6.52249219508082,6.4786235934946,6.50263907351922,6.53526257941,6.43107536414777
1736,Oracle Vector,1340,5,Additive0.015,4730200,4254,38,6.55926380503284,6.56232326729668,6.58926380503284,,6.52249219508083,6.4786235934946,6.50263907351922,6.53526257941,6.43107536414777
1736,Vector,1340,5,Additive0.015,5778080,5170,50,6.55463013310599,6.56232326729668,6.58463013310599,,6.52249219508083,6.4786235934946,6.50263907351922,6.53526257941,6.43107536414777
1736,Value,1340,5,Additive0.015,1303993,6622,97,6.54787919933453,6.56232326729668,6.57787919933453,,6.52249219508083,6.4786235934946,6.50263907351922,6.53526257941,6.43107536414777
1736,Dist L1,1340,5,Additive0.015,1344178,6653,100,6.54928537156887,6.56232326729668,6.57928537156887,,6.52249219508083,6.4786235934946,6.50263907351922,6.53526257941,6.43107536414777
1737,Oracle,1340,5,Additive0.015,335000,250,25,6.54755316510381,6.56197867433599,6.57755316510381,,6.52118716334414,6.47825465527836,6.50280357445424,6.53504232256916,6.43179093833082
1737,Oracle Vector,1340,5,Additive0.015,4735560,4259,38,6.55926380503284,6.56197867433598,6.58926380503284,,6.52118716334414,6.47825465527836,6.50280357445423,6.53504232256916,6.43179093833082
1737,Value,1340,5,Additive0.015,1303997,6627,97,6.54787919933453,6.56197867433598,6.57787919933453,,6.52118716334414,6.47825465527836,6.50280357445423,6.53504232256916,6.43179093833082
1737,Vector,1340,5,Additive0.015,5783440,5175,50,6.55463013310599,6.56197867433598,6.58463013310599,,6.52118716334414,6.47825465527836,6.50280357445423,6.53504232256916,6.43179093833082
1737,Dist L1,1340,5,Additive0.015,1357583,6675,101,6.54697867433598,6.56197867433598,6.57697867433598,,6.52118716334414,6.47825465527836,6.50280357445423,6.53504232256916,6.43179093833082
1738,Oracle,1340,5,Additive0.015,335000,250,25,6.54755316510381,6.56214685244717,6.57755316510381,,6.52101927643508,6.47862304319629,6.50413756970734,6.53561384240658,6.43155210823127
1738,Oracle Vector,1340,5,Additive0.015,4743600,4266,38,6.55926380503284,6.56214685244717,6.58926380503284,,6.52101927643508,6.47862304319629,6.50413756970734,6.53561384240658,6.43155210823127
1738,Value,1340,5,Additive0.015,1304003,6634,97,6.54787919933453,6.56214685244717,6.57787919933453,,6.52101927643508,6.47862304319629,6.50413756970734,6.53561384240658,6.43155210823127
1738,Vector,1340,5,Additive0.015,5783440,5175,50,6.55463013310599,6.56214685244717,6.58463013310599,,6.52101927643508,6.47862304319629,6.50413756970734,6.53561384240658,6.43155210823127
1738,Dist L1,1340,5,Additive0.015,1357583,6675,101,6.54697867433598,6.56214685244717,6.57697867433598,,6.52101927643508,6.47862304319629,6.50413756970734,6.53561384240658,6.43155210823127
1739,Oracle,1340,5,Additive0.015,335000,250,25,6.54755316510381,6.56191507941187,6.57755316510381,,6.51985058953422,6.47807570009907,6.50538379112821,6.53591328458882,6.43132983462413
1739,Oracle Vector,1340,5,Additive0.015,4743600,4266,38,6.55926380503284,6.56191507941187,6.58926380503284,,6.51985058953422,6.47807570009907,6.50538379112821,6.53591328458882,6.43132983462414
1739,Value,1340,5,Additive0.015,1304011,6644,97,6.54787919933453,6.56191507941187,6.57787919933453,,6.51985058953422,6.47807570009907,6.50538379112821,6.53591328458882,6.43132983462414
1739,Vector,1340,5,Additive0.015,5791480,5182,50,6.55463013310599,6.56191507941187,6.58463013310599,,6.51985058953422,6.47807570009907,6.50538379112821,6.53591328458882,6.43132983462414
1739,Dist L1,1340,5,Additive0.015,1357583,6675,101,6.54697867433598,6.56191507941187,6.57697867433598,,6.51985058953422,6.47807570009907,6.50538379112821,6.53591328458882,6.43132983462414
1740,Oracle,1340,5,Additive0.015,335000,250,25,6.54755316510381,6.56258764819372,6.57755316510381,,6.51999688453266,6.47810611893667,6.50657264917665,6.53671174349853,6.43222575332398
1740,Oracle Vector,1340,5,Additive0.015,4748960,4271,38,6.55926380503284,6.56258764819371,6.58926380503284,,6.51999688453265,6.47810611893667,6.50657264917665,6.53671174349853,6.43222575332398
1740,Value,1340,5,Additive0.015,1304011,6644,97,6.54787919933453,6.56258764819371,6.57787919933453,,6.51999688453265,6.47810611893667,6.50657264917665,6.53671174349853,6.43222575332398
1740,Vector,1340,5,Additive0.015,5791480,5182,50,6.55463013310599,6.56258764819371,6.58463013310599,,6.51999688453265,6.47810611893667,6.50657264917665,6.53671174349853,6.43222575332398
1740,Dist L1,1340,5,Additive0.015,1357583,6675,101,6.54697867433598,6.56258764819371,6.57697867433598,,6.51999688453265,6.47810611893667,6.50657264917665,6.53671174349853,6.43222575332398
1741,Oracle,1340,5,Additive0.015,335000,250,25,6.54755316510381,6.56275590854434,6.57755316510381,,6.51929954192369,6.47781418520819,6.50740640995162,6.53754063558342,6.43314728408794
1741,Oracle Vector,1340,5,Additive0.015,4748960,4271,38,6.55926380503284,6.56275590854434,6.58926380503284,,6.5192995419237,6.47781418520819,6.50740640995162,6.53754063558342,6.43314728408794
1741,Value,1340,5,Additive0.015,1304017,6651,97,6.54787919933453,6.56275590854434,6.57787919933453,,6.5192995419237,6.47781418520819,6.50740640995162,6.53754063558342,6.43314728408794
1741,Vector,1340,5,Additive0.015,5796840,5187,50,6.55463013310599,6.56275590854434,6.58463013310599,,6.5192995419237,6.47781418520819,6.50740640995162,6.53754063558342,6.43314728408794
1741,Dist L1,1340,5,Additive0.015,1357583,6675,101,6.54697867433598,6.56275590854434,6.57697867433598,,6.5192995419237,6.47781418520819,6.50740640995162,6.53754063558342,6.43314728408794
1742,Oracle,1340,5,Additive0.015,335000,250,25,6.54755316510381,6.56248692100671,6.57755316510381,,6.51979736646554,6.47759820240831,6.50829301746111,6.5364326737327,6.43235600076231
1742,Oracle Vector,1340,5,Additive0.015,4748960,4271,38,6.55926380503284,6.56248692100671,6.58926380503284,,6.51979736646554,6.47759820240831,6.50829301746111,6.5364326737327,6.43235600076231
1742,Vector,1340,5,Additive0.015,5796840,5187,50,6.55463013310599,6.56248692100671,6.58463013310599,,6.51979736646554,6.47759820240831,6.50829301746111,6.5364326737327,6.43235600076231
1742,Value,1340,5,Additive0.015,1304017,6651,97,6.54787919933453,6.56248692100671,6.57787919933453,,6.51979736646554,6.47759820240831,6.50829301746111,6.5364326737327,6.43235600076231
1742,Dist L1,1340,5,Additive0.015,1357583,6675,101,6.54697867433598,6.56248692100671,6.57697867433598,,6.51979736646554,6.47759820240831,6.50829301746111,6.5364326737327,6.43235600076231
1743,Oracle,1340,5,Additive0.015,335000,250,25,6.54755316510381,6.56251697943459,6.57755316510381,,6.51968192101183,6.47725968281056,6.50909028470513,6.53638018984072,6.43201438780433
1743,Value,1340,5,Additive0.015,1304021,6656,97,6.54787919933453,6.56251697943458,6.57787919933453,,6.51968192101183,6.47725968281056,6.50909028470513,6.53638018984072,6.43201438780433
1743,Oracle Vector,1340,5,Additive0.015,4754320,4276,38,6.55926380503284,6.56251697943458,6.58926380503284,,6.51968192101183,6.47725968281056,6.50909028470513,6.53638018984072,6.43201438780433
1743,Vector,1340,5,Additive0.015,5804880,5194,50,6.55463013310599,6.56251697943458,6.58463013310599,,6.51968192101183,6.47725968281056,6.50909028470513,6.53638018984072,6.43201438780433
1743,Dist L1,1340,5,Additive0.015,1357583,6675,101,6.54697867433598,6.56251697943458,6.57697867433598,,6.51968192101183,6.47725968281056,6.50909028470513,6.53638018984072,6.43201438780433
1744,Oracle,1340,5,Additive0.015,335000,250,25,6.54755316510381,6.56337638310455,6.57755316510381,,6.52083279778828,6.47858391346088,6.51140782679118,6.53645200671189,6.43188263404557
1744,Oracle Vector,1340,5,Additive0.015,4754320,4276,38,6.55926380503284,6.56337638310455,6.58926380503284,,6.52083279778828,6.47858391346088,6.51140782679118,6.53645200671189,6.43188263404557
1744,Vector,1340,5,Additive0.015,5804880,5194,50,6.55463013310599,6.56337638310455,6.58463013310599,,6.52083279778828,6.47858391346088,6.51140782679118,6.53645200671189,6.43188263404557
1744,Value,1340,5,Additive0.015,1304021,6656,97,6.54787919933453,6.56337638310455,6.57787919933453,,6.52083279778828,6.47858391346088,6.51140782679118,6.53645200671189,6.43188263404557
1744,Dist L1,1340,5,Additive0.015,1357583,6675,101,6.54697867433598,6.56337638310455,6.57697867433598,,6.52083279778828,6.47858391346088,6.51140782679118,6.53645200671189,6.43188263404557
1745,Oracle,1340,5,Additive0.015,335000,250,25,6.54755316510381,6.56363376592606,6.57755316510381,,6.52046892564333,6.47926000615218,6.51222138714182,6.53645015802003,6.43290032170649
1745,Oracle Vector,1340,5,Additive0.015,4754320,4276,38,6.55926380503284,6.56363376592606,6.58926380503284,,6.52046892564333,6.47926000615218,6.51222138714182,6.53645015802003,6.43290032170649
1745,Vector,1340,5,Additive0.015,5804880,5194,50,6.55463013310599,6.56363376592606,6.58463013310599,,6.52046892564333,6.47926000615218,6.51222138714182,6.53645015802003,6.43290032170649
1745,Value,1340,5,Additive0.015,1304027,6664,97,6.54787919933453,6.56363376592606,6.57787919933453,,6.52046892564333,6.47926000615218,6.51222138714182,6.53645015802003,6.43290032170649
1745,Dist L1,1340,5,Additive0.015,1357583,6675,101,6.54697867433598,6.56363376592606,6.57697867433598,,6.52046892564333,6.47926000615218,6.51222138714182,6.53645015802003,6.43290032170649
1746,Oracle,1340,5,Additive0.015,335000,250,25,6.54755316510381,6.5644872006595,6.57755316510381,,6.52145014949335,6.48061536291366,6.51315619807574,6.53709214669093,6.43285248720886
1746,Oracle Vector,1340,5,Additive0.015,4754320,4276,38,6.55926380503284,6.5644872006595,6.58926380503284,,6.52145014949335,6.48061536291366,6.51315619807574,6.53709214669093,6.43285248720886
1746,Value,1340,5,Additive0.015,1304035,6674,97,6.54787919933453,6.5644872006595,6.57787919933453,,6.52145014949335,6.48061536291366,6.51315619807574,6.53709214669093,6.43285248720886
1746,Vector,1340,5,Additive0.015,5810240,5199,50,6.55463013310599,6.5644872006595,6.58463013310599,,6.52145014949336,6.48061536291366,6.51315619807574,6.53709214669093,6.43285248720886
1746,Dist L1,1340,5,Additive0.015,1357583,6675,101,6.54697867433598,6.5644872006595,6.57697867433598,,6.52145014949335,6.48061536291366,6.51315619807574,6.53709214669093,6.43285248720886
1747,Oracle,1340,5,Additive0.015,335000,250,25,6.54755316510381,6.56541778968401,6.57755316510381,,6.52203750579461,6.48250906265939,6.51427338169805,6.53842571653227,6.43261260576677
1747,Oracle Vector,1340,5,Additive0.015,4754320,4276,38,6.55926380503284,6.56541778968401,6.58926380503284,,6.52203750579461,6.48250906265939,6.51427338169805,6.53842571653227,6.43261260576677
1747,Vector,1340,5,Additive0.015,5810240,5199,50,6.55463013310599,6.56541778968402,6.58463013310599,,6.52203750579461,6.48250906265939,6.51427338169805,6.53842571653227,6.43261260576677
1747,Value,1340,5,Additive0.015,1304035,6674,97,6.54787919933453,6.56541778968401,6.57787919933453,,6.52203750579461,6.48250906265939,6.51427338169805,6.53842571653227,6.43261260576677
1747,Dist L1,1340,5,Additive0.015,1357583,6675,101,6.54697867433598,6.56541778968402,6.57697867433598,,6.52203750579461,6.48250906265939,6.51427338169805,6.53842571653227,6.43261260576677
1748,Oracle,1340,5,Additive0.015,335000,250,25,6.54755316510381,6.56549450713613,6.57755316510381,,6.5218301297325,6.48270567914393,6.51448568657954,6.53838866396359,6.4328693703388
1748,Oracle Vector,1340,5,Additive0.015,4759680,4281,38,6.55926380503284,6.56549450713613,6.58926380503284,,6.5218301297325,6.48270567914393,6.51448568657954,6.53838866396359,6.4328693703388
1748,Value,1340,5,Additive0.015,1304039,6679,97,6.54787919933453,6.56549450713613,6.57787919933453,,6.5218301297325,6.48270567914393,6.51448568657954,6.53838866396359,6.4328693703388
1748,Vector,1340,5,Additive0.015,5810240,5199,50,6.55463013310599,6.56549450713613,6.58463013310599,,6.5218301297325,6.48270567914393,6.51448568657954,6.53838866396359,6.4328693703388
1748,Dist L1,1340,5,Additive0.015,1357583,6675,101,6.54697867433598,6.56549450713613,6.57697867433598,,6.5218301297325,6.48270567914393,6.51448568657954,6.53838866396359,6.4328693703388
1749,Oracle,1340,5,Additive0.015,335000,250,25,6.54755316510381,6.56651383739476,6.57755316510381,,6.52283822427107,6.48468389432706,6.5158931619083,6.53927215633159,6.43247848343032
1749,Oracle Vector,1340,5,Additive0.015,4765040,4286,38,6.55926380503284,6.56651383739476,6.58926380503284,,6.52283822427107,6.48468389432706,6.5158931619083,6.53927215633159,6.43247848343032
1749,Value,1340,5,Additive0.015,1304045,6686,97,6.54787919933453,6.56651383739476,6.57787919933453,,6.52283822427107,6.48468389432706,6.5158931619083,6.53927215633159,6.43247848343032
1749,Vector,1340,5,Additive0.015,5810240,5199,50,6.55463013310599,6.56651383739476,6.58463013310599,,6.52283822427107,6.48468389432706,6.5158931619083,6.53927215633159,6.43247848343032
1749,Dist L1,1340,5,Additive0.015,1357583,6675,101,6.54697867433598,6.56651383739476,6.57697867433598,,6.52283822427107,6.48468389432706,6.5158931619083,6.53927215633159,6.43247848343032
1750,Oracle,1340,5,Additive0.015,335000,250,25,6.54755316510381,6.56784693449809,6.57755316510381,,6.52455832818229,6.48589036347512,6.51751978030033,6.54057583368509,6.43209387592914
1750,Oracle Vector,1340,5,Additive0.015,4765040,4286,38,6.55926380503284,6.56784693449809,6.58926380503284,,6.52455832818228,6.48589036347512,6.51751978030033,6.54057583368509,6.43209387592914
1750,Vector,1340,5,Additive0.015,5810240,5199,50,6.55463013310599,6.56784693449809,6.58463013310599,,6.52455832818228,6.48589036347512,6.51751978030033,6.54057583368509,6.43209387592914
1750,Value,1340,5,Additive0.015,1304049,6691,97,6.54787919933453,6.56784693449809,6.57787919933453,,6.52455832818228,6.48589036347512,6.51751978030033,6.54057583368509,6.43209387592914
1750,Dist L1,1340,5,Additive0.015,1357583,6675,101,6.54697867433598,6.56784693449809,6.57697867433598,,6.52455832818228,6.48589036347512,6.51751978030033,6.54057583368509,6.43209387592914
1751,Oracle,1340,5,Additive0.015,335000,250,25,6.54755316510381,6.56855645799977,6.57755316510381,,6.52598613390068,6.4878130054607,6.51858751279013,6.54072584706655,6.43198719281179
1751,Oracle Vector,1340,5,Additive0.015,4765040,4286,38,6.55926380503284,6.56855645799976,6.58926380503284,,6.52598613390068,6.4878130054607,6.51858751279013,6.54072584706654,6.43198719281179
1751,Vector,1340,5,Additive0.015,5810240,5199,50,6.55463013310599,6.56855645799976,6.58463013310599,,6.52598613390068,6.4878130054607,6.51858751279013,6.54072584706655,6.43198719281179
1751,Value,1340,5,Additive0.015,1304053,6696,97,6.54787919933453,6.56855645799976,6.57787919933453,,6.52598613390068,6.4878130054607,6.51858751279013,6.54072584706654,6.43198719281179
1751,Dist L1,1340,5,Additive0.015,1357583,6675,101,6.54697867433598,6.56855645799976,6.57697867433598,,6.52598613390068,6.4878130054607,6.51858751279013,6.54072584706654,6.43198719281179
1752,Oracle,1340,5,Additive0.015,335000,250,25,6.54755316510381,6.56915873505667,6.57755316510381,,6.52715808152521,6.4890334710312,6.51908367398569,6.54078609610943,6.43226873524343
1752,Oracle Vector,1340,5,Additive0.015,4765040,4286,38,6.55926380503284,6.56915873505667,6.58926380503284,,6.52715808152521,6.4890334710312,6.51908367398569,6.54078609610943,6.43226873524343
1752,Value,1340,5,Additive0.015,1304053,6696,97,6.54787919933453,6.56915873505667,6.57787919933453,,6.52715808152521,6.4890334710312,6.51908367398569,6.54078609610943,6.43226873524343
1752,Vector,1340,5,Additive0.015,5810240,5199,50,6.55463013310599,6.56915873505667,6.58463013310599,,6.52715808152521,6.4890334710312,6.51908367398569,6.54078609610943,6.43226873524343
1752,Dist L1,1340,5,Additive0.015,1357583,6675,101,6.54697867433598,6.56915873505667,6.57697867433598,,6.52715808152521,6.4890334710312,6.51908367398569,6.54078609610943,6.43226873524343
1753,Oracle,1340,5,Additive0.015,335000,250,25,6.54755316510381,6.57001045117372,6.57755316510381,,6.5281566016704,6.49070282043746,6.52031038587947,6.5417051003134,6.43207416529415
1753,Oracle Vector,1340,5,Additive0.015,4770400,4291,38,6.55926380503284,6.57001045117372,6.58926380503284,,6.5281566016704,6.49070282043746,6.52031038587947,6.5417051003134,6.43207416529416
1753,Value,1340,5,Additive0.015,1304053,6696,97,6.54787919933453,6.57001045117372,6.57787919933453,,6.5281566016704,6.49070282043746,6.52031038587947,6.5417051003134,6.43207416529416
1753,Vector,1340,5,Additive0.015,5810240,5199,50,6.55463013310599,6.57001045117372,6.58463013310599,,6.5281566016704,6.49070282043746,6.52031038587947,6.5417051003134,6.43207416529416
1753,Dist L1,1340,5,Additive0.015,1357589,6682,101,6.54697867433598,6.57001045117372,6.57697867433598,,6.5281566016704,6.49070282043746,6.52031038587947,6.5417051003134,6.43207416529416
1754,Oracle,1340,5,Additive0.015,335000,250,25,6.54755316510381,6.56923847371213,6.57755316510381,,6.52621171307098,6.4900498889887,6.52028668069377,6.54051231512018,6.43209702948375
1754,Value,1340,5,Additive0.015,1304059,6703,97,6.54787919933453,6.56923847371212,6.57787919933453,,6.52621171307098,6.4900498889887,6.52028668069377,6.54051231512018,6.43209702948375
1754,Oracle Vector,1340,5,Additive0.015,4781120,4301,38,6.55926380503284,6.56923847371212,6.58926380503284,,6.52621171307098,6.4900498889887,6.52028668069377,6.54051231512018,6.43209702948375
1754,Vector,1340,5,Additive0.015,5820960,5209,50,6.55463013310599,6.56923847371212,6.58463013310599,,6.52621171307098,6.4900498889887,6.52028668069377,6.54051231512018,6.43209702948375
1754,Dist L1,1340,5,Additive0.015,1357589,6682,101,6.54697867433598,6.56923847371212,6.57697867433598,,6.52621171307098,6.4900498889887,6.52028668069377,6.54051231512018,6.43209702948375
1755,Oracle,1340,5,Additive0.015,335000,250,25,6.54755316510381,6.56950104319235,6.57755316510381,,6.52624495537334,6.49084023590463,6.52046023826334,6.53961332799975,6.43072656471371
1755,Oracle Vector,1340,5,Additive0.015,4781120,4301,38,6.55926380503284,6.56950104319235,6.58926380503284,,6.52624495537334,6.49084023590463,6.52046023826334,6.53961332799975,6.43072656471372
1755,Value,1340,5,Additive0.015,1304067,6713,97,6.54787919933453,6.56950104319235,6.57787919933453,,6.52624495537334,6.49084023590463,6.52046023826334,6.53961332799975,6.43072656471372
1755,Vector,1340,5,Additive0.015,5820960,5209,50,6.55463013310599,6.56950104319235,6.58463013310599,,6.52624495537334,6.49084023590463,6.52046023826334,6.53961332799975,6.43072656471372
1755,Dist L1,1340,5,Additive0.015,1357589,6682,101,6.54697867433598,6.56950104319235,6.57697867433598,,6.52624495537334,6.49084023590463,6.52046023826334,6.53961332799975,6.43072656471372
1756,Oracle,1340,5,Additive0.015,335000,250,25,6.54755316510381,6.57001469352264,6.57755316510381,,6.52696393369043,6.49136093881082,6.52168017131841,6.5394512385668,6.43060271790119
1756,Oracle Vector,1340,5,Additive0.015,4781120,4301,38,6.55926380503284,6.57001469352264,6.58926380503284,,6.52696393369043,6.49136093881082,6.52168017131841,6.53945123856679,6.43060271790118
1756,Vector,1340,5,Additive0.015,5820960,5209,50,6.55463013310599,6.57001469352264,6.58463013310599,,6.52696393369042,6.49136093881082,6.52168017131841,6.53945123856679,6.43060271790118
1756,Value,1340,5,Additive0.015,1304075,6723,97,6.54787919933453,6.57001469352264,6.57787919933453,,6.52696393369042,6.49136093881082,6.52168017131841,6.53945123856679,6.43060271790118
1756,Dist L1,1340,5,Additive0.015,1357593,6687,101,6.54697867433598,6.57001469352264,6.57697867433598,,6.52696393369042,6.49136093881082,6.52168017131841,6.53945123856679,6.43060271790118
1757,Oracle,1340,5,Additive0.015,335000,250,25,6.54755316510381,6.57070154188046,6.57755316510381,,6.52774530707561,6.49212432657736,6.52250552989874,6.5397817262738,6.43060005165189
1757,Oracle Vector,1340,5,Additive0.015,4786480,4306,38,6.55926380503284,6.57070154188046,6.58926380503284,,6.52774530707561,6.49212432657736,6.52250552989874,6.5397817262738,6.43060005165189
1757,Value,1340,5,Additive0.015,1304075,6723,97,6.54787919933453,6.57070154188046,6.57787919933453,,6.52774530707561,6.49212432657736,6.52250552989874,6.5397817262738,6.43060005165189
1757,Vector,1340,5,Additive0.015,5820960,5209,50,6.55463013310599,6.57070154188046,6.58463013310599,,6.52774530707561,6.49212432657736,6.52250552989874,6.5397817262738,6.43060005165189
1757,Dist L1,1340,5,Additive0.015,1357593,6687,101,6.54697867433598,6.57070154188046,6.57697867433598,,6.52774530707561,6.49212432657736,6.52250552989874,6.5397817262738,6.43060005165189
1758,Oracle,1340,5,Additive0.015,335000,250,25,6.54755316510381,6.57157615401796,6.57755316510381,,6.52803403023643,6.49332508148856,6.52374032110527,6.54088509242063,6.4304478245776
1758,Oracle Vector,1340,5,Additive0.015,4786480,4306,38,6.55926380503284,6.57157615401796,6.58926380503284,,6.52803403023642,6.49332508148856,6.52374032110527,6.54088509242063,6.4304478245776
1758,Value,1340,5,Additive0.015,1304081,6730,97,6.54787919933453,6.57157615401796,6.57787919933453,,6.52803403023642,6.49332508148856,6.52374032110527,6.54088509242063,6.4304478245776
1758,Vector,1340,5,Additive0.015,5826320,5214,50,6.55463013310599,6.57157615401796,6.58463013310599,,6.52803403023642,6.49332508148856,6.52374032110527,6.54088509242063,6.4304478245776
1758,Dist L1,1340,5,Additive0.015,1357599,6694,101,6.54697867433598,6.57157615401796,6.57697867433598,,6.52803403023642,6.49332508148856,6.52374032110527,6.54088509242063,6.4304478245776
1759,Oracle,1340,5,Additive0.015,335000,250,25,6.54755316510381,6.57256342769102,6.57755316510381,,6.52867857603377,6.4946350558933,6.52531580740822,6.54133709921818,6.43135407942829
1759,Oracle Vector,1340,5,Additive0.015,4786480,4306,38,6.55926380503284,6.57256342769102,6.58926380503284,,6.52867857603377,6.4946350558933,6.52531580740822,6.54133709921818,6.43135407942829
1759,Vector,1340,5,Additive0.015,5831680,5219,50,6.55463013310599,6.57256342769102,6.58463013310599,,6.52867857603377,6.4946350558933,6.52531580740822,6.54133709921818,6.43135407942829
1759,Value,1340,5,Additive0.015,1317486,6751,98,6.55756342769102,6.57256342769102,6.58756342769102,,6.52867857603377,6.4946350558933,6.52531580740822,6.54133709921818,6.43135407942829
1759,Dist L1,1340,5,Additive0.015,1357607,6703,101,6.54697867433598,6.57256342769102,6.57697867433598,,6.52867857603377,6.4946350558933,6.52531580740822,6.54133709921818,6.43135407942829
1760,Oracle,1340,5,Additive0.015,335000,250,25,6.54755316510381,6.57346889951883,6.57755316510381,,6.52959173437474,6.4951533648604,6.52691675455228,6.54158250164695,6.43267892902231
1760,Oracle Vector,1340,5,Additive0.015,4786480,4306,38,6.55926380503284,6.57346889951884,6.58926380503284,,6.52959173437474,6.4951533648604,6.52691675455228,6.54158250164695,6.43267892902231
1760,Vector,1340,5,Additive0.015,5831680,5219,50,6.55463013310599,6.57346889951884,6.58463013310599,,6.52959173437474,6.4951533648604,6.52691675455228,6.54158250164696,6.43267892902231
1760,Value,1340,5,Additive0.015,1317486,6751,98,6.55756342769102,6.57346889951884,6.58756342769102,,6.52959173437474,6.4951533648604,6.52691675455228,6.54158250164696,6.43267892902231
1760,Dist L1,1340,5,Additive0.015,1357617,6714,101,6.54697867433598,6.57346889951884,6.57697867433598,,6.52959173437474,6.4951533648604,6.52691675455228,6.54158250164696,6.43267892902231
1761,Oracle,1340,5,Additive0.015,335000,250,25,6.54755316510381,6.57334924191404,6.57755316510381,,6.52980715808337,6.49502147704383,6.52811451175945,6.54169068722982,6.43228654236604
1761,Oracle Vector,1340,5,Additive0.015,4786480,4306,38,6.55926380503284,6.57334924191404,6.58926380503284,,6.52980715808337,6.49502147704383,6.52811451175945,6.54169068722982,6.43228654236604
1761,Vector,1340,5,Additive0.015,5831680,5219,50,6.55463013310599,6.57334924191404,6.58463013310599,,6.52980715808337,6.49502147704383,6.52811451175945,6.54169068722982,6.43228654236604
1761,Value,1340,5,Additive0.015,1317486,6751,98,6.55756342769102,6.57334924191404,6.58756342769102,,6.52980715808337,6.49502147704383,6.52811451175945,6.54169068722982,6.43228654236604
1761,Dist L1,1340,5,Additive0.015,1357623,6722,101,6.54697867433598,6.57334924191404,6.57697867433598,,6.52980715808337,6.49502147704383,6.52811451175945,6.54169068722982,6.43228654236604
1762,Oracle,1340,5,Additive0.015,335000,250,25,6.54755316510381,6.57396293775555,6.57755316510381,,6.53062115358629,6.49634737102415,6.52957635832345,6.54164861047946,6.43282490230333
1762,Oracle Vector,1340,5,Additive0.015,4786480,4306,38,6.55926380503284,6.57396293775555,6.58926380503284,,6.53062115358629,6.49634737102415,6.52957635832345,6.54164861047946,6.43282490230333
1762,Value,1340,5,Additive0.015,1317486,6751,98,6.55756342769102,6.57396293775555,6.58756342769102,,6.53062115358629,6.49634737102415,6.52957635832345,6.54164861047946,6.43282490230333
1762,Vector,1340,5,Additive0.015,5831680,5219,50,6.55463013310599,6.57396293775555,6.58463013310599,,6.53062115358629,6.49634737102415,6.52957635832345,6.54164861047946,6.43282490230333
1762,Dist L1,1340,5,Additive0.015,1371028,6744,102,6.55896293775555,6.57396293775555,6.58896293775555,,6.53062115358629,6.49634737102415,6.52957635832345,6.54164861047946,6.43282490230333
1763,Oracle,1340,5,Additive0.015,335000,250,25,6.54755316510381,6.57412930578431,6.57755316510381,,6.53055950757381,6.49658701455046,6.53047779625093,6.54123145451728,6.43376818760408
1763,Oracle Vector,1340,5,Additive0.015,4786480,4306,38,6.55926380503284,6.57412930578431,6.58926380503284,,6.53055950757381,6.49658701455047,6.53047779625093,6.54123145451728,6.43376818760409
1763,Value,1340,5,Additive0.015,1317486,6751,98,6.55756342769102,6.57412930578431,6.58756342769102,,6.53055950757381,6.49658701455046,6.53047779625093,6.54123145451728,6.43376818760409
1763,Vector,1340,5,Additive0.015,5837040,5224,50,6.55463013310599,6.57412930578431,6.58463013310599,,6.53055950757381,6.49658701455047,6.53047779625093,6.54123145451728,6.43376818760409
1763,Dist L1,1340,5,Additive0.015,1371028,6744,102,6.55896293775555,6.57412930578431,6.58896293775555,,6.53055950757381,6.49658701455047,6.53047779625093,6.54123145451728,6.43376818760409
1764,Oracle,1340,5,Additive0.015,335000,250,25,6.54755316510381,6.5740902919174,6.57755316510381,,6.53109699804183,6.49639522374548,6.53083776968793,6.54141318576365,6.43385443639845
1764,Oracle Vector,1340,5,Additive0.015,4786480,4306,38,6.55926380503284,6.5740902919174,6.58926380503284,,6.53109699804183,6.49639522374548,6.53083776968793,6.54141318576365,6.43385443639845
1764,Value,1340,5,Additive0.015,1317486,6751,98,6.55756342769102,6.5740902919174,6.58756342769102,,6.53109699804183,6.49639522374548,6.53083776968793,6.54141318576365,6.43385443639845
1764,Vector,1340,5,Additive0.015,5837040,5224,50,6.55463013310599,6.5740902919174,6.58463013310599,,6.53109699804183,6.49639522374548,6.53083776968793,6.54141318576365,6.43385443639845
1764,Dist L1,1340,5,Additive0.015,1371028,6744,102,6.55896293775555,6.5740902919174,6.58896293775555,,6.53109699804183,6.49639522374548,6.53083776968793,6.54141318576365,6.43385443639845
1765,Oracle,1340,5,Additive0.015,335000,250,25,6.54755316510381,6.57402556575417,6.57755316510381,,6.53061003509981,6.49651101706187,6.53163199307947,6.54106933214737,6.43413842615001
1765,Oracle Vector,1340,5,Additive0.015,4791840,4311,38,6.55926380503284,6.57402556575417,6.58926380503284,,6.5306100350998,6.49651101706187,6.53163199307947,6.54106933214737,6.43413842615001
1765,Value,1340,5,Additive0.015,1317486,6751,98,6.55756342769102,6.57402556575417,6.58756342769102,,6.5306100350998,6.49651101706187,6.53163199307947,6.54106933214737,6.43413842615001
1765,Vector,1340,5,Additive0.015,5837040,5224,50,6.55463013310599,6.57402556575417,6.58463013310599,,6.5306100350998,6.49651101706187,6.53163199307947,6.54106933214737,6.43413842615001
1765,Dist L1,1340,5,Additive0.015,1371028,6744,102,6.55896293775555,6.57402556575417,6.58896293775555,,6.5306100350998,6.49651101706187,6.53163199307947,6.54106933214737,6.43413842615001
1766,Oracle,1340,5,Additive0.015,335000,250,25,6.54755316510381,6.57390311869029,6.57755316510381,,6.53011469736193,6.49627545417913,6.53236693791656,6.54066619971622,6.43428962835117
1766,Oracle Vector,1340,5,Additive0.015,4791840,4311,38,6.55926380503284,6.57390311869029,6.58926380503284,,6.53011469736193,6.49627545417913,6.53236693791655,6.54066619971622,6.43428962835117
1766,Value,1340,5,Additive0.015,1317486,6751,98,6.55756342769102,6.57390311869029,6.58756342769102,,6.53011469736193,6.49627545417913,6.53236693791655,6.54066619971622,6.43428962835117
1766,Vector,1340,5,Additive0.015,5842400,5229,50,6.55463013310599,6.57390311869029,6.58463013310599,,6.53011469736193,6.49627545417913,6.53236693791655,6.54066619971622,6.43428962835117
1766,Dist L1,1340,5,Additive0.015,1371028,6744,102,6.55896293775555,6.57390311869029,6.58896293775555,,6.53011469736193,6.49627545417913,6.53236693791655,6.54066619971622,6.43428962835117
1767,Oracle,1340,5,Additive0.015,335000,250,25,6.54755316510381,6.57414899720182,6.57755316510381,,6.53047564374897,6.49722311447149,6.53307189939043,6.54035699870177,6.434452558177
1767,Value,1340,5,Additive0.015,1317486,6751,98,6.55756342769102,6.57414899720182,6.58756342769102,,6.53047564374898,6.49722311447149,6.53307189939043,6.54035699870178,6.43445255817701
1767,Oracle Vector,1340,5,Additive0.015,4797200,4316,38,6.55926380503284,6.57414899720182,6.58926380503284,,6.53047564374898,6.49722311447149,6.53307189939043,6.54035699870178,6.43445255817701
1767,Vector,1340,5,Additive0.015,5847760,5234,50,6.55463013310599,6.57414899720182,6.58463013310599,,6.53047564374898,6.49722311447149,6.53307189939043,6.54035699870178,6.43445255817701
1767,Dist L1,1340,5,Additive0.015,1371028,6744,102,6.55896293775555,6.57414899720182,6.58896293775555,,6.53047564374898,6.49722311447149,6.53307189939043,6.54035699870178,6.43445255817701
1768,Oracle,1340,5,Additive0.015,335000,250,25,6.54755316510381,6.57353186613788,6.57755316510381,,6.53076758589448,6.49673646449333,6.53238172546155,6.53957766662694,6.43357876269019
1768,Oracle Vector,1340,5,Additive0.015,4797200,4316,38,6.55926380503284,6.57353186613788,6.58926380503284,,6.53076758589448,6.49673646449333,6.53238172546155,6.53957766662694,6.43357876269018
1768,Vector,1340,5,Additive0.015,5847760,5234,50,6.55463013310599,6.57353186613788,6.58463013310599,,6.53076758589448,6.49673646449333,6.53238172546155,6.53957766662694,6.43357876269018
1768,Value,1340,5,Additive0.015,1317486,6751,98,6.55756342769102,6.57353186613788,6.58756342769102,,6.53076758589448,6.49673646449333,6.53238172546155,6.53957766662694,6.43357876269018
1768,Dist L1,1340,5,Additive0.015,1371028,6744,102,6.55896293775555,6.57353186613788,6.58896293775555,,6.53076758589448,6.49673646449333,6.53238172546155,6.53957766662694,6.43357876269018
1769,Oracle,1340,5,Additive0.015,335000,250,25,6.54755316510381,6.57331635280444,6.57755316510381,,6.53075917685576,6.49688440887629,6.53237761894397,6.53939749756904,6.43255457659976
1769,Vector,1340,5,Additive0.015,5847760,5234,50,6.55463013310599,6.57331635280443,6.58463013310599,,6.53075917685576,6.49688440887629,6.53237761894397,6.53939749756905,6.43255457659976
1769,Oracle Vector,1340,5,Additive0.015,4797200,4316,38,6.55926380503284,6.57331635280443,6.58926380503284,,6.53075917685577,6.49688440887629,6.53237761894397,6.53939749756905,6.43255457659976
1769,Value,1340,5,Additive0.015,1317486,6751,98,6.55756342769102,6.57331635280443,6.58756342769102,,6.53075917685576,6.49688440887629,6.53237761894397,6.53939749756904,6.43255457659976
1769,Dist L1,1340,5,Additive0.015,1371028,6744,102,6.55896293775555,6.57331635280443,6.58896293775555,,6.53075917685576,6.49688440887629,6.53237761894397,6.53939749756904,6.43255457659976
1770,Oracle,1340,5,Additive0.015,335000,250,25,6.54755316510381,6.57254589761825,6.57755316510381,,6.53053498470554,6.49633200030908,6.53156517827175,6.53832983805599,6.43109462550982
1770,Oracle Vector,1340,5,Additive0.015,4797200,4316,38,6.55926380503284,6.57254589761825,6.58926380503284,,6.53053498470555,6.49633200030908,6.53156517827175,6.53832983805599,6.43109462550982
1770,Vector,1340,5,Additive0.015,5847760,5234,50,6.55463013310599,6.57254589761825,6.58463013310599,,6.53053498470554,6.49633200030908,6.53156517827175,6.53832983805599,6.43109462550982
1770,Value,1340,5,Additive0.015,1317486,6751,98,6.55756342769102,6.57254589761825,6.58756342769102,,6.53053498470555,6.49633200030908,6.53156517827175,6.53832983805598,6.43109462550982
1770,Dist L1,1340,5,Additive0.015,1371028,6744,102,6.55896293775555,6.57254589761825,6.58896293775555,,6.53053498470555,6.49633200030908,6.53156517827175,6.53832983805598,6.43109462550982
1771,Oracle,1340,5,Additive0.015,335000,250,25,6.54755316510381,6.57245599213188,6.57755316510381,,6.5320078403898,6.49593828325163,6.53190368589795,6.53804336751557,6.43023406089934
1771,Oracle Vector,1340,5,Additive0.015,4802560,4321,38,6.55926380503284,6.57245599213188,6.58926380503284,,6.5320078403898,6.49593828325163,6.53190368589795,6.53804336751557,6.43023406089934
1771,Value,1340,5,Additive0.015,1317486,6751,98,6.55756342769102,6.57245599213188,6.58756342769102,,6.5320078403898,6.49593828325164,6.53190368589795,6.53804336751557,6.43023406089934
1771,Vector,1340,5,Additive0.015,5847760,5234,50,6.55463013310599,6.57245599213188,6.58463013310599,,6.5320078403898,6.49593828325163,6.53190368589795,6.53804336751557,6.43023406089934
1771,Dist L1,1340,5,Additive0.015,1371028,6744,102,6.55896293775555,6.57245599213188,6.58896293775555,,6.5320078403898,6.49593828325163,6.53190368589795,6.53804336751557,6.43023406089934
1772,Oracle,1340,5,Additive0.015,335000,250,25,6.54755316510381,6.57288234459044,6.57755316510381,,6.5334684046748,6.49680443261783,6.53189299092821,6.53840717617714,6.42998650886668
1772,Oracle Vector,1340,5,Additive0.015,4802560,4321,38,6.55926380503284,6.57288234459043,6.58926380503284,,6.5334684046748,6.49680443261783,6.53189299092821,6.53840717617714,6.42998650886668
1772,Vector,1340,5,Additive0.015,5847760,5234,50,6.55463013310599,6.57288234459044,6.58463013310599,,6.53346840467479,6.49680443261783,6.53189299092821,6.53840717617714,6.42998650886668
1772,Value,1340,5,Additive0.015,1317486,6751,98,6.55756342769102,6.57288234459044,6.58756342769102,,6.53346840467479,6.49680443261783,6.53189299092821,6.53840717617714,6.42998650886668
1772,Dist L1,1340,5,Additive0.015,1371028,6744,102,6.55896293775555,6.57288234459043,6.58896293775555,,6.53346840467479,6.49680443261783,6.53189299092821,6.53840717617714,6.42998650886668
1773,Oracle,1340,5,Additive0.015,335000,250,25,6.54755316510381,6.57328671426541,6.57755316510381,,6.53339270039304,6.49740017215022,6.53235712958839,6.53891453548505,6.4304807250935
1773,Oracle Vector,1340,5,Additive0.015,4802560,4321,38,6.55926380503284,6.57328671426541,6.58926380503284,,6.53339270039304,6.49740017215022,6.53235712958839,6.53891453548505,6.4304807250935
1773,Value,1340,5,Additive0.015,1317486,6751,98,6.55756342769102,6.57328671426541,6.58756342769102,,6.53339270039304,6.49740017215022,6.53235712958839,6.53891453548505,6.4304807250935
1773,Vector,1340,5,Additive0.015,5847760,5234,50,6.55463013310599,6.57328671426541,6.58463013310599,,6.53339270039304,6.49740017215022,6.53235712958839,6.53891453548505,6.4304807250935
1773,Dist L1,1340,5,Additive0.015,1371028,6744,102,6.55896293775555,6.57328671426541,6.58896293775555,,6.53339270039304,6.49740017215022,6.53235712958839,6.53891453548505,6.4304807250935
1774,Oracle,1340,5,Additive0.015,335000,250,25,6.54755316510381,6.57360762815355,6.57755316510381,,6.53391355442226,6.49816171841429,6.53271260547776,6.53954160763911,6.42973910359537
1774,Oracle Vector,1340,5,Additive0.015,4802560,4321,38,6.55926380503284,6.57360762815355,6.58926380503284,,6.53391355442226,6.49816171841429,6.53271260547776,6.53954160763911,6.42973910359536
1774,Value,1340,5,Additive0.015,1317486,6751,98,6.55756342769102,6.57360762815355,6.58756342769102,,6.53391355442226,6.49816171841429,6.53271260547776,6.53954160763911,6.42973910359537
1774,Vector,1340,5,Additive0.015,5847760,5234,50,6.55463013310599,6.57360762815355,6.58463013310599,,6.53391355442226,6.49816171841429,6.53271260547776,6.53954160763911,6.42973910359536
1774,Dist L1,1340,5,Additive0.015,1371028,6744,102,6.55896293775555,6.57360762815355,6.58896293775555,,6.53391355442226,6.49816171841429,6.53271260547776,6.53954160763911,6.42973910359537
1775,Oracle,1340,5,Additive0.015,335000,250,25,6.54755316510381,6.57309923832255,6.57755316510381,,6.53376697858854,6.49784733447428,6.53207949981254,6.53932571398496,6.42966418716591
1775,Vector,1340,5,Additive0.015,5847760,5234,50,6.55463013310599,6.57309923832255,6.58463013310599,,6.53376697858854,6.49784733447429,6.53207949981254,6.53932571398496,6.42966418716591
1775,Value,1340,5,Additive0.015,1317486,6751,98,6.55756342769102,6.57309923832255,6.58756342769102,,6.53376697858854,6.49784733447429,6.53207949981254,6.53932571398496,6.42966418716591
1775,Oracle Vector,1340,5,Additive0.015,4802560,4321,38,6.55926380503284,6.57309923832255,6.58926380503284,,6.53376697858854,6.49784733447429,6.53207949981254,6.53932571398496,6.42966418716591
1775,Dist L1,1340,5,Additive0.015,1371028,6744,102,6.55896293775555,6.57309923832255,6.58896293775555,,6.53376697858854,6.49784733447429,6.53207949981254,6.53932571398496,6.42966418716591
1776,Oracle,1340,5,Additive0.015,335000,250,25,6.54755316510381,6.57306338330097,6.57755316510381,,6.53394055160489,6.49817018952696,6.53189385932632,6.53941558501249,6.4293808057343
1776,Oracle Vector,1340,5,Additive0.015,4807920,4326,38,6.55926380503284,6.57306338330098,6.58926380503284,,6.5339405516049,6.49817018952696,6.53189385932633,6.53941558501249,6.42938080573431
1776,Value,1340,5,Additive0.015,1317490,6756,98,6.55756342769102,6.57306338330098,6.58756342769102,,6.5339405516049,6.49817018952696,6.53189385932633,6.53941558501249,6.42938080573431
1776,Vector,1340,5,Additive0.015,5853120,5239,50,6.55463013310599,6.57306338330097,6.58463013310599,,6.5339405516049,6.49817018952696,6.53189385932633,6.53941558501249,6.42938080573431
1776,Dist L1,1340,5,Additive0.015,1371028,6744,102,6.55896293775555,6.57306338330098,6.58896293775555,,6.5339405516049,6.49817018952696,6.53189385932633,6.53941558501249,6.42938080573431
1777,Oracle,1340,5,Additive0.015,335000,250,25,6.54755316510381,6.57331335623655,6.57755316510381,,6.53438414750529,6.49882765787981,6.53200035757512,6.5392897769312,6.42947125720397
1777,Oracle Vector,1340,5,Additive0.015,4813280,4331,38,6.55926380503284,6.57331335623655,6.58926380503284,,6.53438414750529,6.49882765787981,6.53200035757512,6.5392897769312,6.42947125720398
1777,Value,1340,5,Additive0.015,1317490,6756,98,6.55756342769102,6.57331335623655,6.58756342769102,,6.53438414750529,6.49882765787981,6.53200035757512,6.5392897769312,6.42947125720398
1777,Vector,1340,5,Additive0.015,5858480,5244,50,6.55463013310599,6.57331335623655,6.58463013310599,,6.53438414750529,6.49882765787981,6.53200035757512,6.5392897769312,6.42947125720398
1777,Dist L1,1340,5,Additive0.015,1371028,6744,102,6.55896293775555,6.57331335623655,6.58896293775555,,6.53438414750529,6.49882765787981,6.53200035757512,6.5392897769312,6.42947125720398
1778,Oracle,1340,5,Additive0.015,335000,250,25,6.54755316510381,6.57372200324594,6.57755316510381,,6.53438244265509,6.49889142305323,6.53320871087178,6.54009854151012,6.42908557232304
1778,Value,1340,5,Additive0.015,1317490,6756,98,6.55756342769102,6.57372200324594,6.58756342769102,,6.5343824426551,6.49889142305323,6.53320871087178,6.54009854151012,6.42908557232304
1778,Vector,1340,5,Additive0.015,5858480,5244,50,6.55463013310599,6.57372200324594,6.58463013310599,,6.5343824426551,6.49889142305323,6.53320871087178,6.54009854151012,6.42908557232304
1778,Oracle Vector,1340,5,Additive0.015,4818640,4336,38,6.55926380503284,6.57372200324594,6.58926380503284,,6.5343824426551,6.49889142305323,6.53320871087178,6.54009854151012,6.42908557232304
1778,Dist L1,1340,5,Additive0.015,1371028,6744,102,6.55896293775555,6.57372200324594,6.58896293775555,,6.5343824426551,6.49889142305323,6.53320871087178,6.54009854151012,6.42908557232304
1779,Oracle,1340,5,Additive0.015,335000,250,25,6.54755316510381,6.57398179111172,6.57755316510381,,6.53508185297112,6.49946974167247,6.53361600712207,6.539910180835,6.42934394696812
1779,Oracle Vector,1340,5,Additive0.015,4818640,4336,38,6.55926380503284,6.57398179111172,6.58926380503284,,6.53508185297112,6.49946974167246,6.53361600712207,6.539910180835,6.42934394696812
1779,Value,1340,5,Additive0.015,1317490,6756,98,6.55756342769102,6.57398179111172,6.58756342769102,,6.53508185297112,6.49946974167246,6.53361600712207,6.539910180835,6.42934394696812
1779,Vector,1340,5,Additive0.015,5858480,5244,50,6.55463013310599,6.57398179111172,6.58463013310599,,6.53508185297112,6.49946974167246,6.53361600712207,6.539910180835,6.42934394696811
1779,Dist L1,1340,5,Additive0.015,1371032,6749,102,6.55896293775555,6.57398179111172,6.58896293775555,,6.53508185297112,6.49946974167246,6.53361600712207,6.539910180835,6.42934394696812
1780,Oracle,1340,5,Additive0.015,335000,250,25,6.54755316510381,6.57372823400255,6.57755316510381,,6.53551852021828,6.49860547149292,6.53367046956322,6.53959511642549,6.42894880337349
1780,Oracle Vector,1340,5,Additive0.015,4818640,4336,38,6.55926380503284,6.57372823400255,6.58926380503284,,6.53551852021828,6.49860547149292,6.53367046956322,6.53959511642549,6.42894880337349
1780,Value,1340,5,Additive0.015,1317494,6761,98,6.55756342769102,6.57372823400255,6.58756342769102,,6.53551852021828,6.49860547149292,6.53367046956322,6.53959511642549,6.42894880337349
1780,Vector,1340,5,Additive0.015,5858480,5244,50,6.55463013310599,6.57372823400255,6.58463013310599,,6.53551852021828,6.49860547149292,6.53367046956322,6.53959511642549,6.42894880337349
1780,Dist L1,1340,5,Additive0.015,1371032,6749,102,6.55896293775555,6.57372823400255,6.58896293775555,,6.53551852021828,6.49860547149292,6.53367046956322,6.53959511642549,6.42894880337349
1781,Oracle,1340,5,Additive0.015,335000,250,25,6.54755316510381,6.57380492355129,6.57755316510381,,6.53643880928105,6.49880012641561,6.53362614207227,6.53943846869542,6.42779484425398
1781,Oracle Vector,1340,5,Additive0.015,4818640,4336,38,6.55926380503284,6.57380492355129,6.58926380503284,,6.53643880928105,6.4988001264156,6.53362614207227,6.53943846869542,6.42779484425398
1781,Value,1340,5,Additive0.015,1317498,6766,98,6.55756342769102,6.57380492355129,6.58756342769102,,6.53643880928105,6.49880012641561,6.53362614207227,6.53943846869542,6.42779484425398
1781,Vector,1340,5,Additive0.015,5858480,5244,50,6.55463013310599,6.57380492355129,6.58463013310599,,6.53643880928105,6.4988001264156,6.53362614207227,6.53943846869542,6.42779484425398
1781,Dist L1,1340,5,Additive0.015,1371036,6754,102,6.55896293775555,6.57380492355129,6.58896293775555,,6.53643880928105,6.4988001264156,6.53362614207227,6.53943846869542,6.42779484425398
1782,Oracle,1340,5,Additive0.015,335000,250,25,6.54755316510381,6.57415541446728,6.57755316510381,,6.53747827248759,6.49933246871753,6.53354804358133,6.53937432526201,6.428428002695
1782,Oracle Vector,1340,5,Additive0.015,4818640,4336,38,6.55926380503284,6.57415541446728,6.58926380503284,,6.53747827248759,6.49933246871753,6.53354804358133,6.53937432526201,6.42842800269501
1782,Value,1340,5,Additive0.015,1317498,6766,98,6.55756342769102,6.57415541446728,6.58756342769102,,6.53747827248759,6.49933246871753,6.53354804358133,6.53937432526201,6.42842800269501
1782,Vector,1340,5,Additive0.015,5858480,5244,50,6.55463013310599,6.57415541446728,6.58463013310599,,6.53747827248759,6.49933246871753,6.53354804358133,6.53937432526201,6.428428002695
1782,Dist L1,1340,5,Additive0.015,1371036,6754,102,6.55896293775555,6.57415541446728,6.58896293775555,,6.53747827248759,6.49933246871753,6.53354804358133,6.53937432526201,6.42842800269501
1783,Oracle,1340,5,Additive0.015,335000,250,25,6.54755316510381,6.57430227704167,6.57755316510381,,6.53829630590466,6.49901255250537,6.53348938529341,6.53944791841846,6.42858803372288
1783,Oracle Vector,1340,5,Additive0.015,4818640,4336,38,6.55926380503284,6.57430227704167,6.58926380503284,,6.53829630590467,6.49901255250536,6.53348938529341,6.53944791841846,6.42858803372288
1783,Value,1340,5,Additive0.015,1317502,6771,98,6.55756342769102,6.57430227704167,6.58756342769102,,6.53829630590467,6.49901255250536,6.53348938529341,6.53944791841846,6.42858803372288
1783,Vector,1340,5,Additive0.015,5858480,5244,50,6.55463013310599,6.57430227704167,6.58463013310599,,6.53829630590467,6.49901255250536,6.53348938529341,6.53944791841846,6.42858803372288
1783,Dist L1,1340,5,Additive0.015,1371036,6754,102,6.55896293775555,6.57430227704167,6.58896293775555,,6.53829630590467,6.49901255250536,6.53348938529341,6.53944791841846,6.42858803372288
1784,Oracle,1340,5,Additive0.015,335000,250,25,6.54755316510381,6.57422475458778,6.57755316510381,,6.53797572518193,6.49941046083934,6.53356730399654,6.53900758991522,6.42836774316901
1784,Oracle Vector,1340,5,Additive0.015,4818640,4336,38,6.55926380503284,6.57422475458778,6.58926380503284,,6.53797572518193,6.49941046083934,6.53356730399654,6.53900758991522,6.42836774316901
1784,Vector,1340,5,Additive0.015,5858480,5244,50,6.55463013310599,6.57422475458778,6.58463013310599,,6.53797572518193,6.49941046083934,6.53356730399654,6.53900758991522,6.42836774316901
1784,Value,1340,5,Additive0.015,1317510,6781,98,6.55756342769102,6.57422475458778,6.58756342769102,,6.53797572518193,6.49941046083934,6.53356730399654,6.53900758991522,6.42836774316901
1784,Dist L1,1340,5,Additive0.015,1371036,6754,102,6.55896293775555,6.57422475458778,6.58896293775555,,6.53797572518193,6.49941046083934,6.53356730399654,6.53900758991522,6.42836774316901
1785,Oracle,1340,5,Additive0.015,335000,250,25,6.54755316510381,6.57378372624357,6.57755316510381,,6.53806763923594,6.49983494568727,6.53248077619539,6.53828414402789,6.42809149854935
1785,Oracle Vector,1340,5,Additive0.015,4818640,4336,38,6.55926380503284,6.57378372624357,6.58926380503284,,6.53806763923595,6.49983494568727,6.53248077619539,6.53828414402789,6.42809149854936
1785,Value,1340,5,Additive0.015,1317520,6792,98,6.55756342769102,6.57378372624357,6.58756342769102,,6.53806763923595,6.49983494568727,6.53248077619539,6.53828414402789,6.42809149854936
1785,Vector,1340,5,Additive0.015,5863840,5249,50,6.55463013310599,6.57378372624357,6.58463013310599,,6.53806763923595,6.49983494568727,6.53248077619539,6.53828414402789,6.42809149854935
1785,Dist L1,1340,5,Additive0.015,1371042,6761,102,6.55896293775555,6.57378372624357,6.58896293775555,,6.53806763923595,6.49983494568727,6.53248077619539,6.53828414402789,6.42809149854936
1786,Oracle,1340,5,Additive0.015,335000,250,25,6.54755316510381,6.57383206678628,6.57755316510381,,6.53877278114899,6.49970260068722,6.53207989411843,6.53831595945816,6.42791283782109
1786,Oracle Vector,1340,5,Additive0.015,4818640,4336,38,6.55926380503284,6.57383206678628,6.58926380503284,,6.538772781149,6.49970260068722,6.53207989411843,6.53831595945816,6.42791283782109
1786,Value,1340,5,Additive0.015,1317520,6792,98,6.55756342769102,6.57383206678628,6.58756342769102,,6.53877278114899,6.49970260068722,6.53207989411843,6.53831595945817,6.42791283782109
1786,Vector,1340,5,Additive0.015,5869200,5254,50,6.55463013310599,6.57383206678628,6.58463013310599,,6.53877278114899,6.49970260068722,6.53207989411843,6.53831595945817,6.42791283782109
1786,Dist L1,1340,5,Additive0.015,1371046,6766,102,6.55896293775555,6.57383206678628,6.58896293775555,,6.53877278114899,6.49970260068722,6.53207989411843,6.53831595945817,6.42791283782109
1787,Oracle,1340,5,Additive0.015,335000,250,25,6.54755316510381,6.57442634503355,6.57755316510381,,6.53935197111962,6.50008024979211,6.53268595095277,6.53857884253059,6.42769335866447
1787,Oracle Vector,1340,5,Additive0.015,4818640,4336,38,6.55926380503284,6.57442634503355,6.58926380503284,,6.53935197111962,6.50008024979211,6.53268595095277,6.53857884253059,6.42769335866448
1787,Vector,1340,5,Additive0.015,5869200,5254,50,6.55463013310599,6.57442634503355,6.58463013310599,,6.53935197111962,6.50008024979211,6.53268595095277,6.5385788425306,6.42769335866448
1787,Value,1340,5,Additive0.015,1317520,6792,98,6.55756342769102,6.57442634503355,6.58756342769102,,6.53935197111962,6.50008024979211,6.53268595095277,6.5385788425306,6.42769335866448
1787,Dist L1,1340,5,Additive0.015,1371050,6771,102,6.55896293775555,6.57442634503355,6.58896293775555,,6.53935197111962,6.50008024979211,6.53268595095277,6.5385788425306,6.42769335866448
1788,Oracle,1340,5,Additive0.015,335000,250,25,6.54755316510381,6.57492617749752,6.57755316510381,,6.5403922774546,6.5007697282246,6.5329084294884,6.53893359472694,6.42829195925485
1788,Oracle Vector,1340,5,Additive0.015,4818640,4336,38,6.55926380503284,6.57492617749752,6.58926380503284,,6.54039227745461,6.50076972822461,6.5329084294884,6.53893359472694,6.42829195925485
1788,Value,1340,5,Additive0.015,1317528,6802,98,6.55756342769102,6.57492617749752,6.58756342769102,,6.54039227745461,6.50076972822461,6.5329084294884,6.53893359472694,6.42829195925485
1788,Vector,1340,5,Additive0.015,5869200,5254,50,6.55463013310599,6.57492617749752,6.58463013310599,,6.54039227745461,6.50076972822461,6.5329084294884,6.53893359472694,6.42829195925485
1788,Dist L1,1340,5,Additive0.015,1371056,6778,102,6.55896293775555,6.57492617749752,6.58896293775555,,6.54039227745461,6.50076972822461,6.5329084294884,6.53893359472694,6.42829195925485
1789,Oracle,1340,5,Additive0.015,335000,250,25,6.54755316510381,6.57472297849246,6.57755316510381,,6.54100706127427,6.50098072756424,6.53208800892431,6.53876767196155,6.4281371657233
1789,Oracle Vector,1340,5,Additive0.015,4818640,4336,38,6.55926380503284,6.57472297849246,6.58926380503284,,6.54100706127427,6.50098072756424,6.53208800892431,6.53876767196155,6.4281371657233
1789,Value,1340,5,Additive0.015,1317536,6812,98,6.55756342769102,6.57472297849246,6.58756342769102,,6.54100706127427,6.50098072756424,6.53208800892431,6.53876767196155,6.4281371657233
1789,Vector,1340,5,Additive0.015,5869200,5254,50,6.55463013310599,6.57472297849246,6.58463013310599,,6.54100706127427,6.50098072756424,6.53208800892431,6.53876767196155,6.4281371657233
1789,Dist L1,1340,5,Additive0.015,1371066,6791,102,6.55896293775555,6.57472297849246,6.58896293775555,,6.54100706127427,6.50098072756424,6.53208800892431,6.53876767196155,6.4281371657233
1790,Oracle,1340,5,Additive0.015,335000,250,25,6.54755316510381,6.5738771973855,6.57755316510381,,6.54103206257304,6.50015510634281,6.53179805060706,6.53808532089756,6.42691689576207
1790,Oracle Vector,1340,5,Additive0.015,4818640,4336,38,6.55926380503284,6.5738771973855,6.58926380503284,,6.54103206257304,6.50015510634281,6.53179805060706,6.53808532089756,6.42691689576206
1790,Vector,1340,5,Additive0.015,5869200,5254,50,6.55463013310599,6.5738771973855,6.58463013310599,,6.54103206257304,6.50015510634281,6.53179805060706,6.53808532089756,6.42691689576206
1790,Value,1340,5,Additive0.015,1330941,6833,99,6.5588771973855,6.5738771973855,6.5888771973855,,6.54103206257304,6.50015510634281,6.53179805060706,6.53808532089756,6.42691689576206
1790,Dist L1,1340,5,Additive0.015,1384471,6811,103,6.5588771973855,6.5738771973855,6.5888771973855,,6.54103206257304,6.50015510634281,6.53179805060706,6.53808532089756,6.42691689576206
1791,Oracle,1340,5,Additive0.015,335000,250,25,6.54755316510381,6.57386727623565,6.57755316510381,,6.54165783740563,6.49969938239627,6.53176781059911,6.53832735408589,6.42583960681121
1791,Oracle Vector,1340,5,Additive0.015,4818640,4336,38,6.55926380503284,6.57386727623565,6.58926380503284,,6.54165783740563,6.49969938239626,6.53176781059911,6.53832735408588,6.42583960681121
1791,Value,1340,5,Additive0.015,1330941,6833,99,6.5588771973855,6.57386727623565,6.5888771973855,,6.54165783740563,6.49969938239626,6.53176781059911,6.53832735408588,6.42583960681121
1791,Vector,1340,5,Additive0.015,5869200,5254,50,6.55463013310599,6.57386727623565,6.58463013310599,,6.54165783740563,6.49969938239626,6.53176781059911,6.53832735408588,6.42583960681121
1791,Dist L1,1340,5,Additive0.015,1384471,6811,103,6.5588771973855,6.57386727623565,6.5888771973855,,6.54165783740563,6.49969938239626,6.53176781059911,6.53832735408588,6.42583960681121
1792,Oracle,1340,5,Additive0.015,335000,250,25,6.54755316510381,6.573722690851,6.57755316510381,,6.54255783978891,6.49894094414454,6.53139662836493,6.5382573715647,6.42552998658061
1792,Oracle Vector,1340,5,Additive0.015,4818640,4336,38,6.55926380503284,6.573722690851,6.58926380503284,,6.5425578397889,6.49894094414454,6.53139662836493,6.53825737156469,6.4255299865806
1792,Vector,1340,5,Additive0.015,5874560,5259,50,6.55463013310599,6.573722690851,6.58463013310599,,6.5425578397889,6.49894094414454,6.53139662836493,6.5382573715647,6.4255299865806
1792,Value,1340,5,Additive0.015,1330941,6833,99,6.5588771973855,6.573722690851,6.5888771973855,,6.5425578397889,6.49894094414454,6.53139662836493,6.5382573715647,6.4255299865806
1792,Dist L1,1340,5,Additive0.015,1384471,6811,103,6.5588771973855,6.573722690851,6.5888771973855,,6.5425578397889,6.49894094414454,6.53139662836493,6.5382573715647,6.4255299865806
1793,Oracle,1340,5,Additive0.015,335000,250,25,6.54755316510381,6.57359037280188,6.57755316510381,,6.54281364233922,6.49888965277748,6.53128830497608,6.53772532702168,6.42546639581941
1793,Oracle Vector,1340,5,Additive0.015,4818640,4336,38,6.55926380503284,6.57359037280188,6.58926380503284,,6.54281364233922,6.49888965277748,6.53128830497608,6.53772532702168,6.42546639581941
1793,Value,1340,5,Additive0.015,1330941,6833,99,6.5588771973855,6.57359037280189,6.5888771973855,,6.54281364233922,6.49888965277748,6.53128830497608,6.53772532702168,6.42546639581941
1793,Vector,1340,5,Additive0.015,5874560,5259,50,6.55463013310599,6.57359037280188,6.58463013310599,,6.54281364233922,6.49888965277748,6.53128830497608,6.53772532702168,6.42546639581941
1793,Dist L1,1340,5,Additive0.015,1384471,6811,103,6.5588771973855,6.57359037280189,6.5888771973855,,6.54281364233922,6.49888965277748,6.53128830497608,6.53772532702168,6.42546639581941
1794,Oracle,1340,5,Additive0.015,335000,250,25,6.54755316510381,6.57276417901884,6.57755316510381,,6.54233746524523,6.49771341375917,6.53051763201515,6.5368654718353,6.42436920769476
1794,Oracle Vector,1340,5,Additive0.015,4818640,4336,38,6.55926380503284,6.57276417901885,6.58926380503284,,6.54233746524523,6.49771341375916,6.53051763201515,6.5368654718353,6.42436920769477
1794,Value,1340,5,Additive0.015,1330941,6833,99,6.5588771973855,6.57276417901885,6.5888771973855,,6.54233746524523,6.49771341375916,6.53051763201515,6.5368654718353,6.42436920769477
1794,Vector,1340,5,Additive0.015,5874560,5259,50,6.55463013310599,6.57276417901885,6.58463013310599,,6.54233746524523,6.49771341375917,6.53051763201515,6.5368654718353,6.42436920769477
1794,Dist L1,1340,5,Additive0.015,1384471,6811,103,6.5588771973855,6.57276417901885,6.5888771973855,,6.54233746524523,6.49771341375917,6.53051763201515,6.5368654718353,6.42436920769477
1795,Oracle,1340,5,Additive0.015,335000,250,25,6.54755316510381,6.5725532569638,6.57755316510381,,6.542554946406,6.49805050149098,6.52979995070857,6.53677691953013,6.42368098936064
1795,Oracle Vector,1340,5,Additive0.015,4824000,4341,38,6.55926380503284,6.57255325696379,6.58926380503284,,6.542554946406,6.49805050149099,6.52979995070857,6.53677691953013,6.42368098936064
1795,Vector,1340,5,Additive0.015,5874560,5259,50,6.55463013310599,6.57255325696379,6.58463013310599,,6.542554946406,6.49805050149099,6.52979995070857,6.53677691953013,6.42368098936064
1795,Value,1340,5,Additive0.015,1330941,6833,99,6.5588771973855,6.57255325696379,6.5888771973855,,6.542554946406,6.49805050149099,6.52979995070857,6.53677691953013,6.42368098936064
1795,Dist L1,1340,5,Additive0.015,1384471,6811,103,6.5588771973855,6.57255325696379,6.5888771973855,,6.542554946406,6.49805050149099,6.52979995070857,6.53677691953013,6.42368098936064
1796,Oracle,1340,5,Additive0.015,335000,250,25,6.54755316510381,6.5717009168459,6.57755316510381,,6.54168411805286,6.497245223284,6.52953882334143,6.5359773064675,6.42212422157676
1796,Dist L1,1340,5,Additive0.015,1384471,6811,103,6.5588771973855,6.5717009168459,6.5888771973855,,6.54168411805286,6.497245223284,6.52953882334143,6.5359773064675,6.42212422157676
1796,Value,1340,5,Additive0.015,1330941,6833,99,6.5588771973855,6.5717009168459,6.5888771973855,,6.54168411805286,6.497245223284,6.52953882334143,6.5359773064675,6.42212422157676
1796,Vector,1340,5,Additive0.015,5879920,5264,50,6.55463013310599,6.5717009168459,6.58463013310599,,6.54168411805286,6.497245223284,6.52953882334143,6.5359773064675,6.42212422157676
1796,Oracle Vector,1340,5,Additive0.015,4829360,4346,38,6.55926380503284,6.5717009168459,6.58926380503284,,6.54168411805286,6.497245223284,6.52953882334143,6.5359773064675,6.42212422157676
1797,Oracle,1340,5,Additive0.015,335000,250,25,6.54755316510381,6.57082237361666,6.57755316510381,,6.54227599595921,6.495728617747,6.52860938495753,6.5342207837287,6.42202380044644
1797,Oracle Vector,1340,5,Additive0.015,4829360,4346,38,6.55926380503284,6.57082237361666,6.58926380503284,,6.54227599595921,6.495728617747,6.52860938495753,6.5342207837287,6.42202380044643
1797,Value,1340,5,Additive0.015,1330941,6833,99,6.5588771973855,6.57082237361666,6.5888771973855,,6.54227599595921,6.495728617747,6.52860938495753,6.53422078372869,6.42202380044644
1797,Vector,1340,5,Additive0.015,5879920,5264,50,6.55463013310599,6.57082237361666,6.58463013310599,,6.5422759959592,6.495728617747,6.52860938495753,6.5342207837287,6.42202380044644
1797,Dist L1,1340,5,Additive0.015,1384471,6811,103,6.5588771973855,6.57082237361666,6.5888771973855,,6.54227599595921,6.495728617747,6.52860938495753,6.53422078372869,6.42202380044644
1798,Oracle,1340,5,Additive0.015,335000,250,25,6.54755316510381,6.57039412241319,6.57755316510381,,6.5424671253413,6.49485569079017,6.52830706234902,6.53354976488401,6.42193070895374
1798,Value,1340,5,Additive0.015,1330941,6833,99,6.5588771973855,6.57039412241319,6.5888771973855,,6.5424671253413,6.49485569079017,6.52830706234902,6.53354976488401,6.42193070895374
1798,Oracle Vector,1340,5,Additive0.015,4834720,4351,38,6.55926380503284,6.57039412241319,6.58926380503284,,6.5424671253413,6.49485569079017,6.52830706234902,6.53354976488401,6.42193070895374
1798,Vector,1340,5,Additive0.015,5885280,5269,50,6.55463013310599,6.57039412241319,6.58463013310599,,6.5424671253413,6.49485569079017,6.52830706234902,6.53354976488401,6.42193070895374
1798,Dist L1,1340,5,Additive0.015,1384471,6811,103,6.5588771973855,6.57039412241319,6.5888771973855,,6.5424671253413,6.49485569079017,6.52830706234902,6.53354976488401,6.42193070895374
1799,Oracle,1340,5,Additive0.015,335000,250,25,6.54755316510381,6.56967296034764,6.57755316510381,,6.54206493666669,6.49407750007026,6.52774024544467,6.53273138220083,6.42215748559676
1799,Oracle Vector,1340,5,Additive0.015,4834720,4351,38,6.55926380503284,6.56967296034764,6.58926380503284,,6.54206493666669,6.49407750007026,6.52774024544467,6.53273138220083,6.42215748559676
1799,Value,1340,5,Additive0.015,1330945,6838,99,6.5588771973855,6.56967296034764,6.5888771973855,,6.54206493666669,6.49407750007026,6.52774024544467,6.53273138220083,6.42215748559676
1799,Vector,1340,5,Additive0.015,5885280,5269,50,6.55463013310599,6.56967296034764,6.58463013310599,,6.54206493666669,6.49407750007026,6.52774024544467,6.53273138220083,6.42215748559676
1799,Dist L1,1340,5,Additive0.015,1384475,6816,103,6.5588771973855,6.56967296034764,6.5888771973855,,6.54206493666669,6.49407750007026,6.52774024544467,6.53273138220083,6.42215748559676
1800,Oracle,1340,5,Additive0.015,335000,250,25,6.54755316510381,6.56855988750228,6.57755316510381,,6.54169255275341,6.49290213577589,6.52693963450151,6.53093860774024,6.4221455351245
1800,Oracle Vector,1340,5,Additive0.015,4834720,4351,38,6.55926380503284,6.56855988750228,6.58926380503284,,6.54169255275341,6.49290213577589,6.52693963450151,6.53093860774024,6.42214553512451
1800,Value,1340,5,Additive0.015,1330951,6845,99,6.5588771973855,6.56855988750228,6.5888771973855,,6.54169255275341,6.49290213577589,6.52693963450151,6.53093860774024,6.42214553512451
1800,Vector,1340,5,Additive0.015,5890640,5274,50,6.55463013310599,6.56855988750228,6.58463013310599,,6.54169255275341,6.49290213577589,6.52693963450151,6.53093860774024,6.42214553512451
1800,Dist L1,1340,5,Additive0.015,1384481,6823,103,6.5588771973855,6.56855988750228,6.5888771973855,,6.54169255275341,6.49290213577589,6.52693963450151,6.53093860774024,6.42214553512451
1801,Oracle,1340,5,Additive0.015,335000,250,25,6.54755316510381,6.56772459362872,6.57755316510381,,6.54133734110428,6.49146762070088,6.52638502745083,6.52999827034559,6.42180141792255
1801,Oracle Vector,1340,5,Additive0.015,4840080,4356,38,6.55926380503284,6.56772459362872,6.58926380503284,,6.54133734110428,6.49146762070088,6.52638502745082,6.52999827034559,6.42180141792255
1801,Vector,1340,5,Additive0.015,5890640,5274,50,6.55463013310599,6.56772459362872,6.58463013310599,,6.54133734110428,6.49146762070088,6.52638502745082,6.52999827034559,6.42180141792255
1801,Value,1340,5,Additive0.015,1330959,6854,99,6.5588771973855,6.56772459362872,6.5888771973855,,6.54133734110428,6.49146762070088,6.52638502745082,6.52999827034559,6.42180141792255
1801,Dist L1,1340,5,Additive0.015,1384489,6832,103,6.5588771973855,6.56772459362872,6.5888771973855,,6.54133734110428,6.49146762070088,6.52638502745082,6.52999827034559,6.42180141792255
1802,Oracle,1340,5,Additive0.015,335000,250,25,6.54755316510381,6.56738434024563,6.57755316510381,,6.54065661380289,6.49066094235061,6.5261684092172,6.52940131274257,6.42178748081151
1802,Oracle Vector,1340,5,Additive0.015,4840080,4356,38,6.55926380503284,6.56738434024563,6.58926380503284,,6.54065661380289,6.49066094235062,6.5261684092172,6.52940131274257,6.42178748081151
1802,Vector,1340,5,Additive0.015,5890640,5274,50,6.55463013310599,6.56738434024563,6.58463013310599,,6.54065661380289,6.49066094235062,6.5261684092172,6.52940131274257,6.42178748081151
1802,Value,1340,5,Additive0.015,1344364,6875,100,6.55238434024563,6.56738434024563,6.58238434024563,,6.54065661380289,6.49066094235062,6.5261684092172,6.52940131274257,6.42178748081151
1802,Dist L1,1340,5,Additive0.015,1397894,6853,104,6.55238434024563,6.56738434024563,6.58238434024563,,6.54065661380289,6.49066094235062,6.5261684092172,6.52940131274257,6.42178748081151
1803,Oracle,1340,5,Additive0.015,335000,250,25,6.54755316510381,6.56739693657725,6.57755316510381,,6.54008932616321,6.49061288640952,6.52670353626788,6.52924032597157,6.42223054316401
1803,Oracle Vector,1340,5,Additive0.015,4840080,4356,38,6.55926380503284,6.56739693657725,6.58926380503284,,6.54008932616321,6.49061288640952,6.52670353626788,6.52924032597157,6.42223054316401
1803,Value,1340,5,Additive0.015,1344364,6875,100,6.55238434024563,6.56739693657725,6.58238434024563,,6.54008932616321,6.49061288640952,6.52670353626788,6.52924032597157,6.42223054316401
1803,Vector,1340,5,Additive0.015,5890640,5274,50,6.55463013310599,6.56739693657725,6.58463013310599,,6.54008932616321,6.49061288640952,6.52670353626788,6.52924032597157,6.42223054316401
1803,Dist L1,1340,5,Additive0.015,1397894,6853,104,6.55238434024563,6.56739693657725,6.58238434024563,,6.54008932616321,6.49061288640952,6.52670353626788,6.52924032597157,6.42223054316401
1804,Oracle,1340,5,Additive0.015,335000,250,25,6.54755316510381,6.5668789994467,6.57755316510381,,6.54043931652806,6.48962842985271,6.52599998095752,6.52806815358681,6.42166621640733
1804,Value,1340,5,Additive0.015,1344364,6875,100,6.55238434024563,6.5668789994467,6.58238434024563,,6.54043931652806,6.48962842985271,6.52599998095752,6.52806815358681,6.42166621640732
1804,Oracle Vector,1340,5,Additive0.015,4840080,4356,38,6.55926380503284,6.5668789994467,6.58926380503284,,6.54043931652806,6.4896284298527,6.52599998095752,6.52806815358681,6.42166621640732
1804,Vector,1340,5,Additive0.015,5896000,5279,50,6.55463013310599,6.56687899944669,6.58463013310599,,6.54043931652806,6.48962842985271,6.52599998095752,6.52806815358681,6.42166621640732
1804,Dist L1,1340,5,Additive0.015,1397894,6853,104,6.55238434024563,6.56687899944669,6.58238434024563,,6.54043931652806,6.48962842985271,6.52599998095752,6.52806815358681,6.42166621640732
1805,Oracle,1340,5,Additive0.015,335000,250,25,6.54755316510381,6.56655375532828,6.57755316510381,,6.54007913569282,6.48963361880623,6.52550869658915,6.52742653048922,6.42122499600067
1805,Oracle Vector,1340,5,Additive0.015,4845440,4361,38,6.55926380503284,6.56655375532828,6.58926380503284,,6.54007913569282,6.48963361880623,6.52550869658915,6.52742653048922,6.42122499600067
1805,Value,1340,5,Additive0.015,1344364,6875,100,6.55238434024563,6.56655375532828,6.58238434024563,,6.54007913569283,6.48963361880623,6.52550869658915,6.52742653048923,6.42122499600067
1805,Vector,1340,5,Additive0.015,5896000,5279,50,6.55463013310599,6.56655375532828,6.58463013310599,,6.54007913569283,6.48963361880623,6.52550869658915,6.52742653048922,6.42122499600067
1805,Dist L1,1340,5,Additive0.015,1397894,6853,104,6.55238434024563,6.56655375532828,6.58238434024563,,6.54007913569283,6.48963361880623,6.52550869658915,6.52742653048923,6.42122499600067
1806,Oracle,1340,5,Additive0.015,335000,250,25,6.54755316510381,6.56671919003198,6.57755316510381,,6.54035365507572,6.4897896651247,6.52533234208178,6.5270421261092,6.42138799842219
1806,Vector,1340,5,Additive0.015,5896000,5279,50,6.55463013310599,6.56671919003198,6.58463013310599,,6.54035365507572,6.4897896651247,6.52533234208178,6.52704212610921,6.42138799842219
1806,Oracle Vector,1340,5,Additive0.015,4845440,4361,38,6.55926380503284,6.56671919003198,6.58926380503284,,6.54035365507572,6.4897896651247,6.52533234208178,6.5270421261092,6.42138799842219
1806,Value,1340,5,Additive0.015,1344364,6875,100,6.55238434024563,6.56671919003198,6.58238434024563,,6.54035365507572,6.4897896651247,6.52533234208178,6.52704212610921,6.42138799842219
1806,Dist L1,1340,5,Additive0.015,1397894,6853,104,6.55238434024563,6.56671919003198,6.58238434024563,,6.54035365507572,6.4897896651247,6.52533234208178,6.52704212610921,6.42138799842219
1807,Oracle,1340,5,Additive0.015,335000,250,25,6.54755316510381,6.56694413515941,6.57755316510381,,6.54048663655568,6.48981246970284,6.52618890065711,6.52617311270216,6.42168655338129
1807,Oracle Vector,1340,5,Additive0.015,4850800,4366,38,6.55926380503284,6.56694413515941,6.58926380503284,,6.54048663655568,6.48981246970283,6.52618890065711,6.52617311270217,6.42168655338129
1807,Value,1340,5,Additive0.015,1344364,6875,100,6.55238434024563,6.56694413515941,6.58238434024563,,6.54048663655568,6.48981246970283,6.52618890065711,6.52617311270217,6.42168655338129
1807,Vector,1340,5,Additive0.015,5896000,5279,50,6.55463013310599,6.56694413515941,6.58463013310599,,6.54048663655568,6.48981246970283,6.52618890065711,6.52617311270217,6.42168655338129
1807,Dist L1,1340,5,Additive0.015,1397894,6853,104,6.55238434024563,6.56694413515941,6.58238434024563,,6.54048663655568,6.48981246970283,6.52618890065711,6.52617311270217,6.42168655338129
1808,Oracle,1340,5,Additive0.015,335000,250,25,6.54755316510381,6.56753537932249,6.57755316510381,,6.54176293877453,6.4901866858266,6.52654250627029,6.52611597014047,6.4224880674713
1808,Oracle Vector,1340,5,Additive0.015,4850800,4366,38,6.55926380503284,6.56753537932249,6.58926380503284,,6.54176293877452,6.4901866858266,6.52654250627029,6.52611597014046,6.4224880674713
1808,Value,1340,5,Additive0.015,1344364,6875,100,6.55238434024563,6.56753537932249,6.58238434024563,,6.54176293877452,6.4901866858266,6.52654250627029,6.52611597014046,6.42248806747131
1808,Vector,1340,5,Additive0.015,5896000,5279,50,6.55463013310599,6.56753537932249,6.58463013310599,,6.54176293877452,6.4901866858266,6.52654250627029,6.52611597014046,6.4224880674713
1808,Dist L1,1340,5,Additive0.015,1397894,6853,104,6.55238434024563,6.56753537932249,6.58238434024563,,6.54176293877452,6.4901866858266,6.52654250627029,6.52611597014046,6.42248806747131
1809,Oracle,1340,5,Additive0.015,335000,250,25,6.54755316510381,6.56744513314318,6.57755316510381,,6.54134892851149,6.4896691935204,6.52569560435478,6.52599646727985,6.42285661580783
1809,Oracle Vector,1340,5,Additive0.015,4850800,4366,38,6.55926380503284,6.56744513314318,6.58926380503284,,6.54134892851149,6.4896691935204,6.52569560435478,6.52599646727985,6.42285661580783
1809,Vector,1340,5,Additive0.015,5896000,5279,50,6.55463013310599,6.56744513314318,6.58463013310599,,6.54134892851149,6.4896691935204,6.52569560435478,6.52599646727985,6.42285661580783
1809,Value,1340,5,Additive0.015,1344364,6875,100,6.55238434024563,6.56744513314318,6.58238434024563,,6.54134892851149,6.4896691935204,6.52569560435478,6.52599646727985,6.42285661580783
1809,Dist L1,1340,5,Additive0.015,1397894,6853,104,6.55238434024563,6.56744513314318,6.58238434024563,,6.54134892851149,6.4896691935204,6.52569560435478,6.52599646727985,6.42285661580783
1810,Oracle,1340,5,Additive0.015,335000,250,25,6.54755316510381,6.56635892240781,6.57755316510381,,6.54050380713856,6.48837857202909,6.52381199825938,6.52498542219125,6.42189257769696
1810,Oracle Vector,1340,5,Additive0.015,4850800,4366,38,6.55926380503284,6.56635892240781,6.58926380503284,,6.54050380713856,6.48837857202909,6.52381199825938,6.52498542219126,6.42189257769696
1810,Value,1340,5,Additive0.015,1344364,6875,100,6.55238434024563,6.56635892240781,6.58238434024563,,6.54050380713856,6.48837857202909,6.52381199825938,6.52498542219126,6.42189257769696
1810,Vector,1340,5,Additive0.015,5901360,5284,50,6.55463013310599,6.56635892240781,6.58463013310599,,6.54050380713856,6.48837857202909,6.52381199825938,6.52498542219126,6.42189257769696
1810,Dist L1,1340,5,Additive0.015,1397894,6853,104,6.55238434024563,6.56635892240781,6.58238434024563,,6.54050380713856,6.48837857202909,6.52381199825938,6.52498542219126,6.42189257769696
1811,Oracle,1340,5,Additive0.015,335000,250,25,6.54755316510381,6.56644411358353,6.57755316510381,,6.54067889266571,6.48875424914173,6.52323363822423,6.52497718894158,6.42273991255186
1811,Oracle Vector,1340,5,Additive0.015,4850800,4366,38,6.55926380503284,6.56644411358353,6.58926380503284,,6.54067889266571,6.48875424914173,6.52323363822423,6.52497718894159,6.42273991255187
1811,Value,1340,5,Additive0.015,1344364,6875,100,6.55238434024563,6.56644411358353,6.58238434024563,,6.54067889266571,6.48875424914173,6.52323363822423,6.52497718894159,6.42273991255187
1811,Vector,1340,5,Additive0.015,5906720,5289,50,6.55463013310599,6.56644411358353,6.58463013310599,,6.54067889266571,6.48875424914173,6.52323363822423,6.52497718894159,6.42273991255186
1811,Dist L1,1340,5,Additive0.015,1397894,6853,104,6.55238434024563,6.56644411358353,6.58238434024563,,6.54067889266571,6.48875424914173,6.52323363822423,6.52497718894159,6.42273991255187
1812,Oracle,1340,5,Additive0.015,335000,250,25,6.54755316510381,6.56602088977289,6.57755316510381,,6.54015748943718,6.48823051464764,6.52194389969787,6.52542261759655,6.42231149010177
1812,Oracle Vector,1340,5,Additive0.015,4856160,4371,38,6.55926380503284,6.56602088977289,6.58926380503284,,6.54015748943718,6.48823051464764,6.52194389969787,6.52542261759655,6.42231149010177
1812,Value,1340,5,Additive0.015,1344364,6875,100,6.55238434024563,6.56602088977289,6.58238434024563,,6.54015748943718,6.48823051464764,6.52194389969787,6.52542261759655,6.42231149010177
1812,Vector,1340,5,Additive0.015,5906720,5289,50,6.55463013310599,6.56602088977289,6.58463013310599,,6.54015748943718,6.48823051464764,6.52194389969787,6.52542261759656,6.42231149010177
1812,Dist L1,1340,5,Additive0.015,1397894,6853,104,6.55238434024563,6.56602088977289,6.58238434024563,,6.54015748943718,6.48823051464764,6.52194389969787,6.52542261759655,6.42231149010177
1813,Oracle,1340,5,Additive0.015,335000,250,25,6.54755316510381,6.56580393480226,6.57755316510381,,6.54080634904875,6.48834869350901,6.5213217667162,6.52558985851347,6.42155796301345
1813,Oracle Vector,1340,5,Additive0.015,4856160,4371,38,6.55926380503284,6.56580393480226,6.58926380503284,,6.54080634904875,6.48834869350901,6.5213217667162,6.52558985851347,6.42155796301346
1813,Vector,1340,5,Additive0.015,5906720,5289,50,6.55463013310599,6.56580393480226,6.58463013310599,,6.54080634904875,6.48834869350901,6.5213217667162,6.52558985851347,6.42155796301346
1813,Value,1340,5,Additive0.015,1344364,6875,100,6.55238434024563,6.56580393480226,6.58238434024563,,6.54080634904875,6.48834869350901,6.5213217667162,6.52558985851347,6.42155796301346
1813,Dist L1,1340,5,Additive0.015,1397894,6853,104,6.55238434024563,6.56580393480226,6.58238434024563,,6.54080634904875,6.48834869350901,6.5213217667162,6.52558985851347,6.42155796301346
1814,Oracle,1340,5,Additive0.015,335000,250,25,6.54755316510381,6.56510903363572,6.57755316510381,,6.54232184962588,6.48890770170577,6.52012210817633,6.52394850022935,6.42054299234412
1814,Oracle Vector,1340,5,Additive0.015,4861520,4376,38,6.55926380503284,6.56510903363572,6.58926380503284,,6.54232184962588,6.48890770170577,6.52012210817633,6.52394850022935,6.42054299234412
1814,Value,1340,5,Additive0.015,1344364,6875,100,6.55238434024563,6.56510903363572,6.58238434024563,,6.54232184962588,6.48890770170577,6.52012210817633,6.52394850022935,6.42054299234412
1814,Vector,1340,5,Additive0.015,5912080,5294,50,6.55463013310599,6.56510903363572,6.58463013310599,,6.54232184962588,6.48890770170577,6.52012210817633,6.52394850022935,6.42054299234412
1814,Dist L1,1340,5,Additive0.015,1397894,6853,104,6.55238434024563,6.56510903363572,6.58238434024563,,6.54232184962588,6.48890770170577,6.52012210817633,6.52394850022935,6.42054299234412
1815,Oracle,1340,5,Additive0.015,335000,250,25,6.54755316510381,6.565187528647,6.57755316510381,,6.54380391332191,6.48873632047882,6.52038893013819,6.52351864500241,6.42056395001486
1815,Oracle Vector,1340,5,Additive0.015,4866880,4381,38,6.55926380503284,6.56518752864701,6.58926380503284,,6.54380391332191,6.48873632047883,6.5203889301382,6.52351864500241,6.42056395001486
1815,Value,1340,5,Additive0.015,1344364,6875,100,6.55238434024563,6.56518752864701,6.58238434024563,,6.54380391332191,6.48873632047883,6.5203889301382,6.52351864500241,6.42056395001486
1815,Vector,1340,5,Additive0.015,5917440,5299,50,6.55463013310599,6.56518752864701,6.58463013310599,,6.54380391332191,6.48873632047883,6.5203889301382,6.52351864500241,6.42056395001486
1815,Dist L1,1340,5,Additive0.015,1397894,6853,104,6.55238434024563,6.56518752864701,6.58238434024563,,6.54380391332191,6.48873632047883,6.5203889301382,6.52351864500241,6.42056395001486
1816,Oracle,1340,5,Additive0.015,335000,250,25,6.54755316510381,6.56527642658456,6.57755316510381,,6.5450317425209,6.48856755341984,6.52019999027456,6.52327850377202,6.42083741129064
1816,Oracle Vector,1340,5,Additive0.015,4866880,4381,38,6.55926380503284,6.56527642658456,6.58926380503284,,6.5450317425209,6.48856755341983,6.52019999027455,6.52327850377202,6.42083741129064
1816,Value,1340,5,Additive0.015,1344370,6882,100,6.55238434024563,6.56527642658456,6.58238434024563,,6.5450317425209,6.48856755341983,6.52019999027455,6.52327850377202,6.42083741129064
1816,Vector,1340,5,Additive0.015,5922800,5304,50,6.55463013310599,6.56527642658456,6.58463013310599,,6.5450317425209,6.48856755341983,6.52019999027455,6.52327850377202,6.42083741129064
1816,Dist L1,1340,5,Additive0.015,1397900,6860,104,6.55238434024563,6.56527642658456,6.58238434024563,,6.5450317425209,6.48856755341983,6.52019999027455,6.52327850377202,6.42083741129064
1817,Oracle,1340,5,Additive0.015,335000,250,25,6.54755316510381,6.5650352878341,6.57755316510381,,6.54460865732818,6.48761682909743,6.51995238626256,6.52366716565164,6.42069214051756
1817,Oracle Vector,1340,5,Additive0.015,4872240,4386,38,6.55926380503284,6.56503528783409,6.58926380503284,,6.54460865732819,6.48761682909743,6.51995238626256,6.52366716565165,6.42069214051757
1817,Value,1340,5,Additive0.015,1344370,6882,100,6.55238434024563,6.5650352878341,6.58238434024563,,6.54460865732819,6.48761682909743,6.51995238626256,6.52366716565165,6.42069214051756
1817,Vector,1340,5,Additive0.015,5922800,5304,50,6.55463013310599,6.56503528783409,6.58463013310599,,6.54460865732818,6.48761682909743,6.51995238626256,6.52366716565165,6.42069214051756
1817,Dist L1,1340,5,Additive0.015,1397900,6860,104,6.55238434024563,6.56503528783409,6.58238434024563,,6.54460865732819,6.48761682909743,6.51995238626256,6.52366716565165,6.42069214051756
1818,Oracle,1340,5,Additive0.015,335000,250,25,6.54755316510381,6.56522925970647,6.57755316510381,,6.54468155966243,6.48662289765187,6.52089092723676,6.5240180550125,6.42196805754394
1818,Oracle Vector,1340,5,Additive0.015,4872240,4386,38,6.55926380503284,6.56522925970647,6.58926380503284,,6.54468155966243,6.48662289765187,6.52089092723676,6.5240180550125,6.42196805754394
1818,Value,1340,5,Additive0.015,1344374,6887,100,6.55238434024563,6.56522925970647,6.58238434024563,,6.54468155966243,6.48662289765187,6.52089092723676,6.5240180550125,6.42196805754394
1818,Vector,1340,5,Additive0.015,5922800,5304,50,6.55463013310599,6.56522925970647,6.58463013310599,,6.54468155966243,6.48662289765187,6.52089092723676,6.5240180550125,6.42196805754394
1818,Dist L1,1340,5,Additive0.015,1397904,6865,104,6.55238434024563,6.56522925970647,6.58238434024563,,6.54468155966243,6.48662289765187,6.52089092723676,6.5240180550125,6.42196805754394
1819,Oracle,1340,5,Additive0.015,335000,250,25,6.54755316510381,6.5649359144546,6.57755316510381,,6.54446104384239,6.48583896611943,6.52071260612928,6.52399697338269,6.42224824375019
1819,Oracle Vector,1340,5,Additive0.015,4872240,4386,38,6.55926380503284,6.5649359144546,6.58926380503284,,6.54446104384239,6.48583896611943,6.52071260612928,6.52399697338269,6.42224824375019
1819,Value,1340,5,Additive0.015,1344380,6894,100,6.55238434024563,6.5649359144546,6.58238434024563,,6.54446104384239,6.48583896611943,6.52071260612928,6.52399697338269,6.42224824375019
1819,Vector,1340,5,Additive0.015,5922800,5304,50,6.55463013310599,6.5649359144546,6.58463013310599,,6.54446104384239,6.48583896611943,6.52071260612928,6.52399697338269,6.42224824375019
1819,Dist L1,1340,5,Additive0.015,1397908,6870,104,6.55238434024563,6.5649359144546,6.58238434024563,,6.54446104384239,6.48583896611943,6.52071260612928,6.52399697338269,6.42224824375019
1820,Oracle,1340,5,Additive0.015,335000,250,25,6.54755316510381,6.5652970353769,6.57755316510381,,6.54482630662686,6.48587261349255,6.52045602905315,6.52493421066987,6.42369274619057
1820,Oracle Vector,1340,5,Additive0.015,4872240,4386,38,6.55926380503284,6.5652970353769,6.58926380503284,,6.54482630662686,6.48587261349255,6.52045602905315,6.52493421066987,6.42369274619057
1820,Value,1340,5,Additive0.015,1344388,6904,100,6.55238434024563,6.5652970353769,6.58238434024563,,6.54482630662686,6.48587261349255,6.52045602905315,6.52493421066987,6.42369274619057
1820,Vector,1340,5,Additive0.015,5928160,5309,50,6.55463013310599,6.5652970353769,6.58463013310599,,6.54482630662686,6.48587261349255,6.52045602905315,6.52493421066987,6.42369274619057
1820,Dist L1,1340,5,Additive0.015,1397916,6880,104,6.55238434024563,6.5652970353769,6.58238434024563,,6.54482630662686,6.48587261349255,6.52045602905315,6.52493421066987,6.42369274619057
1821,Oracle,1340,5,Additive0.015,335000,250,25,6.54755316510381,6.56477276422025,6.57755316510381,,6.54429266823288,6.4855022643511,6.51951098736035,6.52452495202304,6.42456977414912
1821,Value,1340,5,Additive0.015,1344388,6904,100,6.55238434024563,6.56477276422024,6.58238434024563,,6.54429266823287,6.4855022643511,6.51951098736035,6.52452495202303,6.42456977414912
1821,Oracle Vector,1340,5,Additive0.015,4877600,4391,38,6.55926380503284,6.56477276422024,6.58926380503284,,6.54429266823287,6.4855022643511,6.51951098736035,6.52452495202303,6.42456977414912
1821,Vector,1340,5,Additive0.015,5928160,5309,50,6.55463013310599,6.56477276422024,6.58463013310599,,6.54429266823287,6.4855022643511,6.51951098736035,6.52452495202303,6.42456977414912
1821,Dist L1,1340,5,Additive0.015,1397926,6891,104,6.55238434024563,6.56477276422024,6.58238434024563,,6.54429266823287,6.4855022643511,6.51951098736035,6.52452495202303,6.42456977414912
1822,Oracle,1340,5,Additive0.015,335000,250,25,6.54755316510381,6.56380952529504,6.57755316510381,,6.54388184691215,6.48371428504923,6.5183529485516,6.52347104904849,6.42431144486567
1822,Vector,1340,5,Additive0.015,5933520,5314,50,6.55463013310599,6.56380952529503,6.58463013310599,,6.54388184691215,6.48371428504923,6.5183529485516,6.52347104904849,6.42431144486567
1822,Oracle Vector,1340,5,Additive0.015,4882960,4396,38,6.55926380503284,6.56380952529503,6.58926380503284,,6.54388184691215,6.48371428504923,6.5183529485516,6.52347104904849,6.42431144486567
1822,Value,1340,5,Additive0.015,1357793,6926,101,6.54880952529503,6.56380952529503,6.57880952529503,,6.54388184691215,6.48371428504922,6.5183529485516,6.52347104904849,6.42431144486567
1822,Dist L1,1340,5,Additive0.015,1411331,6912,105,6.54880952529503,6.56380952529503,6.57880952529503,,6.54388184691215,6.48371428504923,6.5183529485516,6.52347104904849,6.42431144486567
1823,Oracle,1340,5,Additive0.015,335000,250,25,6.54755316510381,6.56344397763043,6.57755316510381,,6.54421012609256,6.48258077279491,6.51825379773615,6.52311029855275,6.42406971635868
1823,Oracle Vector,1340,5,Additive0.015,4882960,4396,38,6.55926380503284,6.56344397763043,6.58926380503284,,6.54421012609256,6.48258077279491,6.51825379773615,6.52311029855275,6.42406971635868
1823,Value,1340,5,Additive0.015,1357793,6926,101,6.54880952529503,6.56344397763043,6.57880952529503,,6.54421012609256,6.48258077279491,6.51825379773615,6.52311029855275,6.42406971635868
1823,Vector,1340,5,Additive0.015,5941560,5321,50,6.55463013310599,6.56344397763043,6.58463013310599,,6.54421012609256,6.48258077279491,6.51825379773615,6.52311029855275,6.42406971635868
1823,Dist L1,1340,5,Additive0.015,1411331,6912,105,6.54880952529503,6.56344397763043,6.57880952529503,,6.54421012609256,6.48258077279491,6.51825379773615,6.52311029855275,6.42406971635868
1824,Oracle,1340,5,Additive0.015,335000,250,25,6.54755316510381,6.56286580764138,6.57755316510381,,6.54463862328493,6.48099165972527,6.51728250331908,6.52203825530979,6.4244190778837
1824,Oracle Vector,1340,5,Additive0.015,4891000,4403,38,6.55926380503284,6.56286580764138,6.58926380503284,,6.54463862328493,6.48099165972527,6.51728250331908,6.52203825530979,6.42441907788369
1824,Value,1340,5,Additive0.015,1357793,6926,101,6.54880952529503,6.56286580764138,6.57880952529503,,6.54463862328493,6.48099165972527,6.51728250331908,6.52203825530979,6.42441907788369
1824,Vector,1340,5,Additive0.015,5941560,5321,50,6.55463013310599,6.56286580764138,6.58463013310599,,6.54463862328493,6.48099165972527,6.51728250331908,6.52203825530979,6.42441907788369
1824,Dist L1,1340,5,Additive0.015,1411331,6912,105,6.54880952529503,6.56286580764138,6.57880952529503,,6.54463862328493,6.48099165972527,6.51728250331908,6.52203825530979,6.42441907788369
1825,Oracle,1340,5,Additive0.015,335000,250,25,6.54755316510381,6.5620771296143,6.57755316510381,,6.54453862458047,6.47973559004568,6.51655586797516,6.52124576864591,6.42335004295059
1825,Oracle Vector,1340,5,Additive0.015,4896360,4408,38,6.55926380503284,6.5620771296143,6.58926380503284,,6.54453862458047,6.47973559004568,6.51655586797516,6.52124576864591,6.42335004295059
1825,Value,1340,5,Additive0.015,1357793,6926,101,6.54880952529503,6.5620771296143,6.57880952529503,,6.54453862458047,6.47973559004568,6.51655586797516,6.52124576864591,6.42335004295059
1825,Vector,1340,5,Additive0.015,5946920,5326,50,6.55463013310599,6.5620771296143,6.58463013310599,,6.54453862458047,6.47973559004568,6.51655586797516,6.52124576864591,6.42335004295059
1825,Dist L1,1340,5,Additive0.015,1411331,6912,105,6.54880952529503,6.5620771296143,6.57880952529503,,6.54453862458047,6.47973559004568,6.51655586797516,6.52124576864591,6.42335004295059
1826,Oracle,1340,5,Additive0.015,335000,250,25,6.54755316510381,6.56207983104496,6.57755316510381,,6.5453736282865,6.47867265158027,6.51658739545797,6.52150044252145,6.42390255492459
1826,Oracle Vector,1340,5,Additive0.015,4901720,4413,38,6.55926380503284,6.56207983104496,6.58926380503284,,6.5453736282865,6.47867265158027,6.51658739545797,6.52150044252145,6.42390255492459
1826,Value,1340,5,Additive0.015,1357793,6926,101,6.54880952529503,6.56207983104496,6.57880952529503,,6.54537362828649,6.47867265158027,6.51658739545797,6.52150044252145,6.42390255492459
1826,Vector,1340,5,Additive0.015,5952280,5331,50,6.55463013310599,6.56207983104496,6.58463013310599,,6.5453736282865,6.47867265158027,6.51658739545797,6.52150044252145,6.42390255492459
1826,Dist L1,1340,5,Additive0.015,1411331,6912,105,6.54880952529503,6.56207983104496,6.57880952529503,,6.5453736282865,6.47867265158027,6.51658739545797,6.52150044252145,6.42390255492459
1827,Oracle,1340,5,Additive0.015,335000,250,25,6.54755316510381,6.56246999794529,6.57755316510381,,6.54671780117583,6.47878820826176,6.51667740682672,6.52151825442997,6.42572111881692
1827,Oracle Vector,1340,5,Additive0.015,4907080,4418,38,6.55926380503284,6.56246999794529,6.58926380503284,,6.54671780117583,6.47878820826176,6.51667740682672,6.52151825442997,6.42572111881692
1827,Value,1340,5,Additive0.015,1357793,6926,101,6.54880952529503,6.56246999794529,6.57880952529503,,6.54671780117583,6.47878820826176,6.51667740682672,6.52151825442997,6.42572111881692
1827,Vector,1340,5,Additive0.015,5952280,5331,50,6.55463013310599,6.56246999794529,6.58463013310599,,6.54671780117583,6.47878820826176,6.51667740682672,6.52151825442997,6.42572111881692
1827,Dist L1,1340,5,Additive0.015,1411331,6912,105,6.54880952529503,6.56246999794529,6.57880952529503,,6.54671780117583,6.47878820826176,6.51667740682672,6.52151825442997,6.42572111881692
1828,Oracle,1340,5,Additive0.015,335000,250,25,6.54755316510381,6.56307849868463,6.57755316510381,,6.54930765855612,6.47884799872445,6.51714521833729,6.52149340451412,6.42557717445063
1828,Oracle Vector,1340,5,Additive0.015,4907080,4418,38,6.55926380503284,6.56307849868462,6.58926380503284,,6.54930765855611,6.47884799872444,6.51714521833729,6.52149340451412,6.42557717445063
1828,Value,1340,5,Additive0.015,1357793,6926,101,6.54880952529503,6.56307849868462,6.57880952529503,,6.54930765855611,6.47884799872444,6.51714521833729,6.52149340451412,6.42557717445063
1828,Vector,1340,5,Additive0.015,5957640,5336,50,6.55463013310599,6.56307849868462,6.58463013310599,,6.54930765855611,6.47884799872444,6.51714521833729,6.52149340451412,6.42557717445063
1828,Dist L1,1340,5,Additive0.015,1411331,6912,105,6.54880952529503,6.56307849868462,6.57880952529503,,6.54930765855611,6.47884799872444,6.51714521833729,6.52149340451412,6.42557717445063
1829,Oracle,1340,5,Additive0.015,335000,250,25,6.54755316510381,6.56216292052489,6.57755316510381,,6.55001355364193,6.47767802341508,6.51577014994557,6.52121675364284,6.42459579898088
1829,Value,1340,5,Additive0.015,1357797,6931,101,6.54880952529503,6.56216292052489,6.57880952529503,,6.55001355364193,6.47767802341508,6.51577014994557,6.52121675364284,6.42459579898088
1829,Oracle Vector,1340,5,Additive0.015,4915120,4425,38,6.55926380503284,6.56216292052489,6.58926380503284,,6.55001355364193,6.47767802341508,6.51577014994557,6.52121675364284,6.42459579898088
1829,Vector,1340,5,Additive0.015,5965680,5343,50,6.55463013310599,6.56216292052489,6.58463013310599,,6.55001355364193,6.47767802341508,6.51577014994557,6.52121675364284,6.42459579898088
1829,Dist L1,1340,5,Additive0.015,1411335,6917,105,6.54880952529503,6.56216292052489,6.57880952529503,,6.55001355364193,6.47767802341508,6.51577014994557,6.52121675364284,6.42459579898088
1830,Oracle,1340,5,Additive0.015,335000,250,25,6.54755316510381,6.56160520800047,6.57755316510381,,6.54994968649748,6.47675441430568,6.51548213547776,6.52062494180119,6.42445289008595
1830,Oracle Vector,1340,5,Additive0.015,4920480,4430,38,6.55926380503284,6.56160520800047,6.58926380503284,,6.54994968649748,6.47675441430568,6.51548213547775,6.52062494180119,6.42445289008595
1830,Value,1340,5,Additive0.015,1357797,6931,101,6.54880952529503,6.56160520800047,6.57880952529503,,6.54994968649748,6.47675441430568,6.51548213547775,6.52062494180119,6.42445289008595
1830,Vector,1340,5,Additive0.015,5971040,5348,50,6.55463013310599,6.56160520800047,6.58463013310599,,6.54994968649748,6.47675441430568,6.51548213547775,6.52062494180119,6.42445289008595
1830,Dist L1,1340,5,Additive0.015,1411335,6917,105,6.54880952529503,6.56160520800047,6.57880952529503,,6.54994968649748,6.47675441430568,6.51548213547775,6.52062494180119,6.42445289008595
1831,Oracle,1340,5,Additive0.015,335000,250,25,6.54755316510381,6.56110939595731,6.57755316510381,,6.54986991031258,6.4765615952608,6.51567044579643,6.51994198847881,6.42381845449873
1831,Oracle Vector,1340,5,Additive0.015,4928520,4437,38,6.55926380503284,6.56110939595731,6.58926380503284,,6.54986991031258,6.4765615952608,6.51567044579643,6.51994198847881,6.42381845449873
1831,Value,1340,5,Additive0.015,1357797,6931,101,6.54880952529503,6.56110939595731,6.57880952529503,,6.54986991031258,6.4765615952608,6.51567044579643,6.51994198847881,6.42381845449873
1831,Vector,1340,5,Additive0.015,5981760,5357,50,6.55463013310599,6.56110939595731,6.58463013310599,,6.54986991031258,6.4765615952608,6.51567044579643,6.51994198847881,6.42381845449873
1831,Dist L1,1340,5,Additive0.015,1411335,6917,105,6.54880952529503,6.56110939595731,6.57880952529503,,6.54986991031258,6.4765615952608,6.51567044579643,6.51994198847881,6.42381845449873
1832,Oracle,1340,5,Additive0.015,335000,250,25,6.54755316510381,6.56019511879706,6.57755316510381,,6.54916677177217,6.47562057448012,6.51539067485981,6.51901624859322,6.42327151638983
1832,Oracle Vector,1340,5,Additive0.015,4939240,4446,38,6.55926380503284,6.56019511879706,6.58926380503284,,6.54916677177217,6.47562057448011,6.51539067485981,6.51901624859321,6.42327151638983
1832,Value,1340,5,Additive0.015,1357803,6938,101,6.54880952529503,6.56019511879706,6.57880952529503,,6.54916677177217,6.47562057448011,6.51539067485981,6.51901624859321,6.42327151638982
1832,Vector,1340,5,Additive0.015,5995160,5368,50,6.55463013310599,6.56019511879706,6.58463013310599,,6.54916677177217,6.47562057448011,6.51539067485981,6.51901624859321,6.42327151638983
1832,Dist L1,1340,5,Additive0.015,1411341,6924,105,6.54880952529503,6.56019511879706,6.57880952529503,,6.54916677177217,6.47562057448011,6.51539067485981,6.51901624859321,6.42327151638982
1833,Oracle,1340,5,Additive0.015,335000,250,25,6.54755316510381,6.56087285903919,6.57755316510381,,6.55204748307837,6.47825909918081,6.51621539933781,6.51934325282785,6.42205492745624
1833,Oracle Vector,1340,5,Additive0.015,4944600,4451,38,6.55926380503284,6.56087285903919,6.58926380503284,,6.55204748307837,6.47825909918081,6.51621539933781,6.51934325282785,6.42205492745624
1833,Vector,1340,5,Additive0.015,5995160,5368,50,6.55463013310599,6.56087285903919,6.58463013310599,,6.55204748307837,6.47825909918081,6.51621539933781,6.51934325282785,6.42205492745624
1833,Value,1340,5,Additive0.015,1357803,6938,101,6.54880952529503,6.56087285903919,6.57880952529503,,6.55204748307837,6.47825909918081,6.51621539933781,6.51934325282785,6.42205492745624
1833,Dist L1,1340,5,Additive0.015,1411341,6924,105,6.54880952529503,6.56087285903919,6.57880952529503,,6.55204748307837,6.47825909918081,6.51621539933781,6.51934325282785,6.42205492745624
1834,Oracle,1340,5,Additive0.015,335000,250,25,6.54755316510381,6.56019108658713,6.57755316510381,,6.55207897321174,6.47751360703095,6.51574861277063,6.5185015087255,6.42169625448849
1834,Value,1340,5,Additive0.015,1357811,6948,101,6.54880952529503,6.56019108658713,6.57880952529503,,6.55207897321174,6.47751360703095,6.51574861277063,6.5185015087255,6.42169625448849
1834,Oracle Vector,1340,5,Additive0.015,4949960,4456,38,6.55926380503284,6.56019108658713,6.58926380503284,,6.55207897321174,6.47751360703095,6.51574861277063,6.5185015087255,6.42169625448849
1834,Vector,1340,5,Additive0.015,5995160,5368,50,6.55463013310599,6.56019108658713,6.58463013310599,,6.55207897321174,6.47751360703095,6.51574861277063,6.5185015087255,6.42169625448849
1834,Dist L1,1340,5,Additive0.015,1411341,6924,105,6.54880952529503,6.56019108658713,6.57880952529503,,6.55207897321174,6.47751360703095,6.51574861277063,6.5185015087255,6.42169625448849
1835,Oracle,1340,5,Additive0.015,335000,250,25,6.54755316510381,6.56000685551817,6.57755316510381,,6.55271913391279,6.47673268493854,6.51579719135527,6.51801174006783,6.42169772118169
1835,Oracle Vector,1340,5,Additive0.015,4958000,4464,38,6.55926380503284,6.56000685551817,6.58926380503284,,6.55271913391279,6.47673268493854,6.51579719135526,6.51801174006783,6.42169772118169
1835,Value,1340,5,Additive0.015,1357811,6948,101,6.54880952529503,6.56000685551817,6.57880952529503,,6.5527191339128,6.47673268493854,6.51579719135526,6.51801174006783,6.42169772118169
1835,Vector,1340,5,Additive0.015,6003200,5376,50,6.55463013310599,6.56000685551817,6.58463013310599,,6.5527191339128,6.47673268493854,6.51579719135526,6.51801174006783,6.42169772118169
1835,Dist L1,1340,5,Additive0.015,1411345,6929,105,6.54880952529503,6.56000685551817,6.57880952529503,,6.5527191339128,6.47673268493854,6.51579719135526,6.51801174006783,6.42169772118169
1836,Oracle,1340,5,Additive0.015,335000,250,25,6.54755316510381,6.56004433362835,6.57755316510381,,6.55236681056101,6.47724553631475,6.51676213653709,6.51834003199856,6.42170524820394
1836,Oracle Vector,1340,5,Additive0.015,4966040,4471,38,6.55926380503284,6.56004433362835,6.58926380503284,,6.55236681056101,6.47724553631474,6.51676213653709,6.51834003199856,6.42170524820394
1836,Value,1340,5,Additive0.015,1357811,6948,101,6.54880952529503,6.56004433362835,6.57880952529503,,6.55236681056101,6.47724553631474,6.51676213653709,6.51834003199856,6.42170524820394
1836,Vector,1340,5,Additive0.015,6016600,5388,50,6.55463013310599,6.56004433362835,6.58463013310599,,6.55236681056101,6.47724553631474,6.51676213653709,6.51834003199856,6.42170524820394
1836,Dist L1,1340,5,Additive0.015,1411345,6929,105,6.54880952529503,6.56004433362835,6.57880952529503,,6.55236681056101,6.47724553631474,6.51676213653709,6.51834003199856,6.42170524820394
1837,Oracle,1340,5,Additive0.015,335000,250,25,6.54755316510381,6.55893299043743,6.57755316510381,,6.55248794027814,6.47640372788671,6.51629462241346,6.51657079667912,6.42075287963147
1837,Value,1340,5,Additive0.015,1357821,6960,101,6.54880952529503,6.55893299043743,6.57880952529503,,6.55248794027814,6.47640372788671,6.51629462241346,6.51657079667911,6.42075287963147
1837,Oracle Vector,1340,5,Additive0.015,4979440,4483,39,6.54393299043743,6.55893299043743,6.57393299043743,,6.55248794027814,6.47640372788671,6.51629462241346,6.51657079667912,6.42075287963147
1837,Vector,1340,5,Additive0.015,6027320,5398,50,6.55463013310599,6.55893299043743,6.58463013310599,,6.55248794027814,6.4764037278867,6.51629462241346,6.51657079667912,6.42075287963147
1837,Dist L1,1340,5,Additive0.015,1411355,6941,105,6.54880952529503,6.55893299043743,6.57880952529503,,6.55248794027814,6.4764037278867,6.51629462241346,6.51657079667911,6.42075287963147
1838,Oracle,1340,5,Additive0.015,335000,250,25,6.54755316510381,6.55739380745076,6.57755316510381,,6.55121844057574,6.47511057995664,6.51482060878309,6.51425404949029,6.4188557886354
1838,Oracle Vector,1340,5,Additive0.015,4979440,4483,39,6.54393299043743,6.55739380745077,6.57393299043743,,6.55121844057575,6.47511057995664,6.51482060878309,6.51425404949029,6.4188557886354
1838,Value,1340,5,Additive0.015,1371226,6980,102,6.54239380745076,6.55739380745076,6.57239380745076,,6.55121844057575,6.47511057995664,6.51482060878309,6.51425404949029,6.4188557886354
1838,Vector,1340,5,Additive0.015,6040720,5408,51,6.54239380745077,6.55739380745077,6.57239380745077,,6.55121844057575,6.47511057995664,6.51482060878309,6.51425404949029,6.4188557886354
1838,Dist L1,1340,5,Additive0.015,1424760,6961,106,6.54239380745076,6.55739380745076,6.57239380745076,,6.55121844057575,6.47511057995664,6.51482060878309,6.51425404949029,6.4188557886354
1839,Oracle,1340,5,Additive0.015,335000,250,25,6.54755316510381,6.55673485961409,6.57755316510381,,6.55111833115493,6.47411060590137,6.51481850127219,6.51270197474135,6.41858426326013
1839,Oracle Vector,1340,5,Additive0.015,4979440,4483,39,6.54393299043743,6.55673485961409,6.57393299043743,,6.55111833115493,6.47411060590137,6.51481850127219,6.51270197474134,6.41858426326013
1839,Vector,1340,5,Additive0.015,6040720,5408,51,6.54239380745077,6.55673485961409,6.57239380745077,,6.55111833115493,6.47411060590137,6.51481850127219,6.51270197474135,6.41858426326013
1839,Value,1340,5,Additive0.015,1371226,6980,102,6.54239380745076,6.55673485961409,6.57239380745076,,6.55111833115493,6.47411060590137,6.51481850127219,6.51270197474134,6.41858426326013
1839,Dist L1,1340,5,Additive0.015,1424760,6961,106,6.54239380745076,6.55673485961409,6.57239380745076,,6.55111833115493,6.47411060590137,6.51481850127219,6.51270197474134,6.41858426326013
1840,Oracle,1340,5,Additive0.015,335000,250,25,6.54755316510381,6.55643635346842,6.57755316510381,,6.55122025336014,6.47427126359084,6.51443089912858,6.51167616832738,6.4183236459763
1840,Oracle Vector,1340,5,Additive0.015,4979440,4483,39,6.54393299043743,6.55643635346842,6.57393299043743,,6.55122025336014,6.47427126359084,6.51443089912858,6.51167616832738,6.4183236459763
1840,Value,1340,5,Additive0.015,1371226,6980,102,6.54239380745076,6.55643635346842,6.57239380745076,,6.55122025336014,6.47427126359084,6.51443089912858,6.51167616832738,6.4183236459763
1840,Vector,1340,5,Additive0.015,6040720,5408,51,6.54239380745077,6.55643635346842,6.57239380745077,,6.55122025336014,6.47427126359084,6.51443089912858,6.51167616832738,6.4183236459763
1840,Dist L1,1340,5,Additive0.015,1424760,6961,106,6.54239380745076,6.55643635346842,6.57239380745076,,6.55122025336014,6.47427126359084,6.51443089912858,6.51167616832738,6.4183236459763
1841,Oracle,1340,5,Additive0.015,335000,250,25,6.54755316510381,6.55558097546196,6.57755316510381,,6.55016607794263,6.47348178523972,6.51389123687722,6.50954836356221,6.41866612705955
1841,Oracle Vector,1340,5,Additive0.015,4979440,4483,39,6.54393299043743,6.55558097546196,6.57393299043743,,6.55016607794263,6.47348178523972,6.51389123687722,6.5095483635622,6.41866612705955
1841,Vector,1340,5,Additive0.015,6040720,5408,51,6.54239380745077,6.55558097546196,6.57239380745077,,6.55016607794263,6.47348178523972,6.51389123687722,6.50954836356221,6.41866612705955
1841,Value,1340,5,Additive0.015,1371226,6980,102,6.54239380745076,6.55558097546196,6.57239380745076,,6.55016607794263,6.47348178523972,6.51389123687722,6.5095483635622,6.41866612705955
1841,Dist L1,1340,5,Additive0.015,1424760,6961,106,6.54239380745076,6.55558097546196,6.57239380745076,,6.55016607794263,6.47348178523972,6.51389123687722,6.5095483635622,6.41866612705955
1842,Oracle,1340,5,Additive0.015,335000,250,25,6.54755316510381,6.5554905631956,6.57755316510381,,6.54966669726966,6.47274185189122,6.5141910881767,6.50884311341729,6.41974591070894
1842,Oracle Vector,1340,5,Additive0.015,4979440,4483,39,6.54393299043743,6.5554905631956,6.57393299043743,,6.54966669726966,6.47274185189122,6.5141910881767,6.50884311341729,6.41974591070894
1842,Vector,1340,5,Additive0.015,6040720,5408,51,6.54239380745077,6.5554905631956,6.57239380745077,,6.54966669726966,6.47274185189122,6.5141910881767,6.50884311341729,6.41974591070894
1842,Value,1340,5,Additive0.015,1371226,6980,102,6.54239380745076,6.5554905631956,6.57239380745076,,6.54966669726966,6.47274185189122,6.5141910881767,6.50884311341729,6.41974591070894
1842,Dist L1,1340,5,Additive0.015,1424760,6961,106,6.54239380745076,6.5554905631956,6.57239380745076,,6.54966669726966,6.47274185189122,6.5141910881767,6.50884311341729,6.41974591070894
1843,Oracle,1340,5,Additive0.015,335000,250,25,6.54755316510381,6.55451626773142,6.57755316510381,,6.54869219907621,6.47146003790807,6.51380028549302,6.50733967928266,6.41997279210795
1843,Oracle Vector,1340,5,Additive0.015,4979440,4483,39,6.54393299043743,6.55451626773141,6.57393299043743,,6.54869219907621,6.47146003790807,6.51380028549302,6.50733967928266,6.41997279210795
1843,Vector,1340,5,Additive0.015,6040720,5408,51,6.54239380745077,6.55451626773141,6.57239380745077,,6.54869219907621,6.47146003790807,6.51380028549302,6.50733967928266,6.41997279210795
1843,Value,1340,5,Additive0.015,1371226,6980,102,6.54239380745076,6.55451626773141,6.57239380745076,,6.54869219907621,6.47146003790807,6.51380028549302,6.50733967928266,6.41997279210795
1843,Dist L1,1340,5,Additive0.015,1424760,6961,106,6.54239380745076,6.55451626773142,6.57239380745076,,6.54869219907621,6.47146003790807,6.51380028549302,6.50733967928266,6.41997279210795
1844,Oracle,1340,5,Additive0.015,335000,250,25,6.54755316510381,6.55423493273366,6.57755316510381,,6.54886533202066,6.47123177190144,6.51263233563587,6.50655296985128,6.42014540059358
1844,Oracle Vector,1340,5,Additive0.015,4979440,4483,39,6.54393299043743,6.55423493273366,6.57393299043743,,6.54886533202066,6.47123177190144,6.51263233563587,6.50655296985128,6.42014540059358
1844,Vector,1340,5,Additive0.015,6040720,5408,51,6.54239380745077,6.55423493273366,6.57239380745077,,6.54886533202066,6.47123177190144,6.51263233563587,6.50655296985128,6.42014540059358
1844,Value,1340,5,Additive0.015,1371226,6980,102,6.54239380745076,6.55423493273366,6.57239380745076,,6.54886533202066,6.47123177190144,6.51263233563587,6.50655296985128,6.42014540059358
1844,Dist L1,1340,5,Additive0.015,1424760,6961,106,6.54239380745076,6.55423493273366,6.57239380745076,,6.54886533202066,6.47123177190144,6.51263233563587,6.50655296985128,6.42014540059358
1845,Oracle,1340,5,Additive0.015,335000,250,25,6.54755316510381,6.55404719736587,6.57755316510381,,6.54917088735254,6.47023576856437,6.51273591541672,6.50521585380707,6.42136404648499
1845,Oracle Vector,1340,5,Additive0.015,4979440,4483,39,6.54393299043743,6.55404719736587,6.57393299043743,,6.54917088735254,6.47023576856437,6.51273591541672,6.50521585380707,6.42136404648499
1845,Value,1340,5,Additive0.015,1371230,6985,102,6.54239380745076,6.55404719736587,6.57239380745076,,6.54917088735254,6.47023576856437,6.51273591541672,6.50521585380707,6.42136404648499
1845,Vector,1340,5,Additive0.015,6046080,5413,51,6.54239380745077,6.55404719736587,6.57239380745077,,6.54917088735254,6.47023576856437,6.51273591541672,6.50521585380707,6.42136404648499
1845,Dist L1,1340,5,Additive0.015,1424764,6966,106,6.54239380745076,6.55404719736587,6.57239380745076,,6.54917088735254,6.47023576856437,6.51273591541672,6.50521585380707,6.42136404648499
1846,Oracle,1340,5,Additive0.015,335000,250,25,6.54755316510381,6.55408568802522,6.57755316510381,,6.55007922070859,6.46970380797135,6.51300718022716,6.50432514463934,6.42243504350827
1846,Oracle Vector,1340,5,Additive0.015,4979440,4483,39,6.54393299043743,6.55408568802522,6.57393299043743,,6.55007922070859,6.46970380797135,6.51300718022715,6.50432514463934,6.42243504350827
1846,Vector,1340,5,Additive0.015,6046080,5413,51,6.54239380745077,6.55408568802522,6.57239380745077,,6.55007922070859,6.46970380797135,6.51300718022715,6.50432514463934,6.42243504350827
1846,Value,1340,5,Additive0.015,1371230,6985,102,6.54239380745076,6.55408568802522,6.57239380745076,,6.55007922070859,6.46970380797135,6.51300718022715,6.50432514463933,6.42243504350827
1846,Dist L1,1340,5,Additive0.015,1424764,6966,106,6.54239380745076,6.55408568802522,6.57239380745076,,6.55007922070859,6.46970380797135,6.51300718022715,6.50432514463933,6.42243504350827
1847,Oracle,1340,5,Additive0.015,335000,250,25,6.54755316510381,6.55364633679341,6.57755316510381,,6.54914855620014,6.46939566019999,6.51307264275779,6.50309207556967,6.42297102254184
1847,Oracle Vector,1340,5,Additive0.015,4984800,4488,39,6.54393299043743,6.55364633679341,6.57393299043743,,6.54914855620014,6.46939566019999,6.51307264275779,6.50309207556967,6.42297102254184
1847,Vector,1340,5,Additive0.015,6046080,5413,51,6.54239380745077,6.55364633679341,6.57239380745077,,6.54914855620014,6.46939566019999,6.51307264275779,6.50309207556967,6.42297102254184
1847,Value,1340,5,Additive0.015,1371234,6990,102,6.54239380745076,6.55364633679341,6.57239380745076,,6.54914855620014,6.46939566019999,6.51307264275779,6.50309207556967,6.42297102254184
1847,Dist L1,1340,5,Additive0.015,1424768,6971,106,6.54239380745076,6.55364633679341,6.57239380745076,,6.54914855620014,6.46939566019999,6.51307264275779,6.50309207556967,6.42297102254184
1848,Oracle,1340,5,Additive0.015,335000,250,25,6.54755316510381,6.55283655370431,6.57755316510381,,6.54896163497903,6.46798618325641,6.51221843577123,6.50188064358158,6.42282579021718
1848,Oracle Vector,1340,5,Additive0.015,4984800,4488,39,6.54393299043743,6.55283655370431,6.57393299043743,,6.54896163497903,6.46798618325641,6.51221843577123,6.50188064358158,6.42282579021718
1848,Vector,1340,5,Additive0.015,6046080,5413,51,6.54239380745077,6.55283655370431,6.57239380745077,,6.54896163497903,6.46798618325641,6.51221843577123,6.50188064358158,6.42282579021718
1848,Value,1340,5,Additive0.015,1371242,6999,102,6.54239380745076,6.55283655370431,6.57239380745076,,6.54896163497903,6.46798618325641,6.51221843577123,6.50188064358158,6.42282579021718
1848,Dist L1,1340,5,Additive0.015,1424772,6976,106,6.54239380745076,6.55283655370431,6.57239380745076,,6.54896163497903,6.46798618325641,6.51221843577123,6.50188064358158,6.42282579021718
1849,Oracle,1340,5,Additive0.015,335000,250,25,6.54755316510381,6.55222664203173,6.57755316510381,,6.54886624428177,6.46684075076305,6.51167602260362,6.50097924454268,6.42215596075495
1849,Oracle Vector,1340,5,Additive0.015,4984800,4488,39,6.54393299043743,6.55222664203173,6.57393299043743,,6.54886624428177,6.46684075076305,6.51167602260362,6.50097924454268,6.42215596075495
1849,Value,1340,5,Additive0.015,1371242,6999,102,6.54239380745076,6.55222664203173,6.57239380745076,,6.54886624428177,6.46684075076304,6.51167602260362,6.50097924454268,6.42215596075495
1849,Vector,1340,5,Additive0.015,6054120,5420,51,6.54239380745077,6.55222664203173,6.57239380745077,,6.54886624428177,6.46684075076305,6.51167602260362,6.50097924454268,6.42215596075495
1849,Dist L1,1340,5,Additive0.015,1424772,6976,106,6.54239380745076,6.55222664203173,6.57239380745076,,6.54886624428177,6.46684075076305,6.51167602260362,6.50097924454268,6.42215596075495
1850,Oracle,1340,5,Additive0.015,335000,250,25,6.54755316510381,6.55238757802606,6.57755316510381,,6.54896188374806,6.46633849481533,6.5117537103722,6.50063725957124,6.42326238012576
1850,Oracle Vector,1340,5,Additive0.015,4984800,4488,39,6.54393299043743,6.55238757802606,6.57393299043743,,6.54896188374806,6.46633849481533,6.5117537103722,6.50063725957124,6.42326238012576
1850,Value,1340,5,Additive0.015,1371248,7006,102,6.54239380745076,6.55238757802606,6.57239380745076,,6.54896188374806,6.46633849481533,6.5117537103722,6.50063725957124,6.42326238012576
1850,Vector,1340,5,Additive0.015,6054120,5420,51,6.54239380745077,6.55238757802606,6.57239380745077,,6.54896188374806,6.46633849481533,6.5117537103722,6.50063725957124,6.42326238012576
1850,Dist L1,1340,5,Additive0.015,1424776,6981,106,6.54239380745076,6.55238757802606,6.57239380745076,,6.54896188374806,6.46633849481533,6.5117537103722,6.50063725957124,6.42326238012576
1851,Oracle,1340,5,Additive0.015,335000,250,25,6.54755316510381,6.55249762204989,6.57755316510381,,6.54842593438913,6.46640867010241,6.51177412644958,6.50026378617698,6.42428832705257
1851,Oracle Vector,1340,5,Additive0.015,4984800,4488,39,6.54393299043743,6.55249762204989,6.57393299043743,,6.54842593438913,6.46640867010241,6.51177412644958,6.50026378617698,6.42428832705257
1851,Value,1340,5,Additive0.015,1371256,7015,102,6.54239380745076,6.55249762204989,6.57239380745076,,6.54842593438913,6.46640867010241,6.51177412644958,6.50026378617698,6.42428832705257
1851,Vector,1340,5,Additive0.015,6054120,5420,51,6.54239380745077,6.55249762204989,6.57239380745077,,6.54842593438913,6.46640867010241,6.51177412644958,6.50026378617698,6.42428832705257
1851,Dist L1,1340,5,Additive0.015,1424776,6981,106,6.54239380745076,6.55249762204989,6.57239380745076,,6.54842593438913,6.46640867010241,6.51177412644958,6.50026378617698,6.42428832705257
1852,Oracle,1340,5,Additive0.015,335000,250,25,6.54755316510381,6.55241628426358,6.57755316510381,,6.54863348366423,6.46511250046271,6.51235631431591,6.49993302602104,6.42471164568478
1852,Oracle Vector,1340,5,Additive0.015,4990160,4493,39,6.54393299043743,6.55241628426358,6.57393299043743,,6.54863348366423,6.46511250046271,6.51235631431591,6.49993302602103,6.42471164568478
1852,Value,1340,5,Additive0.015,1371262,7022,102,6.54239380745076,6.55241628426358,6.57239380745076,,6.54863348366423,6.46511250046271,6.51235631431591,6.49993302602103,6.42471164568478
1852,Vector,1340,5,Additive0.015,6054120,5420,51,6.54239380745077,6.55241628426358,6.57239380745077,,6.54863348366423,6.46511250046271,6.5123563143159,6.49993302602103,6.42471164568478
1852,Dist L1,1340,5,Additive0.015,1424784,6991,106,6.54239380745076,6.55241628426358,6.57239380745076,,6.54863348366423,6.46511250046271,6.51235631431591,6.49993302602103,6.42471164568478
1853,Oracle,1340,5,Additive0.015,335000,250,25,6.54755316510381,6.55167174848643,6.57755316510381,,6.54874408046086,6.46330847925771,6.51158044346543,6.49854812070795,6.42497735636438
1853,Oracle Vector,1340,5,Additive0.015,4990160,4493,39,6.54393299043743,6.55167174848643,6.57393299043743,,6.54874408046086,6.46330847925772,6.51158044346543,6.49854812070795,6.42497735636438
1853,Vector,1340,5,Additive0.015,6062160,5427,51,6.54239380745077,6.55167174848643,6.57239380745077,,6.54874408046086,6.46330847925772,6.51158044346543,6.49854812070795,6.42497735636438
1853,Value,1340,5,Additive0.015,1384667,7043,103,6.53667174848643,6.55167174848643,6.56667174848643,,6.54874408046086,6.46330847925772,6.51158044346543,6.49854812070795,6.42497735636438
1853,Dist L1,1340,5,Additive0.015,1438189,7012,107,6.53667174848643,6.55167174848643,6.56667174848643,,6.54874408046086,6.46330847925772,6.51158044346543,6.49854812070795,6.42497735636438
1854,Oracle,1340,5,Additive0.015,335000,250,25,6.54755316510381,6.55202616063188,6.57755316510381,,6.54893896728425,6.46265368525881,6.51191710963881,6.49869014140356,6.42623698342818
1854,Oracle Vector,1340,5,Additive0.015,4990160,4493,39,6.54393299043743,6.55202616063187,6.57393299043743,,6.54893896728425,6.46265368525881,6.51191710963881,6.49869014140356,6.42623698342818
1854,Vector,1340,5,Additive0.015,6062160,5427,51,6.54239380745077,6.55202616063187,6.57239380745077,,6.54893896728425,6.46265368525881,6.51191710963881,6.49869014140356,6.42623698342818
1854,Value,1340,5,Additive0.015,1384667,7043,103,6.53667174848643,6.55202616063187,6.56667174848643,,6.54893896728425,6.46265368525881,6.51191710963881,6.49869014140356,6.42623698342818
1854,Dist L1,1340,5,Additive0.015,1438189,7012,107,6.53667174848643,6.55202616063187,6.56667174848643,,6.54893896728425,6.46265368525881,6.51191710963881,6.49869014140356,6.42623698342818
1855,Oracle,1340,5,Additive0.015,335000,250,25,6.54755316510381,6.55240364004638,6.57755316510381,,6.54983064653294,6.4616991694819,6.51221819943495,6.49856548304455,6.42730852683205
1855,Oracle Vector,1340,5,Additive0.015,4990160,4493,39,6.54393299043743,6.55240364004638,6.57393299043743,,6.54983064653295,6.4616991694819,6.51221819943495,6.49856548304455,6.42730852683205
1855,Vector,1340,5,Additive0.015,6062160,5427,51,6.54239380745077,6.55240364004638,6.57239380745077,,6.54983064653295,6.4616991694819,6.51221819943495,6.49856548304455,6.42730852683205
1855,Value,1340,5,Additive0.015,1384667,7043,103,6.53667174848643,6.55240364004638,6.56667174848643,,6.54983064653295,6.4616991694819,6.51221819943495,6.49856548304455,6.42730852683205
1855,Dist L1,1340,5,Additive0.015,1438189,7012,107,6.53667174848643,6.55240364004638,6.56667174848643,,6.54983064653295,6.4616991694819,6.51221819943495,6.49856548304455,6.42730852683205
1856,Oracle,1340,5,Additive0.015,335000,250,25,6.54755316510381,6.5523860250106,6.57755316510381,,6.54904333690726,6.46081406282675,6.5129870514102,6.4988783378479,6.42679679118294
1856,Oracle Vector,1340,5,Additive0.015,4995520,4498,39,6.54393299043743,6.5523860250106,6.57393299043743,,6.54904333690726,6.46081406282675,6.5129870514102,6.4988783378479,6.42679679118294
1856,Value,1340,5,Additive0.015,1384667,7043,103,6.53667174848643,6.5523860250106,6.56667174848643,,6.54904333690726,6.46081406282675,6.5129870514102,6.4988783378479,6.42679679118294
1856,Vector,1340,5,Additive0.015,6062160,5427,51,6.54239380745077,6.5523860250106,6.57239380745077,,6.54904333690726,6.46081406282675,6.5129870514102,6.4988783378479,6.42679679118294
1856,Dist L1,1340,5,Additive0.015,1438189,7012,107,6.53667174848643,6.5523860250106,6.56667174848643,,6.54904333690726,6.46081406282675,6.5129870514102,6.4988783378479,6.42679679118294
1857,Oracle,1340,5,Additive0.015,335000,250,25,6.54755316510381,6.55178586880313,6.57755316510381,,6.54839462261386,6.45929014854849,6.5133964985178,6.4986349898113,6.42586169358901
1857,Oracle Vector,1340,5,Additive0.015,4995520,4498,39,6.54393299043743,6.55178586880313,6.57393299043743,,6.54839462261386,6.45929014854849,6.5133964985178,6.4986349898113,6.42586169358901
1857,Vector,1340,5,Additive0.015,6062160,5427,51,6.54239380745077,6.55178586880313,6.57239380745077,,6.54839462261386,6.45929014854849,6.5133964985178,6.4986349898113,6.42586169358901
1857,Value,1340,5,Additive0.015,1384667,7043,103,6.53667174848643,6.55178586880313,6.56667174848643,,6.54839462261386,6.45929014854849,6.5133964985178,6.4986349898113,6.42586169358901
1857,Dist L1,1340,5,Additive0.015,1438189,7012,107,6.53667174848643,6.55178586880313,6.56667174848643,,6.54839462261386,6.45929014854849,6.5133964985178,6.4986349898113,6.42586169358901
1858,Oracle,1340,5,Additive0.015,335000,250,25,6.54755316510381,6.55040660160018,6.57755316510381,,6.54685028363942,6.45745033557818,6.51342304297969,6.49706081410395,6.42480147239885
1858,Value,1340,5,Additive0.015,1384667,7043,103,6.53667174848643,6.55040660160018,6.56667174848643,,6.54685028363942,6.45745033557818,6.51342304297969,6.49706081410395,6.42480147239885
1858,Oracle Vector,1340,5,Additive0.015,5003560,4505,39,6.54393299043743,6.55040660160018,6.57393299043743,,6.54685028363942,6.45745033557818,6.51342304297969,6.49706081410395,6.42480147239885
1858,Vector,1340,5,Additive0.015,6070200,5434,51,6.54239380745077,6.55040660160018,6.57239380745077,,6.54685028363942,6.45745033557818,6.51342304297969,6.49706081410395,6.42480147239885
1858,Dist L1,1340,5,Additive0.015,1438189,7012,107,6.53667174848643,6.55040660160018,6.56667174848643,,6.54685028363942,6.45745033557818,6.51342304297969,6.49706081410395,6.42480147239885
1859,Oracle,1340,5,Additive0.015,335000,250,25,6.54755316510381,6.55018558218708,6.57755316510381,,6.54740438918201,6.45629407947494,6.513803034924,6.49624548151853,6.42427356289794
1859,Oracle Vector,1340,5,Additive0.015,5008920,4510,39,6.54393299043743,6.55018558218708,6.57393299043743,,6.54740438918201,6.45629407947494,6.513803034924,6.49624548151853,6.42427356289794
1859,Vector,1340,5,Additive0.015,6070200,5434,51,6.54239380745077,6.55018558218707,6.57239380745077,,6.54740438918201,6.45629407947494,6.513803034924,6.49624548151853,6.42427356289794
1859,Value,1340,5,Additive0.015,1384667,7043,103,6.53667174848643,6.55018558218707,6.56667174848643,,6.54740438918201,6.45629407947494,6.513803034924,6.49624548151853,6.42427356289794
1859,Dist L1,1340,5,Additive0.015,1438189,7012,107,6.53667174848643,6.55018558218707,6.56667174848643,,6.54740438918201,6.45629407947494,6.513803034924,6.49624548151853,6.42427356289794
1860,Oracle,1340,5,Additive0.015,335000,250,25,6.54755316510381,6.55070011016617,6.57755316510381,,6.5478487079767,6.45655366356024,6.51494736318106,6.49659132478272,6.42488635634931
1860,Oracle Vector,1340,5,Additive0.015,5008920,4510,39,6.54393299043743,6.55070011016617,6.57393299043743,,6.5478487079767,6.45655366356024,6.51494736318106,6.49659132478272,6.42488635634931
1860,Value,1340,5,Additive0.015,1384667,7043,103,6.53667174848643,6.55070011016617,6.56667174848643,,6.5478487079767,6.45655366356024,6.51494736318106,6.49659132478272,6.42488635634931
1860,Vector,1340,5,Additive0.015,6070200,5434,51,6.54239380745077,6.55070011016617,6.57239380745077,,6.5478487079767,6.45655366356024,6.51494736318106,6.49659132478272,6.42488635634931
1860,Dist L1,1340,5,Additive0.015,1438189,7012,107,6.53667174848643,6.55070011016617,6.56667174848643,,6.5478487079767,6.45655366356024,6.51494736318106,6.49659132478272,6.42488635634931
1861,Oracle,1340,5,Additive0.015,335000,250,25,6.54755316510381,6.55059386755176,6.57755316510381,,6.54768004678488,6.45647652224656,6.51553983762659,6.49645166385603,6.42473280609574
1861,Vector,1340,5,Additive0.015,6070200,5434,51,6.54239380745077,6.55059386755176,6.57239380745077,,6.54768004678488,6.45647652224656,6.51553983762659,6.49645166385603,6.42473280609575
1861,Value,1340,5,Additive0.015,1384667,7043,103,6.53667174848643,6.55059386755176,6.56667174848643,,6.54768004678488,6.45647652224656,6.51553983762659,6.49645166385603,6.42473280609574
1861,Oracle Vector,1340,5,Additive0.015,5016960,4517,39,6.54393299043743,6.55059386755176,6.57393299043743,,6.54768004678488,6.45647652224656,6.51553983762659,6.49645166385603,6.42473280609574
1861,Dist L1,1340,5,Additive0.015,1438189,7012,107,6.53667174848643,6.55059386755176,6.56667174848643,,6.54768004678488,6.45647652224656,6.51553983762659,6.49645166385603,6.42473280609574
1862,Oracle,1340,5,Additive0.015,335000,250,25,6.54755316510381,6.55025793582402,6.57755316510381,,6.54709386480878,6.45654491945681,6.51631789878205,6.49557351956711,6.424541229142
1862,Oracle Vector,1340,5,Additive0.015,5016960,4517,39,6.54393299043743,6.55025793582402,6.57393299043743,,6.54709386480878,6.45654491945681,6.51631789878205,6.49557351956711,6.424541229142
1862,Value,1340,5,Additive0.015,1384667,7043,103,6.53667174848643,6.55025793582402,6.56667174848643,,6.54709386480878,6.45654491945681,6.51631789878205,6.49557351956711,6.424541229142
1862,Vector,1340,5,Additive0.015,6078240,5441,51,6.54239380745077,6.55025793582402,6.57239380745077,,6.54709386480878,6.45654491945681,6.51631789878205,6.49557351956711,6.424541229142
1862,Dist L1,1340,5,Additive0.015,1438189,7012,107,6.53667174848643,6.55025793582402,6.56667174848643,,6.54709386480878,6.45654491945681,6.51631789878205,6.49557351956711,6.424541229142
1863,Oracle,1340,5,Additive0.015,335000,250,25,6.54755316510381,6.54959311949692,6.57755316510381,,6.54540107594317,6.45576005755785,6.51642299732439,6.49548177723639,6.42431181449427
1863,Oracle Vector,1340,5,Additive0.015,5016960,4517,39,6.54393299043743,6.54959311949692,6.57393299043743,,6.54540107594317,6.45576005755785,6.51642299732439,6.49548177723639,6.42431181449427
1863,Value,1340,5,Additive0.015,1384667,7043,103,6.53667174848643,6.54959311949692,6.56667174848643,,6.54540107594317,6.45576005755785,6.51642299732439,6.49548177723639,6.42431181449427
1863,Vector,1340,5,Additive0.015,6078240,5441,51,6.54239380745077,6.54959311949693,6.57239380745077,,6.54540107594317,6.45576005755785,6.51642299732439,6.49548177723639,6.42431181449427
1863,Dist L1,1340,5,Additive0.015,1438189,7012,107,6.53667174848643,6.54959311949692,6.56667174848643,,6.54540107594317,6.45576005755785,6.51642299732439,6.49548177723639,6.42431181449427
1864,Oracle,1340,5,Additive0.015,335000,250,25,6.54755316510381,6.54974431493328,6.57755316510381,,6.54410435995698,6.45536549903892,6.51682249101249,6.49699209769932,6.42553901431818
1864,Oracle Vector,1340,5,Additive0.015,5016960,4517,39,6.54393299043743,6.54974431493328,6.57393299043743,,6.54410435995698,6.45536549903892,6.51682249101249,6.49699209769932,6.42553901431818
1864,Value,1340,5,Additive0.015,1384667,7043,103,6.53667174848643,6.54974431493328,6.56667174848643,,6.54410435995698,6.45536549903892,6.51682249101249,6.49699209769932,6.42553901431818
1864,Vector,1340,5,Additive0.015,6086280,5448,51,6.54239380745077,6.54974431493328,6.57239380745077,,6.54410435995698,6.45536549903892,6.51682249101249,6.49699209769932,6.42553901431818
1864,Dist L1,1340,5,Additive0.015,1438189,7012,107,6.53667174848643,6.54974431493328,6.56667174848643,,6.54410435995698,6.45536549903892,6.51682249101249,6.49699209769932,6.42553901431818
1865,Oracle,1340,5,Additive0.015,335000,250,25,6.54755316510381,6.54906411300977,6.57755316510381,,6.54259705446659,6.4547688396948,6.51563320734537,6.49656648567843,6.42615481580296
1865,Oracle Vector,1340,5,Additive0.015,5022320,4522,39,6.54393299043743,6.54906411300977,6.57393299043743,,6.54259705446659,6.4547688396948,6.51563320734537,6.49656648567843,6.42615481580296
1865,Value,1340,5,Additive0.015,1384671,7048,103,6.53667174848643,6.54906411300977,6.56667174848643,,6.54259705446659,6.4547688396948,6.51563320734537,6.49656648567843,6.42615481580296
1865,Vector,1340,5,Additive0.015,6097000,5457,51,6.54239380745077,6.54906411300977,6.57239380745077,,6.54259705446659,6.4547688396948,6.51563320734537,6.49656648567843,6.42615481580296
1865,Dist L1,1340,5,Additive0.015,1438195,7020,107,6.53667174848643,6.54906411300977,6.56667174848643,,6.54259705446659,6.4547688396948,6.51563320734537,6.49656648567843,6.42615481580296
1866,Oracle,1340,5,Additive0.015,335000,250,25,6.54755316510381,6.54823187998526,6.57755316510381,,6.54168664359462,6.45454538012849,6.51436672966455,6.49594349197437,6.42534803397319
1866,Oracle Vector,1340,5,Additive0.015,5027680,4527,39,6.54393299043743,6.54823187998526,6.57393299043743,,6.54168664359462,6.45454538012849,6.51436672966455,6.49594349197437,6.42534803397318
1866,Vector,1340,5,Additive0.015,6097000,5457,51,6.54239380745077,6.54823187998526,6.57239380745077,,6.54168664359462,6.45454538012849,6.51436672966455,6.49594349197437,6.42534803397318
1866,Value,1340,5,Additive0.015,1384677,7055,103,6.53667174848643,6.54823187998526,6.56667174848643,,6.54168664359462,6.45454538012849,6.51436672966455,6.49594349197437,6.42534803397318
1866,Dist L1,1340,5,Additive0.015,1438203,7029,107,6.53667174848643,6.54823187998526,6.56667174848643,,6.54168664359462,6.45454538012849,6.51436672966455,6.49594349197437,6.42534803397318
1867,Oracle,1340,5,Additive0.015,348400,260,26,6.53247826205652,6.54747826205652,6.56247826205652,,6.54098409489723,6.45433158829357,6.51326964915159,6.4950322127149,6.42469436078973
1867,Oracle Vector,1340,5,Additive0.015,5027680,4527,39,6.54393299043743,6.54747826205652,6.57393299043743,,6.54098409489723,6.45433158829356,6.51326964915159,6.4950322127149,6.42469436078973
1867,Value,1340,5,Additive0.015,1384677,7055,103,6.53667174848643,6.54747826205653,6.56667174848643,,6.54098409489723,6.45433158829356,6.51326964915159,6.4950322127149,6.42469436078973
1867,Vector,1340,5,Additive0.015,6107720,5466,51,6.54239380745077,6.54747826205653,6.57239380745077,,6.54098409489723,6.45433158829356,6.51326964915159,6.4950322127149,6.42469436078973
1867,Dist L1,1340,5,Additive0.015,1438203,7029,107,6.53667174848643,6.54747826205653,6.56667174848643,,6.54098409489723,6.45433158829356,6.51326964915159,6.4950322127149,6.42469436078973
1868,Oracle,1340,5,Additive0.015,348400,260,26,6.53247826205652,6.54639000801763,6.56247826205652,,6.54016205488018,6.45370747548735,6.51233703262974,6.49315810292577,6.42362714147327
1868,Oracle Vector,1340,5,Additive0.015,5038400,4536,39,6.54393299043743,6.54639000801763,6.57393299043743,,6.54016205488018,6.45370747548735,6.51233703262974,6.49315810292577,6.42362714147327
1868,Vector,1340,5,Additive0.015,6121120,5476,52,6.53139000801763,6.54639000801763,6.56139000801763,,6.54016205488018,6.45370747548735,6.51233703262974,6.49315810292577,6.42362714147327
1868,Value,1340,5,Additive0.015,1398082,7076,104,6.53139000801763,6.54639000801763,6.56139000801763,,6.54016205488018,6.45370747548735,6.51233703262974,6.49315810292577,6.42362714147327
1868,Dist L1,1340,5,Additive0.015,1451608,7051,108,6.53139000801763,6.54639000801763,6.56139000801763,,6.54016205488018,6.45370747548735,6.51233703262974,6.49315810292577,6.42362714147327
1869,Oracle,1340,5,Additive0.015,348400,260,26,6.53247826205652,6.54584094106185,6.56247826205652,,6.53944134023327,6.45327767036537,6.51174983549148,6.49247714299996,6.42373264038336
1869,Oracle Vector,1340,5,Additive0.015,5043760,4541,39,6.54393299043743,6.54584094106185,6.57393299043743,,6.53944134023327,6.45327767036537,6.51174983549148,6.49247714299997,6.42373264038336
1869,Vector,1340,5,Additive0.015,6121120,5476,52,6.53139000801763,6.54584094106185,6.56139000801763,,6.53944134023327,6.45327767036537,6.51174983549148,6.49247714299996,6.42373264038336
1869,Value,1340,5,Additive0.015,1398082,7076,104,6.53139000801763,6.54584094106185,6.56139000801763,,6.53944134023327,6.45327767036537,6.51174983549148,6.49247714299996,6.42373264038336
1869,Dist L1,1340,5,Additive0.015,1451608,7051,108,6.53139000801763,6.54584094106185,6.56139000801763,,6.53944134023327,6.45327767036537,6.51174983549148,6.49247714299996,6.42373264038336
1870,Oracle,1340,5,Additive0.015,348400,260,26,6.53247826205652,6.54562737129804,6.56247826205652,,6.539051188106,6.45278474589599,6.51163347069994,6.49242249546781,6.42368314102105
1870,Oracle Vector,1340,5,Additive0.015,5043760,4541,39,6.54393299043743,6.54562737129804,6.57393299043743,,6.539051188106,6.45278474589599,6.51163347069994,6.49242249546781,6.42368314102105
1870,Value,1340,5,Additive0.015,1398082,7076,104,6.53139000801763,6.54562737129804,6.56139000801763,,6.539051188106,6.45278474589599,6.51163347069994,6.49242249546781,6.42368314102105
1870,Vector,1340,5,Additive0.015,6121120,5476,52,6.53139000801763,6.54562737129804,6.56139000801763,,6.539051188106,6.45278474589598,6.51163347069994,6.49242249546781,6.42368314102105
1870,Dist L1,1340,5,Additive0.015,1451608,7051,108,6.53139000801763,6.54562737129804,6.56139000801763,,6.539051188106,6.45278474589598,6.51163347069994,6.49242249546781,6.42368314102105
1871,Oracle,1340,5,Additive0.015,348400,260,26,6.53247826205652,6.5455335230479,6.56247826205652,,6.53808964468627,6.45262510498705,6.51206208408674,6.49263850667659,6.42398685929526
1871,Value,1340,5,Additive0.015,1398082,7076,104,6.53139000801763,6.5455335230479,6.56139000801763,,6.53808964468627,6.45262510498705,6.51206208408674,6.49263850667659,6.42398685929526
1871,Oracle Vector,1340,5,Additive0.015,5051800,4548,39,6.54393299043743,6.5455335230479,6.57393299043743,,6.53808964468627,6.45262510498705,6.51206208408674,6.49263850667659,6.42398685929526
1871,Vector,1340,5,Additive0.015,6121120,5476,52,6.53139000801763,6.5455335230479,6.56139000801763,,6.53808964468627,6.45262510498705,6.51206208408674,6.49263850667659,6.42398685929526
1871,Dist L1,1340,5,Additive0.015,1451608,7051,108,6.53139000801763,6.5455335230479,6.56139000801763,,6.53808964468627,6.45262510498705,6.51206208408674,6.49263850667659,6.42398685929526
1872,Oracle,1340,5,Additive0.015,348400,260,26,6.53247826205652,6.54522438704404,6.56247826205652,,6.53710330125906,6.45271672702986,6.5122055527334,6.4920869005873,6.42422457053492
1872,Oracle Vector,1340,5,Additive0.015,5062520,4557,39,6.54393299043743,6.54522438704404,6.57393299043743,,6.53710330125906,6.45271672702986,6.51220555273339,6.4920869005873,6.42422457053492
1872,Value,1340,5,Additive0.015,1398082,7076,104,6.53139000801763,6.54522438704404,6.56139000801763,,6.53710330125906,6.45271672702986,6.51220555273339,6.4920869005873,6.42422457053492
1872,Vector,1340,5,Additive0.015,6121120,5476,52,6.53139000801763,6.54522438704404,6.56139000801763,,6.53710330125906,6.45271672702985,6.51220555273339,6.4920869005873,6.42422457053492
1872,Dist L1,1340,5,Additive0.015,1451608,7051,108,6.53139000801763,6.54522438704404,6.56139000801763,,6.53710330125906,6.45271672702985,6.51220555273339,6.4920869005873,6.42422457053492
1873,Oracle,1340,5,Additive0.015,348400,260,26,6.53247826205652,6.5442770897606,6.56247826205652,,6.53568924664964,6.45211708975077,6.51205146817646,6.4904345883024,6.42477600497992
1873,Vector,1340,5,Additive0.015,6121120,5476,52,6.53139000801763,6.5442770897606,6.56139000801763,,6.53568924664964,6.45211708975077,6.51205146817646,6.4904345883024,6.42477600497992
1873,Value,1340,5,Additive0.015,1398082,7076,104,6.53139000801763,6.5442770897606,6.56139000801763,,6.53568924664964,6.45211708975077,6.51205146817646,6.4904345883024,6.42477600497992
1873,Oracle Vector,1340,5,Additive0.015,5075920,4570,39,6.54393299043743,6.5442770897606,6.57393299043743,,6.53568924664964,6.45211708975077,6.51205146817646,6.4904345883024,6.42477600497992
1873,Dist L1,1340,5,Additive0.015,1451608,7051,108,6.53139000801763,6.5442770897606,6.56139000801763,,6.53568924664964,6.45211708975077,6.51205146817646,6.4904345883024,6.42477600497992
1874,Oracle,1340,5,Additive0.015,348400,260,26,6.53247826205652,6.54392694558548,6.56247826205652,,6.53464507908565,6.45229706996835,6.51290215269606,6.48963223943175,6.42464007758952
1874,Vector,1340,5,Additive0.015,6121120,5476,52,6.53139000801763,6.54392694558548,6.56139000801763,,6.53464507908566,6.45229706996835,6.51290215269606,6.48963223943175,6.42464007758952
1874,Value,1340,5,Additive0.015,1398082,7076,104,6.53139000801763,6.54392694558548,6.56139000801763,,6.53464507908566,6.45229706996835,6.51290215269606,6.48963223943175,6.42464007758952
1874,Oracle Vector,1340,5,Additive0.015,5089320,4582,40,6.52892694558548,6.54392694558548,6.55892694558548,,6.53464507908566,6.45229706996835,6.51290215269606,6.48963223943175,6.42464007758952
1874,Dist L1,1340,5,Additive0.015,1451608,7051,108,6.53139000801763,6.54392694558548,6.56139000801763,,6.53464507908566,6.45229706996835,6.51290215269606,6.48963223943175,6.42464007758952
1875,Oracle,1340,5,Additive0.015,348400,260,26,6.53247826205652,6.5444659149353,6.56247826205652,,6.53433439843224,6.45326332271683,6.51407930908203,6.48960499317397,6.42622417139545
1875,Oracle Vector,1340,5,Additive0.015,5089320,4582,40,6.52892694558548,6.5444659149353,6.55892694558548,,6.53433439843224,6.45326332271683,6.51407930908203,6.48960499317397,6.42622417139545
1875,Value,1340,5,Additive0.015,1398082,7076,104,6.53139000801763,6.5444659149353,6.56139000801763,,6.53433439843224,6.45326332271683,6.51407930908203,6.48960499317397,6.42622417139545
1875,Vector,1340,5,Additive0.015,6121120,5476,52,6.53139000801763,6.5444659149353,6.56139000801763,,6.53433439843224,6.45326332271683,6.51407930908203,6.48960499317397,6.42622417139545
1875,Dist L1,1340,5,Additive0.015,1451608,7051,108,6.53139000801763,6.5444659149353,6.56139000801763,,6.53433439843224,6.45326332271683,6.51407930908203,6.48960499317397,6.42622417139545
1876,Oracle,1340,5,Additive0.015,348400,260,26,6.53247826205652,6.54372721212934,6.56247826205652,,6.53306270851268,6.4532242832837,6.51433890094963,6.48834807198223,6.42584867731092
1876,Oracle Vector,1340,5,Additive0.015,5089320,4582,40,6.52892694558548,6.54372721212934,6.55892694558548,,6.53306270851267,6.4532242832837,6.51433890094963,6.48834807198223,6.42584867731092
1876,Value,1340,5,Additive0.015,1398086,7081,104,6.53139000801763,6.54372721212934,6.56139000801763,,6.53306270851268,6.4532242832837,6.51433890094963,6.48834807198223,6.42584867731092
1876,Vector,1340,5,Additive0.015,6126480,5481,52,6.53139000801763,6.54372721212934,6.56139000801763,,6.53306270851267,6.4532242832837,6.51433890094963,6.48834807198223,6.42584867731092
1876,Dist L1,1340,5,Additive0.015,1451612,7056,108,6.53139000801763,6.54372721212934,6.56139000801763,,6.53306270851267,6.4532242832837,6.51433890094963,6.48834807198223,6.42584867731092
1877,Oracle,1340,5,Additive0.015,348400,260,26,6.53247826205652,6.54267579392161,6.56247826205652,,6.53201386078468,6.45224304331225,6.51381061123924,6.48628488308184,6.42359192091812
1877,Oracle Vector,1340,5,Additive0.015,5089320,4582,40,6.52892694558548,6.54267579392161,6.55892694558548,,6.53201386078468,6.45224304331225,6.51381061123924,6.48628488308184,6.42359192091812
1877,Value,1340,5,Additive0.015,1398090,7086,104,6.53139000801763,6.54267579392161,6.56139000801763,,6.53201386078468,6.45224304331225,6.51381061123924,6.48628488308183,6.42359192091812
1877,Vector,1340,5,Additive0.015,6131840,5486,52,6.53139000801763,6.54267579392161,6.56139000801763,,6.53201386078468,6.45224304331225,6.51381061123924,6.48628488308184,6.42359192091812
1877,Dist L1,1340,5,Additive0.015,1451616,7061,108,6.53139000801763,6.54267579392161,6.56139000801763,,6.53201386078468,6.45224304331225,6.51381061123924,6.48628488308183,6.42359192091812
1878,Oracle,1340,5,Additive0.015,348400,260,26,6.53247826205652,6.54132556889056,6.56247826205652,,6.52902008487691,6.45187668313593,6.51238567803351,6.48467607452176,6.42268871798033
1878,Oracle Vector,1340,5,Additive0.015,5089320,4582,40,6.52892694558548,6.54132556889056,6.55892694558548,,6.52902008487691,6.45187668313593,6.51238567803351,6.48467607452176,6.42268871798033
1878,Value,1340,5,Additive0.015,1398096,7094,104,6.53139000801763,6.54132556889056,6.56139000801763,,6.52902008487691,6.45187668313593,6.51238567803351,6.48467607452176,6.42268871798033
1878,Vector,1340,5,Additive0.015,6139880,5493,52,6.53139000801763,6.54132556889056,6.56139000801763,,6.52902008487691,6.45187668313593,6.51238567803351,6.48467607452176,6.42268871798033
1878,Dist L1,1340,5,Additive0.015,1451624,7071,108,6.53139000801763,6.54132556889056,6.56139000801763,,6.52902008487691,6.45187668313593,6.51238567803351,6.48467607452176,6.42268871798033
1879,Oracle,1340,5,Additive0.015,348400,260,26,6.53247826205652,6.54117303031459,6.56247826205652,,6.52730195097134,6.45158578217396,6.51292649775947,6.48384200892605,6.42234771929533
1879,Oracle Vector,1340,5,Additive0.015,5089320,4582,40,6.52892694558548,6.54117303031459,6.55892694558548,,6.52730195097134,6.45158578217396,6.51292649775947,6.48384200892605,6.42234771929533
1879,Value,1340,5,Additive0.015,1398100,7099,104,6.53139000801763,6.54117303031459,6.56139000801763,,6.52730195097134,6.45158578217395,6.51292649775947,6.48384200892605,6.42234771929533
1879,Vector,1340,5,Additive0.015,6139880,5493,52,6.53139000801763,6.54117303031459,6.56139000801763,,6.52730195097134,6.45158578217395,6.51292649775947,6.48384200892605,6.42234771929533
1879,Dist L1,1340,5,Additive0.015,1451634,7083,108,6.53139000801763,6.54117303031459,6.56139000801763,,6.52730195097134,6.45158578217395,6.51292649775947,6.48384200892605,6.42234771929533
1880,Oracle,1340,5,Additive0.015,348400,260,26,6.53247826205652,6.54117163841991,6.56247826205652,,6.52635373741582,6.45172192014279,6.51341317235348,6.48260415408888,6.42251587247462
1880,Oracle Vector,1340,5,Additive0.015,5089320,4582,40,6.52892694558548,6.54117163841991,6.55892694558548,,6.52635373741582,6.45172192014279,6.51341317235348,6.48260415408889,6.42251587247462
1880,Value,1340,5,Additive0.015,1398108,7108,104,6.53139000801763,6.54117163841991,6.56139000801763,,6.52635373741582,6.45172192014279,6.51341317235348,6.48260415408889,6.42251587247462
1880,Vector,1340,5,Additive0.015,6145240,5498,52,6.53139000801763,6.54117163841991,6.56139000801763,,6.52635373741582,6.45172192014279,6.51341317235348,6.48260415408889,6.42251587247462
1880,Dist L1,1340,5,Additive0.015,1451640,7091,108,6.53139000801763,6.54117163841991,6.56139000801763,,6.52635373741582,6.45172192014279,6.51341317235348,6.48260415408889,6.42251587247462
1881,Oracle,1340,5,Additive0.015,348400,260,26,6.53247826205652,6.54122553028788,6.56247826205652,,6.5252575307854,6.45110433085588,6.51428156491273,6.48223417463307,6.4235981954208
1881,Oracle Vector,1340,5,Additive0.015,5089320,4582,40,6.52892694558548,6.54122553028788,6.55892694558548,,6.5252575307854,6.45110433085588,6.51428156491272,6.48223417463308,6.42359819542081
1881,Vector,1340,5,Additive0.015,6145240,5498,52,6.53139000801763,6.54122553028788,6.56139000801763,,6.5252575307854,6.45110433085588,6.51428156491272,6.48223417463307,6.4235981954208
1881,Value,1340,5,Additive0.015,1398118,7120,104,6.53139000801763,6.54122553028788,6.56139000801763,,6.5252575307854,6.45110433085588,6.51428156491272,6.48223417463308,6.4235981954208
1881,Dist L1,1340,5,Additive0.015,1451650,7102,108,6.53139000801763,6.54122553028788,6.56139000801763,,6.52525753078539,6.45110433085588,6.51428156491273,6.48223417463307,6.4235981954208
1882,Oracle,1340,5,Additive0.015,348400,260,26,6.53247826205652,6.54099558662597,6.56247826205652,,6.52475164446109,6.44979916120711,6.51460399561105,6.48117174113357,6.4240328631041
1882,Oracle Vector,1340,5,Additive0.015,5089320,4582,40,6.52892694558548,6.54099558662597,6.55892694558548,,6.52475164446109,6.44979916120711,6.51460399561105,6.48117174113357,6.4240328631041
1882,Vector,1340,5,Additive0.015,6145240,5498,52,6.53139000801763,6.54099558662597,6.56139000801763,,6.52475164446109,6.44979916120711,6.51460399561105,6.48117174113357,6.4240328631041
1882,Value,1340,5,Additive0.015,1411523,7142,105,6.52599558662597,6.54099558662597,6.55599558662597,,6.52475164446109,6.44979916120711,6.51460399561105,6.48117174113357,6.4240328631041
1882,Dist L1,1340,5,Additive0.015,1465055,7123,109,6.52599558662597,6.54099558662597,6.55599558662597,,6.52475164446109,6.44979916120711,6.51460399561105,6.48117174113357,6.4240328631041
1883,Oracle,1340,5,Additive0.015,348400,260,26,6.53247826205652,6.53922027242885,6.56247826205652,,6.52102130274316,6.44616301415252,6.51363249276665,6.47936418580607,6.42413839699155
1883,Oracle Vector,1340,5,Additive0.015,5089320,4582,40,6.52892694558548,6.53922027242885,6.55892694558548,,6.52102130274316,6.44616301415252,6.51363249276665,6.47936418580607,6.42413839699155
1883,Value,1340,5,Additive0.015,1411523,7142,105,6.52599558662597,6.53922027242885,6.55599558662597,,6.52102130274316,6.44616301415252,6.51363249276665,6.47936418580607,6.42413839699155
1883,Vector,1340,5,Additive0.015,6155960,5507,52,6.53139000801763,6.53922027242885,6.56139000801763,,6.52102130274316,6.44616301415252,6.51363249276665,6.47936418580607,6.42413839699155
1883,Dist L1,1340,5,Additive0.015,1465055,7123,109,6.52599558662597,6.53922027242885,6.55599558662597,,6.52102130274316,6.44616301415252,6.51363249276665,6.47936418580607,6.42413839699155
1884,Oracle,1340,5,Additive0.015,348400,260,26,6.53247826205652,6.53893424184246,6.56247826205652,,6.52054708832053,6.44519112767033,6.51407700160044,6.47860795194563,6.42447736550718
1884,Vector,1340,5,Additive0.015,6155960,5507,52,6.53139000801763,6.53893424184246,6.56139000801763,,6.52054708832053,6.44519112767034,6.51407700160044,6.47860795194563,6.42447736550718
1884,Oracle Vector,1340,5,Additive0.015,5094680,4587,40,6.52892694558548,6.53893424184246,6.55892694558548,,6.52054708832053,6.44519112767034,6.51407700160044,6.47860795194563,6.42447736550718
1884,Value,1340,5,Additive0.015,1411523,7142,105,6.52599558662597,6.53893424184246,6.55599558662597,,6.52054708832053,6.44519112767034,6.51407700160044,6.47860795194563,6.42447736550718
1884,Dist L1,1340,5,Additive0.015,1465055,7123,109,6.52599558662597,6.53893424184246,6.55599558662597,,6.52054708832053,6.44519112767034,6.51407700160044,6.47860795194563,6.42447736550718
1885,Oracle,1340,5,Additive0.015,348400,260,26,6.53247826205652,6.53868028281503,6.56247826205652,,6.51997622123501,6.4437927131762,6.51453338521049,6.47789827213856,6.42501967790676
1885,Oracle Vector,1340,5,Additive0.015,5094680,4587,40,6.52892694558548,6.53868028281503,6.55892694558548,,6.51997622123501,6.4437927131762,6.51453338521049,6.47789827213856,6.42501967790676
1885,Vector,1340,5,Additive0.015,6161320,5512,52,6.53139000801763,6.53868028281503,6.56139000801763,,6.51997622123501,6.4437927131762,6.51453338521048,6.47789827213856,6.42501967790676
1885,Value,1340,5,Additive0.015,1411523,7142,105,6.52599558662597,6.53868028281503,6.55599558662597,,6.51997622123501,6.4437927131762,6.51453338521049,6.47789827213856,6.42501967790676
1885,Dist L1,1340,5,Additive0.015,1465055,7123,109,6.52599558662597,6.53868028281503,6.55599558662597,,6.51997622123501,6.4437927131762,6.51453338521049,6.47789827213856,6.42501967790676
1886,Oracle,1340,5,Additive0.015,348400,260,26,6.53247826205652,6.53831369867787,6.56247826205652,,6.5199873447224,6.44289314766086,6.51501736747972,6.47631060804703,6.42467419675532
1886,Oracle Vector,1340,5,Additive0.015,5094680,4587,40,6.52892694558548,6.53831369867787,6.55892694558548,,6.5199873447224,6.44289314766086,6.51501736747973,6.47631060804703,6.42467419675532
1886,Value,1340,5,Additive0.015,1411523,7142,105,6.52599558662597,6.53831369867787,6.55599558662597,,6.5199873447224,6.44289314766086,6.51501736747973,6.47631060804703,6.42467419675532
1886,Vector,1340,5,Additive0.015,6166680,5517,52,6.53139000801763,6.53831369867787,6.56139000801763,,6.5199873447224,6.44289314766086,6.51501736747973,6.47631060804703,6.42467419675532
1886,Dist L1,1340,5,Additive0.015,1465055,7123,109,6.52599558662597,6.53831369867787,6.55599558662597,,6.5199873447224,6.44289314766086,6.51501736747973,6.47631060804703,6.42467419675532
1887,Oracle,1340,5,Additive0.015,348400,260,26,6.53247826205652,6.53808015124196,6.56247826205652,,6.51917060648521,6.44194777627065,6.51512819952105,6.47576073926075,6.42547359698236
1887,Oracle Vector,1340,5,Additive0.015,5100040,4592,40,6.52892694558548,6.53808015124196,6.55892694558548,,6.51917060648522,6.44194777627065,6.51512819952105,6.47576073926075,6.42547359698236
1887,Value,1340,5,Additive0.015,1411523,7142,105,6.52599558662597,6.53808015124196,6.55599558662597,,6.51917060648522,6.44194777627065,6.51512819952105,6.47576073926075,6.42547359698236
1887,Vector,1340,5,Additive0.015,6174720,5524,52,6.53139000801763,6.53808015124196,6.56139000801763,,6.51917060648522,6.44194777627065,6.51512819952105,6.47576073926075,6.42547359698236
1887,Dist L1,1340,5,Additive0.015,1465055,7123,109,6.52599558662597,6.53808015124196,6.55599558662597,,6.51917060648522,6.44194777627065,6.51512819952105,6.47576073926075,6.42547359698236
1888,Oracle,1340,5,Additive0.015,348400,260,26,6.53247826205652,6.53798768305107,6.56247826205652,,6.51927512249727,6.440542994074,6.51583375038999,6.47517311824254,6.42598908094255
1888,Oracle Vector,1340,5,Additive0.015,5100040,4592,40,6.52892694558548,6.53798768305107,6.55892694558548,,6.51927512249727,6.440542994074,6.51583375039,6.47517311824254,6.42598908094255
1888,Value,1340,5,Additive0.015,1411523,7142,105,6.52599558662597,6.53798768305107,6.55599558662597,,6.51927512249727,6.440542994074,6.51583375039,6.47517311824254,6.42598908094255
1888,Vector,1340,5,Additive0.015,6180080,5529,52,6.53139000801763,6.53798768305107,6.56139000801763,,6.51927512249727,6.440542994074,6.51583375039,6.47517311824254,6.42598908094255
1888,Dist L1,1340,5,Additive0.015,1465055,7123,109,6.52599558662597,6.53798768305107,6.55599558662597,,6.51927512249727,6.440542994074,6.51583375039,6.47517311824254,6.42598908094255
1889,Oracle,1340,5,Additive0.015,348400,260,26,6.53247826205652,6.53822795094427,6.56247826205652,,6.5197965361339,6.44020588568815,6.51638021302823,6.47551225490518,6.42666659342209
1889,Oracle Vector,1340,5,Additive0.015,5100040,4592,40,6.52892694558548,6.53822795094427,6.55892694558548,,6.51979653613391,6.44020588568815,6.51638021302823,6.47551225490518,6.42666659342209
1889,Value,1340,5,Additive0.015,1411523,7142,105,6.52599558662597,6.53822795094427,6.55599558662597,,6.5197965361339,6.44020588568815,6.51638021302823,6.47551225490518,6.42666659342209
1889,Vector,1340,5,Additive0.015,6180080,5529,52,6.53139000801763,6.53822795094427,6.56139000801763,,6.5197965361339,6.44020588568815,6.51638021302823,6.47551225490518,6.42666659342209
1889,Dist L1,1340,5,Additive0.015,1465055,7123,109,6.52599558662597,6.53822795094427,6.55599558662597,,6.5197965361339,6.44020588568815,6.51638021302823,6.47551225490518,6.42666659342209
1890,Oracle,1340,5,Additive0.015,348400,260,26,6.53247826205652,6.53862457295642,6.56247826205652,,6.51974939420332,6.43994007060725,6.51742238529794,6.47605568704323,6.42784679784712
1890,Oracle Vector,1340,5,Additive0.015,5105400,4597,40,6.52892694558548,6.53862457295643,6.55892694558548,,6.51974939420332,6.43994007060725,6.51742238529794,6.47605568704323,6.42784679784712
1890,Value,1340,5,Additive0.015,1411523,7142,105,6.52599558662597,6.53862457295643,6.55599558662597,,6.51974939420332,6.43994007060725,6.51742238529794,6.47605568704323,6.42784679784712
1890,Vector,1340,5,Additive0.015,6180080,5529,52,6.53139000801763,6.53862457295643,6.56139000801763,,6.51974939420332,6.43994007060725,6.51742238529794,6.47605568704323,6.42784679784712
1890,Dist L1,1340,5,Additive0.015,1465055,7123,109,6.52599558662597,6.53862457295643,6.55599558662597,,6.51974939420332,6.43994007060725,6.51742238529794,6.47605568704323,6.42784679784712
1891,Oracle,1340,5,Additive0.015,348400,260,26,6.53247826205652,6.54009109845602,6.56247826205652,,6.52031666829186,6.44105304048264,6.51953365185128,6.47714747253819,6.42896742932439
1891,Oracle Vector,1340,5,Additive0.015,5105400,4597,40,6.52892694558548,6.54009109845602,6.55892694558548,,6.52031666829186,6.44105304048264,6.51953365185128,6.47714747253819,6.42896742932439
1891,Value,1340,5,Additive0.015,1411523,7142,105,6.52599558662597,6.54009109845602,6.55599558662597,,6.52031666829186,6.44105304048264,6.51953365185128,6.47714747253819,6.42896742932439
1891,Vector,1340,5,Additive0.015,6185440,5534,52,6.53139000801763,6.54009109845602,6.56139000801763,,6.52031666829186,6.44105304048264,6.51953365185128,6.47714747253819,6.42896742932439
1891,Dist L1,1340,5,Additive0.015,1465055,7123,109,6.52599558662597,6.54009109845602,6.55599558662597,,6.52031666829186,6.44105304048264,6.51953365185128,6.47714747253819,6.42896742932439
1892,Oracle,1340,5,Additive0.015,348400,260,26,6.53247826205652,6.53990421291231,6.56247826205652,,6.51946047672983,6.44198538622548,6.5195054557495,6.47678124142788,6.42827745391732
1892,Oracle Vector,1340,5,Additive0.015,5105400,4597,40,6.52892694558548,6.53990421291231,6.55892694558548,,6.51946047672984,6.44198538622548,6.5195054557495,6.47678124142788,6.42827745391732
1892,Vector,1340,5,Additive0.015,6185440,5534,52,6.53139000801763,6.53990421291231,6.56139000801763,,6.51946047672983,6.44198538622548,6.5195054557495,6.47678124142788,6.42827745391732
1892,Value,1340,5,Additive0.015,1411527,7147,105,6.52599558662597,6.53990421291231,6.55599558662597,,6.51946047672984,6.44198538622548,6.5195054557495,6.47678124142788,6.42827745391732
1892,Dist L1,1340,5,Additive0.015,1465059,7128,109,6.52599558662597,6.53990421291231,6.55599558662597,,6.51946047672984,6.44198538622548,6.5195054557495,6.47678124142788,6.42827745391732
1893,Oracle,1340,5,Additive0.015,348400,260,26,6.53247826205652,6.54029381401004,6.56247826205652,,6.51960678199276,6.44288301236193,6.51999616979667,6.47725263810448,6.42790398966901
1893,Oracle Vector,1340,5,Additive0.015,5105400,4597,40,6.52892694558548,6.54029381401004,6.55892694558548,,6.51960678199276,6.44288301236193,6.51999616979667,6.47725263810448,6.42790398966901
1893,Vector,1340,5,Additive0.015,6185440,5534,52,6.53139000801763,6.54029381401004,6.56139000801763,,6.51960678199276,6.44288301236193,6.51999616979667,6.47725263810448,6.42790398966901
1893,Value,1340,5,Additive0.015,1411527,7147,105,6.52599558662597,6.54029381401004,6.55599558662597,,6.51960678199276,6.44288301236193,6.51999616979667,6.47725263810448,6.42790398966901
1893,Dist L1,1340,5,Additive0.015,1465059,7128,109,6.52599558662597,6.54029381401004,6.55599558662597,,6.51960678199276,6.44288301236193,6.51999616979667,6.47725263810448,6.42790398966901
1894,Oracle,1340,5,Additive0.015,348400,260,26,6.53247826205652,6.54055215480062,6.56247826205652,,6.51922081475647,6.44308800542206,6.52064631959273,6.47744253166879,6.42823457483218
1894,Oracle Vector,1340,5,Additive0.015,5105400,4597,40,6.52892694558548,6.54055215480062,6.55892694558548,,6.51922081475647,6.44308800542206,6.52064631959274,6.47744253166879,6.42823457483218
1894,Value,1340,5,Additive0.015,1411527,7147,105,6.52599558662597,6.54055215480063,6.55599558662597,,6.51922081475647,6.44308800542206,6.52064631959274,6.47744253166879,6.42823457483218
1894,Vector,1340,5,Additive0.015,6185440,5534,52,6.53139000801763,6.54055215480063,6.56139000801763,,6.51922081475647,6.44308800542206,6.52064631959274,6.47744253166879,6.42823457483218
1894,Dist L1,1340,5,Additive0.015,1465063,7133,109,6.52599558662597,6.54055215480062,6.55599558662597,,6.51922081475647,6.44308800542206,6.52064631959274,6.47744253166879,6.42823457483218
1895,Oracle,1340,5,Additive0.015,348400,260,26,6.53247826205652,6.54040139792876,6.56247826205652,,6.51856403835675,6.44321912142308,6.52130930585778,6.47785458157387,6.426731532402
1895,Oracle Vector,1340,5,Additive0.015,5105400,4597,40,6.52892694558548,6.54040139792877,6.55892694558548,,6.51856403835675,6.44321912142308,6.52130930585778,6.47785458157387,6.426731532402
1895,Value,1340,5,Additive0.015,1411531,7152,105,6.52599558662597,6.54040139792876,6.55599558662597,,6.51856403835675,6.44321912142308,6.52130930585778,6.47785458157387,6.42673153240199
1895,Vector,1340,5,Additive0.015,6190800,5539,52,6.53139000801763,6.54040139792876,6.56139000801763,,6.51856403835675,6.44321912142308,6.52130930585778,6.47785458157387,6.426731532402
1895,Dist L1,1340,5,Additive0.015,1465063,7133,109,6.52599558662597,6.54040139792876,6.55599558662597,,6.51856403835675,6.44321912142308,6.52130930585778,6.47785458157387,6.42673153240199
1896,Oracle,1340,5,Additive0.015,348400,260,26,6.53247826205652,6.54045041330623,6.56247826205652,,6.5183095358345,6.44363629435631,6.52215492150522,6.4780501853772,6.42576041541471
1896,Oracle Vector,1340,5,Additive0.015,5105400,4597,40,6.52892694558548,6.54045041330623,6.55892694558548,,6.5183095358345,6.44363629435631,6.52215492150522,6.4780501853772,6.42576041541471
1896,Value,1340,5,Additive0.015,1411531,7152,105,6.52599558662597,6.54045041330623,6.55599558662597,,6.5183095358345,6.44363629435631,6.52215492150522,6.4780501853772,6.42576041541471
1896,Vector,1340,5,Additive0.015,6196160,5544,52,6.53139000801763,6.54045041330623,6.56139000801763,,6.5183095358345,6.44363629435631,6.52215492150522,6.4780501853772,6.42576041541471
1896,Dist L1,1340,5,Additive0.015,1465063,7133,109,6.52599558662597,6.54045041330623,6.55599558662597,,6.5183095358345,6.44363629435631,6.52215492150522,6.4780501853772,6.42576041541471
1897,Oracle,1340,5,Additive0.015,348400,260,26,6.53247826205652,6.54064595640279,6.56247826205652,,6.51910727861665,6.444161043549,6.52315905678777,6.47843977483529,6.42462168243576
1897,Oracle Vector,1340,5,Additive0.015,5110760,4602,40,6.52892694558548,6.54064595640279,6.55892694558548,,6.51910727861665,6.444161043549,6.52315905678777,6.47843977483529,6.42462168243576
1897,Vector,1340,5,Additive0.015,6196160,5544,52,6.53139000801763,6.54064595640279,6.56139000801763,,6.51910727861665,6.444161043549,6.52315905678777,6.47843977483529,6.42462168243576
1897,Value,1340,5,Additive0.015,1411535,7157,105,6.52599558662597,6.54064595640279,6.55599558662597,,6.51910727861665,6.444161043549,6.52315905678777,6.47843977483529,6.42462168243575
1897,Dist L1,1340,5,Additive0.015,1465067,7138,109,6.52599558662597,6.54064595640279,6.55599558662597,,6.51910727861665,6.444161043549,6.52315905678777,6.47843977483529,6.42462168243575
1898,Oracle,1340,5,Additive0.015,348400,260,26,6.53247826205652,6.54103173870882,6.56247826205652,,6.51885746233283,6.44456342798907,6.52386313688337,6.47915304632331,6.4230654545786
1898,Oracle Vector,1340,5,Additive0.015,5110760,4602,40,6.52892694558548,6.54103173870882,6.55892694558548,,6.51885746233284,6.44456342798907,6.52386313688337,6.47915304632331,6.4230654545786
1898,Vector,1340,5,Additive0.015,6196160,5544,52,6.53139000801763,6.54103173870882,6.56139000801763,,6.51885746233284,6.44456342798907,6.52386313688337,6.47915304632331,6.4230654545786
1898,Value,1340,5,Additive0.015,1411539,7162,105,6.52599558662597,6.54103173870882,6.55599558662597,,6.51885746233284,6.44456342798907,6.52386313688337,6.47915304632331,6.4230654545786
1898,Dist L1,1340,5,Additive0.015,1465071,7143,109,6.52599558662597,6.54103173870882,6.55599558662597,,6.51885746233284,6.44456342798907,6.52386313688337,6.47915304632331,6.4230654545786
1899,Oracle,1340,5,Additive0.015,348400,260,26,6.53247826205652,6.54099664818856,6.56247826205652,,6.51858600199836,6.44472075179489,6.5241664827233,6.47919518005528,6.422489844216
1899,Oracle Vector,1340,5,Additive0.015,5116120,4607,40,6.52892694558548,6.54099664818856,6.55892694558548,,6.51858600199836,6.44472075179489,6.5241664827233,6.47919518005528,6.422489844216
1899,Vector,1340,5,Additive0.015,6196160,5544,52,6.53139000801763,6.54099664818856,6.56139000801763,,6.51858600199836,6.44472075179489,6.5241664827233,6.47919518005528,6.422489844216
1899,Value,1340,5,Additive0.015,1411543,7167,105,6.52599558662597,6.54099664818856,6.55599558662597,,6.51858600199836,6.44472075179489,6.5241664827233,6.47919518005528,6.422489844216
1899,Dist L1,1340,5,Additive0.015,1465071,7143,109,6.52599558662597,6.54099664818856,6.55599558662597,,6.51858600199836,6.44472075179489,6.5241664827233,6.47919518005528,6.422489844216
1900,Oracle,1340,5,Additive0.015,348400,260,26,6.53247826205652,6.54094389398818,6.56247826205652,,6.51820645207946,6.44505939166173,6.52453246533365,6.47931839546666,6.42116729678682
1900,Oracle Vector,1340,5,Additive0.015,5116120,4607,40,6.52892694558548,6.54094389398817,6.55892694558548,,6.51820645207946,6.44505939166173,6.52453246533365,6.47931839546666,6.42116729678681
1900,Value,1340,5,Additive0.015,1411547,7172,105,6.52599558662597,6.54094389398817,6.55599558662597,,6.51820645207946,6.44505939166173,6.52453246533365,6.47931839546666,6.42116729678681
1900,Vector,1340,5,Additive0.015,6201520,5549,52,6.53139000801763,6.54094389398817,6.56139000801763,,6.51820645207946,6.44505939166173,6.52453246533366,6.47931839546666,6.42116729678681
1900,Dist L1,1340,5,Additive0.015,1465077,7150,109,6.52599558662597,6.54094389398817,6.55599558662597,,6.51820645207946,6.44505939166173,6.52453246533365,6.47931839546666,6.42116729678681
1901,Oracle,1340,5,Additive0.015,348400,260,26,6.53247826205652,6.54085655162414,6.56247826205652,,6.51758701823598,6.44476668853451,6.52551820741393,6.47976042040118,6.42040533034074
1901,Oracle Vector,1340,5,Additive0.015,5116120,4607,40,6.52892694558548,6.54085655162413,6.55892694558548,,6.51758701823599,6.44476668853451,6.52551820741393,6.47976042040118,6.42040533034075
1901,Value,1340,5,Additive0.015,1411557,7185,105,6.52599558662597,6.54085655162413,6.55599558662597,,6.51758701823599,6.44476668853451,6.52551820741393,6.47976042040118,6.42040533034075
1901,Vector,1340,5,Additive0.015,6206880,5554,52,6.53139000801763,6.54085655162413,6.56139000801763,,6.51758701823599,6.44476668853451,6.52551820741393,6.47976042040118,6.42040533034075
1901,Dist L1,1340,5,Additive0.015,1465077,7150,109,6.52599558662597,6.54085655162413,6.55599558662597,,6.51758701823599,6.44476668853451,6.52551820741393,6.47976042040118,6.42040533034075
1902,Oracle,1340,5,Additive0.015,348400,260,26,6.53247826205652,6.54013848804507,6.56247826205652,,6.51571670930707,6.44477444606858,6.52539589764279,6.47881668456067,6.4190974845245
1902,Oracle Vector,1340,5,Additive0.015,5116120,4607,40,6.52892694558548,6.54013848804507,6.55892694558548,,6.51571670930707,6.44477444606858,6.52539589764279,6.47881668456067,6.4190974845245
1902,Value,1340,5,Additive0.015,1411557,7185,105,6.52599558662597,6.54013848804507,6.55599558662597,,6.51571670930707,6.44477444606858,6.52539589764279,6.47881668456067,6.4190974845245
1902,Vector,1340,5,Additive0.015,6214920,5561,52,6.53139000801763,6.54013848804507,6.56139000801763,,6.51571670930707,6.44477444606858,6.52539589764279,6.47881668456067,6.4190974845245
1902,Dist L1,1340,5,Additive0.015,1465081,7155,109,6.52599558662597,6.54013848804507,6.55599558662597,,6.51571670930707,6.44477444606858,6.52539589764279,6.47881668456067,6.4190974845245
1903,Oracle,1340,5,Additive0.015,348400,260,26,6.53247826205652,6.54041209562134,6.56247826205652,,6.51533724153824,6.44542357082863,6.52618598600688,6.47895668781837,6.41887716662091
1903,Oracle Vector,1340,5,Additive0.015,5116120,4607,40,6.52892694558548,6.54041209562134,6.55892694558548,,6.51533724153824,6.44542357082863,6.52618598600688,6.47895668781837,6.41887716662091
1903,Value,1340,5,Additive0.015,1411561,7190,105,6.52599558662597,6.54041209562134,6.55599558662597,,6.51533724153823,6.44542357082863,6.52618598600688,6.47895668781837,6.41887716662091
1903,Vector,1340,5,Additive0.015,6220280,5566,52,6.53139000801763,6.54041209562134,6.56139000801763,,6.51533724153823,6.44542357082863,6.52618598600688,6.47895668781837,6.41887716662091
1903,Dist L1,1340,5,Additive0.015,1465085,7160,109,6.52599558662597,6.54041209562134,6.55599558662597,,6.51533724153824,6.44542357082863,6.52618598600688,6.47895668781837,6.41887716662091
1904,Oracle,1340,5,Additive0.015,348400,260,26,6.53247826205652,6.54035318925593,6.56247826205652,,6.51476589667364,6.4459326307742,6.52688149726715,6.4790752859399,6.4179158909255
1904,Oracle Vector,1340,5,Additive0.015,5116120,4607,40,6.52892694558548,6.54035318925593,6.55892694558548,,6.51476589667364,6.4459326307742,6.52688149726715,6.4790752859399,6.4179158909255
1904,Value,1340,5,Additive0.015,1411567,7198,105,6.52599558662597,6.54035318925593,6.55599558662597,,6.51476589667364,6.4459326307742,6.52688149726715,6.4790752859399,6.4179158909255
1904,Vector,1340,5,Additive0.015,6225640,5571,52,6.53139000801763,6.54035318925593,6.56139000801763,,6.51476589667364,6.4459326307742,6.52688149726715,6.47907528593991,6.4179158909255
1904,Dist L1,1340,5,Additive0.015,1465089,7165,109,6.52599558662597,6.54035318925593,6.55599558662597,,6.51476589667364,6.4459326307742,6.52688149726715,6.4790752859399,6.4179158909255
1905,Oracle,1340,5,Additive0.015,348400,260,26,6.53247826205652,6.54001485332829,6.56247826205652,,6.51365707364271,6.44469613435323,6.52760041598086,6.47884373753732,6.41759203571631
1905,Oracle Vector,1340,5,Additive0.015,5121480,4612,40,6.52892694558548,6.54001485332829,6.55892694558548,,6.51365707364271,6.44469613435323,6.52760041598085,6.47884373753731,6.41759203571631
1905,Value,1340,5,Additive0.015,1411575,7207,105,6.52599558662597,6.54001485332829,6.55599558662597,,6.51365707364271,6.44469613435323,6.52760041598085,6.47884373753731,6.41759203571631
1905,Vector,1340,5,Additive0.015,6231000,5576,52,6.53139000801763,6.54001485332829,6.56139000801763,,6.51365707364271,6.44469613435323,6.52760041598085,6.47884373753731,6.41759203571631
1905,Dist L1,1340,5,Additive0.015,1465099,7177,109,6.52599558662597,6.54001485332829,6.55599558662597,,6.51365707364271,6.44469613435323,6.52760041598085,6.47884373753731,6.41759203571631
1906,Oracle,1340,5,Additive0.015,348400,260,26,6.53247826205652,6.53978265807127,6.56247826205652,,6.51382250709313,6.44510120100678,6.52775516416962,6.47821698449933,6.41777568000751
1906,Oracle Vector,1340,5,Additive0.015,5121480,4612,40,6.52892694558548,6.53978265807127,6.55892694558548,,6.51382250709313,6.44510120100678,6.52775516416962,6.47821698449933,6.41777568000751
1906,Vector,1340,5,Additive0.015,6236360,5581,52,6.53139000801763,6.53978265807127,6.56139000801763,,6.51382250709313,6.44510120100678,6.52775516416962,6.47821698449933,6.41777568000751
1906,Value,1340,5,Additive0.015,1424980,7230,106,6.52478265807127,6.53978265807127,6.55478265807127,,6.51382250709313,6.44510120100678,6.52775516416962,6.47821698449933,6.41777568000751
1906,Dist L1,1340,5,Additive0.015,1478504,7197,110,6.52478265807127,6.53978265807127,6.55478265807127,,6.51382250709313,6.44510120100678,6.52775516416962,6.47821698449933,6.41777568000751
1907,Oracle,1340,5,Additive0.015,348400,260,26,6.53247826205652,6.53957533432614,6.56247826205652,,6.513482700856,6.44505584148093,6.52777030766675,6.47748375527432,6.41769671053341
1907,Oracle Vector,1340,5,Additive0.015,5126840,4617,40,6.52892694558548,6.53957533432614,6.55892694558548,,6.513482700856,6.44505584148093,6.52777030766675,6.47748375527431,6.41769671053341
1907,Value,1340,5,Additive0.015,1424980,7230,106,6.52478265807127,6.53957533432614,6.55478265807127,,6.513482700856,6.44505584148093,6.52777030766675,6.47748375527431,6.41769671053341
1907,Vector,1340,5,Additive0.015,6241720,5586,52,6.53139000801763,6.53957533432614,6.56139000801763,,6.513482700856,6.44505584148093,6.52777030766675,6.47748375527431,6.41769671053341
1907,Dist L1,1340,5,Additive0.015,1478504,7197,110,6.52478265807127,6.53957533432614,6.55478265807127,,6.513482700856,6.44505584148093,6.52777030766675,6.47748375527431,6.41769671053341
1908,Oracle,1340,5,Additive0.015,348400,260,26,6.53247826205652,6.54005099759562,6.56247826205652,,6.51362351720183,6.44507596755831,6.52806319176825,6.47806130396952,6.41818631571642
1908,Vector,1340,5,Additive0.015,6241720,5586,52,6.53139000801763,6.54005099759562,6.56139000801763,,6.51362351720183,6.44507596755831,6.52806319176825,6.47806130396952,6.41818631571643
1908,Oracle Vector,1340,5,Additive0.015,5126840,4617,40,6.52892694558548,6.54005099759562,6.55892694558548,,6.51362351720183,6.44507596755831,6.52806319176825,6.47806130396952,6.41818631571643
1908,Value,1340,5,Additive0.015,1424980,7230,106,6.52478265807127,6.54005099759562,6.55478265807127,,6.51362351720183,6.44507596755831,6.52806319176825,6.47806130396952,6.41818631571643
1908,Dist L1,1340,5,Additive0.015,1478504,7197,110,6.52478265807127,6.54005099759562,6.55478265807127,,6.51362351720183,6.44507596755831,6.52806319176825,6.47806130396952,6.41818631571643
1909,Oracle,1340,5,Additive0.015,348400,260,26,6.53247826205652,6.54015423180326,6.56247826205652,,6.51331686345897,6.44538411914085,6.5288069375115,6.47770603293108,6.4181416190908
1909,Oracle Vector,1340,5,Additive0.015,5126840,4617,40,6.52892694558548,6.54015423180326,6.55892694558548,,6.51331686345897,6.44538411914085,6.5288069375115,6.47770603293108,6.4181416190908
1909,Vector,1340,5,Additive0.015,6241720,5586,52,6.53139000801763,6.54015423180326,6.56139000801763,,6.51331686345897,6.44538411914085,6.5288069375115,6.47770603293108,6.4181416190908
1909,Value,1340,5,Additive0.015,1424980,7230,106,6.52478265807127,6.54015423180326,6.55478265807127,,6.51331686345897,6.44538411914085,6.5288069375115,6.47770603293108,6.4181416190908
1909,Dist L1,1340,5,Additive0.015,1478504,7197,110,6.52478265807127,6.54015423180326,6.55478265807127,,6.51331686345897,6.44538411914085,6.5288069375115,6.47770603293108,6.4181416190908
1910,Oracle,1340,5,Additive0.015,348400,260,26,6.53247826205652,6.54001251183421,6.56247826205652,,6.5128791867212,6.4453413068813,6.52894310088764,6.47746332115581,6.41810135593026
1910,Oracle Vector,1340,5,Additive0.015,5126840,4617,40,6.52892694558548,6.54001251183421,6.55892694558548,,6.5128791867212,6.4453413068813,6.52894310088764,6.47746332115581,6.41810135593025
1910,Value,1340,5,Additive0.015,1424980,7230,106,6.52478265807127,6.54001251183421,6.55478265807127,,6.5128791867212,6.4453413068813,6.52894310088764,6.47746332115581,6.41810135593025
1910,Vector,1340,5,Additive0.015,6241720,5586,52,6.53139000801763,6.54001251183421,6.56139000801763,,6.5128791867212,6.4453413068813,6.52894310088764,6.47746332115581,6.41810135593025
1910,Dist L1,1340,5,Additive0.015,1478504,7197,110,6.52478265807127,6.54001251183421,6.55478265807127,,6.5128791867212,6.4453413068813,6.52894310088764,6.47746332115581,6.41810135593025
1911,Oracle,1340,5,Additive0.015,348400,260,26,6.53247826205652,6.53953944624594,6.56247826205652,,6.51254856387967,6.44470910830848,6.52833154335857,6.47666692363775,6.41778957779843
1911,Oracle Vector,1340,5,Additive0.015,5126840,4617,40,6.52892694558548,6.53953944624594,6.55892694558548,,6.51254856387967,6.44470910830848,6.52833154335857,6.47666692363776,6.41778957779843
1911,Value,1340,5,Additive0.015,1424980,7230,106,6.52478265807127,6.53953944624594,6.55478265807127,,6.51254856387967,6.44470910830848,6.52833154335857,6.47666692363776,6.41778957779844
1911,Vector,1340,5,Additive0.015,6247080,5591,52,6.53139000801763,6.53953944624594,6.56139000801763,,6.51254856387967,6.44470910830848,6.52833154335857,6.47666692363776,6.41778957779843
1911,Dist L1,1340,5,Additive0.015,1478504,7197,110,6.52478265807127,6.53953944624594,6.55478265807127,,6.51254856387967,6.44470910830848,6.52833154335857,6.47666692363776,6.41778957779844
1912,Oracle,1340,5,Additive0.015,348400,260,26,6.53247826205652,6.5388212429409,6.56247826205652,,6.51228521275441,6.44409732861376,6.52693696766112,6.4750402199697,6.41732272324929
1912,Oracle Vector,1340,5,Additive0.015,5126840,4617,40,6.52892694558548,6.53882124294091,6.55892694558548,,6.51228521275441,6.44409732861376,6.52693696766112,6.4750402199697,6.41732272324929
1912,Value,1340,5,Additive0.015,1424980,7230,106,6.52478265807127,6.53882124294091,6.55478265807127,,6.51228521275441,6.44409732861377,6.52693696766112,6.4750402199697,6.41732272324929
1912,Vector,1340,5,Additive0.015,6247080,5591,52,6.53139000801763,6.53882124294091,6.56139000801763,,6.51228521275441,6.44409732861377,6.52693696766112,6.4750402199697,6.41732272324929
1912,Dist L1,1340,5,Additive0.015,1478504,7197,110,6.52478265807127,6.53882124294091,6.55478265807127,,6.51228521275441,6.44409732861377,6.52693696766112,6.4750402199697,6.41732272324929
1913,Oracle,1340,5,Additive0.015,348400,260,26,6.53247826205652,6.53893424185891,6.56247826205652,,6.51249417113056,6.44394696328568,6.52604560215814,6.4749716954748,6.4178498741863
1913,Oracle Vector,1340,5,Additive0.015,5126840,4617,40,6.52892694558548,6.53893424185891,6.55892694558548,,6.51249417113056,6.44394696328568,6.52604560215814,6.4749716954748,6.4178498741863
1913,Value,1340,5,Additive0.015,1424980,7230,106,6.52478265807127,6.53893424185891,6.55478265807127,,6.51249417113056,6.44394696328568,6.52604560215814,6.4749716954748,6.4178498741863
1913,Vector,1340,5,Additive0.015,6255120,5598,52,6.53139000801763,6.53893424185891,6.56139000801763,,6.51249417113056,6.44394696328568,6.52604560215814,6.4749716954748,6.4178498741863
1913,Dist L1,1340,5,Additive0.015,1478504,7197,110,6.52478265807127,6.53893424185891,6.55478265807127,,6.51249417113056,6.44394696328568,6.52604560215814,6.4749716954748,6.4178498741863
1914,Oracle,1340,5,Additive0.015,348400,260,26,6.53247826205652,6.53909902205482,6.56247826205652,,6.51229540774105,6.44364292454442,6.52670916830075,6.47442520604196,6.41788065714277
1914,Oracle Vector,1340,5,Additive0.015,5126840,4617,40,6.52892694558548,6.53909902205482,6.55892694558548,,6.51229540774105,6.44364292454442,6.52670916830075,6.47442520604196,6.41788065714277
1914,Value,1340,5,Additive0.015,1424980,7230,106,6.52478265807127,6.53909902205482,6.55478265807127,,6.51229540774105,6.44364292454442,6.52670916830075,6.47442520604196,6.41788065714277
1914,Vector,1340,5,Additive0.015,6255120,5598,52,6.53139000801763,6.53909902205482,6.56139000801763,,6.51229540774105,6.44364292454442,6.52670916830075,6.47442520604196,6.41788065714278
1914,Dist L1,1340,5,Additive0.015,1478504,7197,110,6.52478265807127,6.53909902205482,6.55478265807127,,6.51229540774105,6.44364292454442,6.52670916830075,6.47442520604196,6.41788065714277
1915,Oracle,1340,5,Additive0.015,348400,260,26,6.53247826205652,6.53968183774894,6.56247826205652,,6.51239754779575,6.4439549472999,6.5280474797825,6.4749982665564,6.41752455850801
1915,Oracle Vector,1340,5,Additive0.015,5132200,4622,40,6.52892694558548,6.53968183774894,6.55892694558548,,6.51239754779575,6.4439549472999,6.5280474797825,6.47499826655639,6.41752455850801
1915,Vector,1340,5,Additive0.015,6255120,5598,52,6.53139000801763,6.53968183774894,6.56139000801763,,6.51239754779575,6.4439549472999,6.5280474797825,6.4749982665564,6.41752455850801
1915,Value,1340,5,Additive0.015,1424980,7230,106,6.52478265807127,6.53968183774894,6.55478265807127,,6.51239754779575,6.4439549472999,6.5280474797825,6.47499826655639,6.41752455850801
1915,Dist L1,1340,5,Additive0.015,1478504,7197,110,6.52478265807127,6.53968183774894,6.55478265807127,,6.51239754779575,6.4439549472999,6.5280474797825,6.47499826655639,6.41752455850801
1916,Oracle,1340,5,Additive0.015,348400,260,26,6.53247826205652,6.54011909987715,6.56247826205652,,6.51175644704425,6.44436928263806,6.52924336722987,6.47525387649885,6.41750439588578
1916,Oracle Vector,1340,5,Additive0.015,5132200,4622,40,6.52892694558548,6.54011909987714,6.55892694558548,,6.51175644704425,6.44436928263806,6.52924336722987,6.47525387649885,6.41750439588578
1916,Vector,1340,5,Additive0.015,6255120,5598,52,6.53139000801763,6.54011909987715,6.56139000801763,,6.51175644704425,6.44436928263806,6.52924336722987,6.47525387649885,6.41750439588578
1916,Value,1340,5,Additive0.015,1424980,7230,106,6.52478265807127,6.54011909987714,6.55478265807127,,6.51175644704425,6.44436928263806,6.52924336722987,6.47525387649885,6.41750439588578
1916,Dist L1,1340,5,Additive0.015,1478504,7197,110,6.52478265807127,6.54011909987714,6.55478265807127,,6.51175644704425,6.44436928263806,6.52924336722987,6.47525387649885,6.41750439588578
1917,Oracle,1340,5,Additive0.015,348400,260,26,6.53247826205652,6.54052603729537,6.56247826205652,,6.51165801604381,6.44443927625214,6.53002476851312,6.47548291052066,6.41697041548454
1917,Oracle Vector,1340,5,Additive0.015,5132200,4622,40,6.52892694558548,6.54052603729537,6.55892694558548,,6.51165801604381,6.44443927625214,6.53002476851312,6.47548291052066,6.41697041548454
1917,Value,1340,5,Additive0.015,1424980,7230,106,6.52478265807127,6.54052603729537,6.55478265807127,,6.51165801604381,6.44443927625213,6.53002476851312,6.47548291052066,6.41697041548454
1917,Vector,1340,5,Additive0.015,6255120,5598,52,6.53139000801763,6.54052603729537,6.56139000801763,,6.51165801604381,6.44443927625213,6.53002476851312,6.47548291052066,6.41697041548454
1917,Dist L1,1340,5,Additive0.015,1478504,7197,110,6.52478265807127,6.54052603729537,6.55478265807127,,6.51165801604381,6.44443927625213,6.53002476851312,6.47548291052066,6.41697041548454
1918,Oracle,1340,5,Additive0.015,348400,260,26,6.53247826205652,6.54134900701849,6.56247826205652,,6.51108929272931,6.4449357505586,6.53147906349466,6.47672831571458,6.41655762005382
1918,Oracle Vector,1340,5,Additive0.015,5137560,4627,40,6.52892694558548,6.5413490070185,6.55892694558548,,6.51108929272931,6.4449357505586,6.53147906349467,6.47672831571458,6.41655762005382
1918,Value,1340,5,Additive0.015,1424980,7230,106,6.52478265807127,6.5413490070185,6.55478265807127,,6.51108929272931,6.4449357505586,6.53147906349467,6.47672831571458,6.41655762005382
1918,Vector,1340,5,Additive0.015,6255120,5598,52,6.53139000801763,6.5413490070185,6.56139000801763,,6.51108929272931,6.44493575055859,6.53147906349466,6.47672831571458,6.41655762005382
1918,Dist L1,1340,5,Additive0.015,1478504,7197,110,6.52478265807127,6.5413490070185,6.55478265807127,,6.51108929272931,6.44493575055859,6.53147906349467,6.47672831571458,6.41655762005382
1919,Oracle,1340,5,Additive0.015,348400,260,26,6.53247826205652,6.54232602819304,6.56247826205652,,6.51123772125686,6.44605080627533,6.53291264400834,6.47695429616793,6.41677399347072
1919,Oracle Vector,1340,5,Additive0.015,5145600,4634,40,6.52892694558548,6.54232602819304,6.55892694558548,,6.51123772125686,6.44605080627533,6.53291264400834,6.47695429616793,6.41677399347072
1919,Value,1340,5,Additive0.015,1424980,7230,106,6.52478265807127,6.54232602819304,6.55478265807127,,6.51123772125686,6.44605080627533,6.53291264400834,6.47695429616793,6.41677399347072
1919,Vector,1340,5,Additive0.015,6255120,5598,52,6.53139000801763,6.54232602819304,6.56139000801763,,6.51123772125686,6.44605080627533,6.53291264400834,6.47695429616793,6.41677399347072
1919,Dist L1,1340,5,Additive0.015,1478504,7197,110,6.52478265807127,6.54232602819304,6.55478265807127,,6.51123772125686,6.44605080627533,6.53291264400834,6.47695429616793,6.41677399347072
1920,Oracle,1340,5,Additive0.015,348400,260,26,6.53247826205652,6.54302093499541,6.56247826205652,,6.51135967272659,6.44667345625852,6.53440863246493,6.47636703654363,6.41575902424951
1920,Oracle Vector,1340,5,Additive0.015,5145600,4634,40,6.52892694558548,6.54302093499541,6.55892694558548,,6.51135967272659,6.44667345625852,6.53440863246493,6.47636703654363,6.41575902424951
1920,Vector,1340,5,Additive0.015,6260480,5603,52,6.53139000801763,6.54302093499541,6.56139000801763,,6.51135967272659,6.44667345625852,6.53440863246493,6.47636703654363,6.41575902424951
1920,Value,1340,5,Additive0.015,1424980,7230,106,6.52478265807127,6.54302093499541,6.55478265807127,,6.51135967272659,6.44667345625852,6.53440863246493,6.47636703654363,6.4157590242495
1920,Dist L1,1340,5,Additive0.015,1478504,7197,110,6.52478265807127,6.54302093499541,6.55478265807127,,6.51135967272659,6.44667345625852,6.53440863246493,6.47636703654363,6.4157590242495
1921,Oracle,1340,5,Additive0.015,348400,260,26,6.53247826205652,6.54358245790943,6.56247826205652,,6.51252302549339,6.44695802517618,6.53557967285081,6.4754912594223,6.41417839164669
1921,Oracle Vector,1340,5,Additive0.015,5145600,4634,40,6.52892694558548,6.54358245790943,6.55892694558548,,6.51252302549339,6.44695802517617,6.53557967285081,6.4754912594223,6.41417839164669
1921,Value,1340,5,Additive0.015,1424980,7230,106,6.52478265807127,6.54358245790943,6.55478265807127,,6.51252302549339,6.44695802517617,6.53557967285081,6.4754912594223,6.41417839164669
1921,Vector,1340,5,Additive0.015,6265840,5608,52,6.53139000801763,6.54358245790943,6.56139000801763,,6.51252302549339,6.44695802517617,6.53557967285081,6.4754912594223,6.41417839164669
1921,Dist L1,1340,5,Additive0.015,1478504,7197,110,6.52478265807127,6.54358245790943,6.55478265807127,,6.51252302549339,6.44695802517617,6.53557967285081,6.4754912594223,6.41417839164669
1922,Oracle,1340,5,Additive0.015,348400,260,26,6.53247826205652,6.54361835340929,6.56247826205652,,6.51288310900595,6.44658264478549,6.53639613015226,6.47458445258093,6.41290840779707
1922,Oracle Vector,1340,5,Additive0.015,5145600,4634,40,6.52892694558548,6.54361835340929,6.55892694558548,,6.51288310900596,6.44658264478549,6.53639613015226,6.47458445258093,6.41290840779707
1922,Value,1340,5,Additive0.015,1424980,7230,106,6.52478265807127,6.54361835340929,6.55478265807127,,6.51288310900596,6.44658264478549,6.53639613015226,6.47458445258093,6.41290840779707
1922,Vector,1340,5,Additive0.015,6265840,5608,52,6.53139000801763,6.54361835340929,6.56139000801763,,6.51288310900596,6.44658264478549,6.53639613015226,6.47458445258093,6.41290840779707
1922,Dist L1,1340,5,Additive0.015,1478504,7197,110,6.52478265807127,6.54361835340929,6.55478265807127,,6.51288310900596,6.44658264478549,6.53639613015226,6.47458445258093,6.41290840779707
1923,Oracle,1340,5,Additive0.015,348400,260,26,6.53247826205652,6.54462907767033,6.56247826205652,,6.51319499018614,6.44701893353141,6.53720657756242,6.47515131307632,6.41244790547784
1923,Oracle Vector,1340,5,Additive0.015,5145600,4634,40,6.52892694558548,6.54462907767033,6.55892694558548,,6.51319499018614,6.44701893353141,6.53720657756242,6.47515131307632,6.41244790547784
1923,Vector,1340,5,Additive0.015,6265840,5608,52,6.53139000801763,6.54462907767033,6.56139000801763,,6.51319499018614,6.44701893353141,6.53720657756242,6.47515131307632,6.41244790547784
1923,Value,1340,5,Additive0.015,1424980,7230,106,6.52478265807127,6.54462907767033,6.55478265807127,,6.51319499018614,6.44701893353141,6.53720657756242,6.47515131307632,6.41244790547784
1923,Dist L1,1340,5,Additive0.015,1478504,7197,110,6.52478265807127,6.54462907767033,6.55478265807127,,6.51319499018614,6.44701893353141,6.53720657756242,6.47515131307632,6.41244790547784
1924,Oracle,1340,5,Additive0.015,348400,260,26,6.53247826205652,6.5451407972664,6.56247826205652,,6.51298012281182,6.44737432159283,6.53785387673692,6.47593341406605,6.4127365168515
1924,Value,1340,5,Additive0.015,1424980,7230,106,6.52478265807127,6.5451407972664,6.55478265807127,,6.51298012281183,6.44737432159283,6.53785387673692,6.47593341406605,6.4127365168515
1924,Oracle Vector,1340,5,Additive0.015,5145600,4634,40,6.52892694558548,6.5451407972664,6.55892694558548,,6.51298012281183,6.44737432159283,6.53785387673692,6.47593341406605,6.4127365168515
1924,Vector,1340,5,Additive0.015,6265840,5608,52,6.53139000801763,6.5451407972664,6.56139000801763,,6.51298012281183,6.44737432159283,6.53785387673692,6.47593341406605,6.4127365168515
1924,Dist L1,1340,5,Additive0.015,1478504,7197,110,6.52478265807127,6.5451407972664,6.55478265807127,,6.51298012281183,6.44737432159283,6.53785387673692,6.47593341406605,6.4127365168515
1925,Oracle,1340,5,Additive0.015,348400,260,26,6.53247826205652,6.54590330943901,6.56247826205652,,6.51338341950077,6.44760698831627,6.53894916466357,6.47670923677496,6.41273447481992
1925,Oracle Vector,1340,5,Additive0.015,5145600,4634,40,6.52892694558548,6.54590330943901,6.55892694558548,,6.51338341950078,6.44760698831627,6.53894916466357,6.47670923677496,6.41273447481992
1925,Value,1340,5,Additive0.015,1424986,7237,106,6.52478265807127,6.54590330943901,6.55478265807127,,6.51338341950078,6.44760698831627,6.53894916466357,6.47670923677495,6.41273447481992
1925,Vector,1340,5,Additive0.015,6271200,5613,52,6.53139000801763,6.54590330943901,6.56139000801763,,6.51338341950077,6.44760698831627,6.53894916466357,6.47670923677495,6.41273447481992
1925,Dist L1,1340,5,Additive0.015,1478510,7204,110,6.52478265807127,6.54590330943901,6.55478265807127,,6.51338341950078,6.44760698831627,6.53894916466357,6.47670923677495,6.41273447481992
1926,Oracle,1340,5,Additive0.015,348400,260,26,6.53247826205652,6.54625231748808,6.56247826205652,,6.51383487792614,6.44777019939053,6.53925340676804,6.4767178183017,6.41233590112393
1926,Vector,1340,5,Additive0.015,6271200,5613,52,6.53139000801763,6.54625231748808,6.56139000801763,,6.51383487792614,6.44777019939053,6.53925340676804,6.4767178183017,6.41233590112393
1926,Value,1340,5,Additive0.015,1424986,7237,106,6.52478265807127,6.54625231748808,6.55478265807127,,6.51383487792614,6.44777019939052,6.53925340676804,6.4767178183017,6.41233590112393
1926,Oracle Vector,1340,5,Additive0.015,5150960,4639,40,6.52892694558548,6.54625231748808,6.55892694558548,,6.51383487792614,6.44777019939052,6.53925340676804,6.4767178183017,6.41233590112393
1926,Dist L1,1340,5,Additive0.015,1478510,7204,110,6.52478265807127,6.54625231748808,6.55478265807127,,6.51383487792614,6.44777019939053,6.53925340676804,6.4767178183017,6.41233590112393
1927,Oracle,1340,5,Additive0.015,348400,260,26,6.53247826205652,6.54596470401089,6.56247826205652,,6.51326178383506,6.44752266786722,6.53968388495031,6.47673948991879,6.41194301698203
1927,Oracle Vector,1340,5,Additive0.015,5150960,4639,40,6.52892694558548,6.54596470401089,6.55892694558548,,6.51326178383506,6.44752266786722,6.53968388495031,6.47673948991879,6.41194301698202
1927,Value,1340,5,Additive0.015,1424990,7242,106,6.52478265807127,6.54596470401089,6.55478265807127,,6.51326178383506,6.44752266786722,6.53968388495031,6.47673948991879,6.41194301698202
1927,Vector,1340,5,Additive0.015,6281920,5623,52,6.53139000801763,6.54596470401089,6.56139000801763,,6.51326178383506,6.44752266786722,6.53968388495031,6.47673948991879,6.41194301698202
1927,Dist L1,1340,5,Additive0.015,1478514,7209,110,6.52478265807127,6.54596470401089,6.55478265807127,,6.51326178383506,6.44752266786722,6.53968388495031,6.47673948991879,6.41194301698202
1928,Oracle,1340,5,Additive0.015,348400,260,26,6.53247826205652,6.54568828610799,6.56247826205652,,6.51326701498373,6.44672105209842,6.53943553301589,6.47668591881471,6.41268918922967
1928,Oracle Vector,1340,5,Additive0.015,5150960,4639,40,6.52892694558548,6.54568828610799,6.55892694558548,,6.51326701498373,6.44672105209843,6.53943553301589,6.47668591881472,6.41268918922967
1928,Value,1340,5,Additive0.015,1424994,7247,106,6.52478265807127,6.54568828610799,6.55478265807127,,6.51326701498373,6.44672105209842,6.53943553301589,6.47668591881471,6.41268918922968
1928,Vector,1340,5,Additive0.015,6281920,5623,52,6.53139000801763,6.54568828610799,6.56139000801763,,6.51326701498373,6.44672105209843,6.53943553301589,6.47668591881472,6.41268918922967
1928,Dist L1,1340,5,Additive0.015,1478514,7209,110,6.52478265807127,6.54568828610799,6.55478265807127,,6.51326701498373,6.44672105209843,6.53943553301589,6.47668591881471,6.41268918922968
1929,Oracle,1340,5,Additive0.015,348400,260,26,6.53247826205652,6.54557495611928,6.56247826205652,,6.51300825283962,6.44652257984607,6.53946662152359,6.47683829832998,6.41318920950657
1929,Oracle Vector,1340,5,Additive0.015,5156320,4644,40,6.52892694558548,6.54557495611928,6.55892694558548,,6.51300825283962,6.44652257984607,6.53946662152359,6.47683829832998,6.41318920950657
1929,Value,1340,5,Additive0.015,1424998,7252,106,6.52478265807127,6.54557495611928,6.55478265807127,,6.51300825283962,6.44652257984607,6.53946662152359,6.47683829832998,6.41318920950657
1929,Vector,1340,5,Additive0.015,6281920,5623,52,6.53139000801763,6.54557495611928,6.56139000801763,,6.51300825283962,6.44652257984607,6.53946662152359,6.47683829832998,6.41318920950657
1929,Dist L1,1340,5,Additive0.015,1478514,7209,110,6.52478265807127,6.54557495611928,6.55478265807127,,6.51300825283962,6.44652257984607,6.53946662152359,6.47683829832998,6.41318920950657
1930,Oracle,1340,5,Additive0.015,348400,260,26,6.53247826205652,6.54521931943432,6.56247826205652,,6.51190017376325,6.44609608473891,6.53924280995471,6.47703188756964,6.41396135017223
1930,Oracle Vector,1340,5,Additive0.015,5156320,4644,40,6.52892694558548,6.54521931943433,6.55892694558548,,6.51190017376325,6.4460960847389,6.5392428099547,6.47703188756964,6.41396135017223
1930,Value,1340,5,Additive0.015,1424998,7252,106,6.52478265807127,6.54521931943432,6.55478265807127,,6.51190017376325,6.4460960847389,6.5392428099547,6.47703188756964,6.41396135017223
1930,Vector,1340,5,Additive0.015,6281920,5623,52,6.53139000801763,6.54521931943432,6.56139000801763,,6.51190017376325,6.44609608473891,6.53924280995471,6.47703188756964,6.41396135017223
1930,Dist L1,1340,5,Additive0.015,1478518,7214,110,6.52478265807127,6.54521931943432,6.55478265807127,,6.51190017376325,6.44609608473891,6.5392428099547,6.47703188756964,6.41396135017223
1931,Oracle,1340,5,Additive0.015,348400,260,26,6.53247826205652,6.54455919541306,6.56247826205652,,6.51068665384357,6.44581458783577,6.5382234226568,6.47650030741849,6.41360567941498
1931,Oracle Vector,1340,5,Additive0.015,5156320,4644,40,6.52892694558548,6.54455919541306,6.55892694558548,,6.51068665384357,6.44581458783577,6.5382234226568,6.47650030741849,6.41360567941498
1931,Value,1340,5,Additive0.015,1424998,7252,106,6.52478265807127,6.54455919541306,6.55478265807127,,6.51068665384357,6.44581458783577,6.5382234226568,6.47650030741849,6.41360567941498
1931,Vector,1340,5,Additive0.015,6287280,5628,52,6.53139000801763,6.54455919541306,6.56139000801763,,6.51068665384357,6.44581458783577,6.5382234226568,6.47650030741849,6.41360567941498
1931,Dist L1,1340,5,Additive0.015,1478518,7214,110,6.52478265807127,6.54455919541306,6.55478265807127,,6.51068665384357,6.44581458783577,6.5382234226568,6.47650030741849,6.41360567941498
1932,Oracle,1340,5,Additive0.015,348400,260,26,6.53247826205652,6.54440602168338,6.56247826205652,,6.50999851983256,6.44620866886412,6.53827036994217,6.47621600296207,6.41326508299029
1932,Oracle Vector,1340,5,Additive0.015,5156320,4644,40,6.52892694558548,6.54440602168338,6.55892694558548,,6.50999851983256,6.44620866886412,6.53827036994217,6.47621600296207,6.41326508299029
1932,Value,1340,5,Additive0.015,1424998,7252,106,6.52478265807127,6.54440602168338,6.55478265807127,,6.50999851983256,6.44620866886412,6.53827036994217,6.47621600296207,6.41326508299029
1932,Vector,1340,5,Additive0.015,6287280,5628,52,6.53139000801763,6.54440602168338,6.56139000801763,,6.50999851983256,6.44620866886412,6.53827036994217,6.47621600296207,6.41326508299029
1932,Dist L1,1340,5,Additive0.015,1478522,7219,110,6.52478265807127,6.54440602168338,6.55478265807127,,6.50999851983256,6.44620866886412,6.53827036994217,6.47621600296207,6.41326508299029
1933,Oracle,1340,5,Additive0.015,348400,260,26,6.53247826205652,6.54376128863843,6.56247826205652,,6.50892190926263,6.44560340590637,6.53743435296056,6.47602967482879,6.41287531045804
1933,Oracle Vector,1340,5,Additive0.015,5161680,4649,40,6.52892694558548,6.54376128863843,6.55892694558548,,6.50892190926263,6.44560340590637,6.53743435296056,6.47602967482879,6.41287531045804
1933,Value,1340,5,Additive0.015,1425002,7257,106,6.52478265807127,6.54376128863843,6.55478265807127,,6.50892190926262,6.44560340590637,6.53743435296056,6.47602967482879,6.41287531045804
1933,Vector,1340,5,Additive0.015,6292640,5633,52,6.53139000801763,6.54376128863843,6.56139000801763,,6.50892190926262,6.44560340590637,6.53743435296056,6.47602967482879,6.41287531045804
1933,Dist L1,1340,5,Additive0.015,1478522,7219,110,6.52478265807127,6.54376128863843,6.55478265807127,,6.50892190926262,6.44560340590637,6.53743435296056,6.47602967482879,6.41287531045804
1934,Oracle,1340,5,Additive0.015,348400,260,26,6.53247826205652,6.54328842121812,6.56247826205652,,6.50824518211892,6.44519879274786,6.53672923091948,6.47571618984354,6.41212559692487
1934,Oracle Vector,1340,5,Additive0.015,5161680,4649,40,6.52892694558548,6.54328842121812,6.55892694558548,,6.50824518211892,6.44519879274786,6.53672923091948,6.47571618984354,6.41212559692488
1934,Value,1340,5,Additive0.015,1425008,7264,106,6.52478265807127,6.54328842121812,6.55478265807127,,6.50824518211892,6.44519879274786,6.53672923091948,6.47571618984354,6.41212559692488
1934,Vector,1340,5,Additive0.015,6292640,5633,52,6.53139000801763,6.54328842121812,6.56139000801763,,6.50824518211892,6.44519879274786,6.53672923091948,6.47571618984354,6.41212559692488
1934,Dist L1,1340,5,Additive0.015,1478522,7219,110,6.52478265807127,6.54328842121812,6.55478265807127,,6.50824518211892,6.44519879274786,6.53672923091948,6.47571618984354,6.41212559692488
1935,Oracle,1340,5,Additive0.015,348400,260,26,6.53247826205652,6.54252593087665,6.56247826205652,,6.50760127833977,6.44467222611897,6.53592422005585,6.47509760364474,6.4109769324483
1935,Oracle Vector,1340,5,Additive0.015,5161680,4649,40,6.52892694558548,6.54252593087665,6.55892694558548,,6.50760127833977,6.44467222611897,6.53592422005585,6.47509760364475,6.4109769324483
1935,Dist L1,1340,5,Additive0.015,1478528,7226,110,6.52478265807127,6.54252593087665,6.55478265807127,,6.50760127833977,6.44467222611897,6.53592422005585,6.47509760364475,6.4109769324483
1935,Vector,1340,5,Additive0.015,6292640,5633,52,6.53139000801763,6.54252593087665,6.56139000801763,,6.50760127833977,6.44467222611897,6.53592422005585,6.47509760364475,6.4109769324483
1935,Value,1340,5,Additive0.015,1425008,7264,106,6.52478265807127,6.54252593087665,6.55478265807127,,6.50760127833977,6.44467222611897,6.53592422005585,6.47509760364475,6.4109769324483
1936,Oracle,1340,5,Additive0.015,348400,260,26,6.53247826205652,6.54198527458821,6.56247826205652,,6.50688366243408,6.44365079878763,6.53550654678005,6.47392169774159,6.41100640397085
1936,Oracle Vector,1340,5,Additive0.015,5161680,4649,40,6.52892694558548,6.54198527458821,6.55892694558548,,6.50688366243408,6.44365079878763,6.53550654678005,6.47392169774159,6.41100640397085
1936,Value,1340,5,Additive0.015,1425018,7277,106,6.52478265807127,6.54198527458821,6.55478265807127,,6.50688366243408,6.44365079878763,6.53550654678005,6.47392169774159,6.41100640397085
1936,Vector,1340,5,Additive0.015,6300680,5640,52,6.53139000801763,6.54198527458821,6.56139000801763,,6.50688366243408,6.44365079878763,6.53550654678005,6.47392169774159,6.41100640397085
1936,Dist L1,1340,5,Additive0.015,1478536,7235,110,6.52478265807127,6.54198527458821,6.55478265807127,,6.50688366243408,6.44365079878763,6.53550654678005,6.47392169774159,6.41100640397085
1937,Oracle,1340,5,Additive0.015,348400,260,26,6.53247826205652,6.54151529437864,6.56247826205652,,6.50693518932078,6.44312085951777,6.53551046344012,6.47394010164098,6.41061954963281
1937,Oracle Vector,1340,5,Additive0.015,5167040,4654,40,6.52892694558548,6.54151529437864,6.55892694558548,,6.50693518932078,6.44312085951777,6.53551046344012,6.47394010164098,6.41061954963281
1937,Vector,1340,5,Additive0.015,6300680,5640,52,6.53139000801763,6.54151529437864,6.56139000801763,,6.50693518932078,6.44312085951777,6.53551046344012,6.47394010164098,6.41061954963281
1937,Value,1340,5,Additive0.015,1425024,7284,106,6.52478265807127,6.54151529437864,6.55478265807127,,6.50693518932078,6.44312085951777,6.53551046344012,6.47394010164098,6.41061954963281
1937,Dist L1,1340,5,Additive0.015,1491941,7257,111,6.52651529437864,6.54151529437864,6.55651529437864,,6.50693518932078,6.44312085951777,6.53551046344012,6.47394010164098,6.41061954963281
1938,Oracle,1340,5,Additive0.015,348400,260,26,6.53247826205652,6.54153710842348,6.56247826205652,,6.50625140290605,6.44345115677108,6.53589182444735,6.47435519030693,6.41053858111278
1938,Oracle Vector,1340,5,Additive0.015,5167040,4654,40,6.52892694558548,6.54153710842348,6.55892694558548,,6.50625140290605,6.44345115677108,6.53589182444736,6.47435519030693,6.41053858111278
1938,Vector,1340,5,Additive0.015,6306040,5645,52,6.53139000801763,6.54153710842348,6.56139000801763,,6.50625140290605,6.44345115677108,6.53589182444736,6.47435519030693,6.41053858111278
1938,Value,1340,5,Additive0.015,1438429,7305,107,6.52653710842348,6.54153710842348,6.55653710842348,,6.50625140290605,6.44345115677108,6.53589182444736,6.47435519030693,6.41053858111278
1938,Dist L1,1340,5,Additive0.015,1491941,7257,111,6.52651529437864,6.54153710842348,6.55651529437864,,6.50625140290605,6.44345115677108,6.53589182444736,6.47435519030693,6.41053858111278
1939,Oracle,1340,5,Additive0.015,348400,260,26,6.53247826205652,6.54046722461107,6.56247826205652,,6.50493716151806,6.44320828674428,6.53462508035972,6.47336659883099,6.40950186999614
1939,Oracle Vector,1340,5,Additive0.015,5167040,4654,40,6.52892694558548,6.54046722461107,6.55892694558548,,6.50493716151806,6.44320828674428,6.53462508035972,6.47336659883099,6.40950186999614
1939,Value,1340,5,Additive0.015,1438429,7305,107,6.52653710842348,6.54046722461107,6.55653710842348,,6.50493716151806,6.44320828674428,6.53462508035972,6.47336659883099,6.40950186999614
1939,Vector,1340,5,Additive0.015,6306040,5645,52,6.53139000801763,6.54046722461107,6.56139000801763,,6.50493716151806,6.44320828674428,6.53462508035972,6.47336659883099,6.40950186999614
1939,Dist L1,1340,5,Additive0.015,1491941,7257,111,6.52651529437864,6.54046722461107,6.55651529437864,,6.50493716151806,6.44320828674428,6.53462508035972,6.47336659883099,6.40950186999614
1940,Oracle,1340,5,Additive0.015,348400,260,26,6.53247826205652,6.5401716522465,6.56247826205652,,6.50387966282559,6.44295599691306,6.53557350738346,6.4731856287663,6.41019558425595
1940,Oracle Vector,1340,5,Additive0.015,5175080,4661,40,6.52892694558548,6.5401716522465,6.55892694558548,,6.50387966282558,6.44295599691306,6.53557350738346,6.4731856287663,6.41019558425594
1940,Vector,1340,5,Additive0.015,6306040,5645,52,6.53139000801763,6.5401716522465,6.56139000801763,,6.50387966282558,6.44295599691306,6.53557350738346,6.4731856287663,6.41019558425594
1940,Value,1340,5,Additive0.015,1438429,7305,107,6.52653710842348,6.5401716522465,6.55653710842348,,6.50387966282558,6.44295599691306,6.53557350738346,6.4731856287663,6.41019558425594
1940,Dist L1,1340,5,Additive0.015,1491941,7257,111,6.52651529437864,6.5401716522465,6.55651529437864,,6.50387966282558,6.44295599691306,6.53557350738346,6.4731856287663,6.41019558425594
1941,Oracle,1340,5,Additive0.015,348400,260,26,6.53247826205652,6.53793572323202,6.56247826205652,,6.50180902758534,6.44121998498449,6.533045247893,6.47200767712877,6.40822827857696
1941,Oracle Vector,1340,5,Additive0.015,5180440,4666,40,6.52892694558548,6.53793572323202,6.55892694558548,,6.50180902758534,6.44121998498449,6.533045247893,6.47200767712877,6.40822827857696
1941,Value,1340,5,Additive0.015,1438429,7305,107,6.52653710842348,6.53793572323202,6.55653710842348,,6.50180902758534,6.44121998498449,6.533045247893,6.47200767712877,6.40822827857696
1941,Vector,1340,5,Additive0.015,6316760,5654,52,6.53139000801763,6.53793572323202,6.56139000801763,,6.50180902758534,6.44121998498449,6.533045247893,6.47200767712877,6.40822827857696
1941,Dist L1,1340,5,Additive0.015,1491941,7257,111,6.52651529437864,6.53793572323202,6.55651529437864,,6.50180902758534,6.44121998498449,6.533045247893,6.47200767712877,6.40822827857696
1942,Oracle,1340,5,Additive0.015,348400,260,26,6.53247826205652,6.53740657471907,6.56247826205652,,6.50162062954875,6.44056587429661,6.53217507867818,6.47175966504667,6.40774314530239
1942,Oracle Vector,1340,5,Additive0.015,5180440,4666,40,6.52892694558548,6.53740657471907,6.55892694558548,,6.50162062954875,6.44056587429661,6.53217507867818,6.47175966504667,6.40774314530239
1942,Vector,1340,5,Additive0.015,6316760,5654,52,6.53139000801763,6.53740657471907,6.56139000801763,,6.50162062954875,6.44056587429661,6.53217507867818,6.47175966504667,6.40774314530239
1942,Value,1340,5,Additive0.015,1438429,7305,107,6.52653710842348,6.53740657471907,6.55653710842348,,6.50162062954875,6.44056587429661,6.53217507867818,6.47175966504667,6.40774314530239
1942,Dist L1,1340,5,Additive0.015,1491941,7257,111,6.52651529437864,6.53740657471907,6.55651529437864,,6.50162062954875,6.44056587429661,6.53217507867818,6.47175966504667,6.40774314530239
1943,Oracle,1340,5,Additive0.015,348400,260,26,6.53247826205652,6.53716974800034,6.56247826205652,,6.50131393725192,6.43979920990415,6.53158371915294,6.47149402442551,6.40826565816377
1943,Oracle Vector,1340,5,Additive0.015,5185800,4671,40,6.52892694558548,6.53716974800034,6.55892694558548,,6.50131393725192,6.43979920990415,6.53158371915294,6.4714940244255,6.40826565816377
1943,Value,1340,5,Additive0.015,1438429,7305,107,6.52653710842348,6.53716974800034,6.55653710842348,,6.50131393725192,6.43979920990415,6.53158371915294,6.4714940244255,6.40826565816377
1943,Vector,1340,5,Additive0.015,6327480,5663,52,6.53139000801763,6.53716974800034,6.56139000801763,,6.50131393725192,6.43979920990415,6.53158371915294,6.47149402442551,6.40826565816377
1943,Dist L1,1340,5,Additive0.015,1491941,7257,111,6.52651529437864,6.53716974800034,6.55651529437864,,6.50131393725192,6.43979920990415,6.53158371915294,6.4714940244255,6.40826565816377
1944,Oracle,1340,5,Additive0.015,348400,260,26,6.53247826205652,6.53669187716481,6.56247826205652,,6.50018751161897,6.43951736887955,6.5315940872994,6.47106369770344,6.40867392428612
1944,Oracle Vector,1340,5,Additive0.015,5185800,4671,40,6.52892694558548,6.53669187716481,6.55892694558548,,6.50018751161897,6.43951736887955,6.5315940872994,6.47106369770344,6.40867392428612
1944,Value,1340,5,Additive0.015,1438429,7305,107,6.52653710842348,6.53669187716481,6.55653710842348,,6.50018751161897,6.43951736887955,6.5315940872994,6.47106369770344,6.40867392428612
1944,Vector,1340,5,Additive0.015,6332840,5668,52,6.53139000801763,6.53669187716481,6.56139000801763,,6.50018751161897,6.43951736887955,6.5315940872994,6.47106369770344,6.40867392428612
1944,Dist L1,1340,5,Additive0.015,1491941,7257,111,6.52651529437864,6.53669187716481,6.55651529437864,,6.50018751161897,6.43951736887955,6.5315940872994,6.47106369770344,6.40867392428612
1945,Oracle,1340,5,Additive0.015,348400,260,26,6.53247826205652,6.53594326028963,6.56247826205652,,6.49930312853692,6.43841220406801,6.53069991827735,6.46993655575998,6.40902563077889
1945,Oracle Vector,1340,5,Additive0.015,5185800,4671,40,6.52892694558548,6.53594326028963,6.55892694558548,,6.49930312853692,6.43841220406801,6.53069991827735,6.46993655575998,6.40902563077889
1945,Value,1340,5,Additive0.015,1438429,7305,107,6.52653710842348,6.53594326028963,6.55653710842348,,6.49930312853692,6.43841220406801,6.53069991827735,6.46993655575998,6.40902563077889
1945,Vector,1340,5,Additive0.015,6346240,5679,52,6.53139000801763,6.53594326028963,6.56139000801763,,6.49930312853692,6.43841220406801,6.53069991827735,6.46993655575998,6.40902563077889
1945,Dist L1,1340,5,Additive0.015,1491945,7262,111,6.52651529437864,6.53594326028963,6.55651529437864,,6.49930312853692,6.43841220406801,6.53069991827735,6.46993655575998,6.40902563077889
1946,Oracle,1340,5,Additive0.015,348400,260,26,6.53247826205652,6.53484033747466,6.56247826205652,,6.49909991306648,6.43640511897582,6.52967976345503,6.46862840334518,6.40818793318445
1946,Value,1340,5,Additive0.015,1438433,7310,107,6.52653710842348,6.53484033747467,6.55653710842348,,6.49909991306647,6.43640511897581,6.52967976345503,6.46862840334518,6.40818793318444
1946,Oracle Vector,1340,5,Additive0.015,5193840,4678,40,6.52892694558548,6.53484033747467,6.55892694558548,,6.49909991306647,6.43640511897581,6.52967976345503,6.46862840334518,6.40818793318444
1946,Vector,1340,5,Additive0.015,6359640,5690,53,6.51984033747467,6.53484033747467,6.54984033747466,,6.49909991306647,6.43640511897581,6.52967976345503,6.46862840334518,6.40818793318444
1946,Dist L1,1340,5,Additive0.015,1491951,7269,111,6.52651529437864,6.53484033747467,6.55651529437864,,6.49909991306647,6.43640511897581,6.52967976345503,6.46862840334518,6.40818793318444
1947,Oracle,1340,5,Additive0.015,348400,260,26,6.53247826205652,6.53387101072335,6.56247826205652,,6.49819425448205,6.43546984504034,6.52815323642302,6.46771775800582,6.40781100653164
1947,Oracle Vector,1340,5,Additive0.015,5199200,4683,40,6.52892694558548,6.53387101072335,6.55892694558548,,6.49819425448205,6.43546984504034,6.52815323642302,6.46771775800582,6.40781100653164
1947,Vector,1340,5,Additive0.015,6359640,5690,53,6.51984033747467,6.53387101072335,6.54984033747466,,6.49819425448205,6.43546984504034,6.52815323642302,6.46771775800582,6.40781100653164
1947,Value,1340,5,Additive0.015,1451838,7333,108,6.51887101072335,6.53387101072335,6.54887101072335,,6.49819425448205,6.43546984504034,6.52815323642302,6.46771775800582,6.40781100653164
1947,Dist L1,1340,5,Additive0.015,1505356,7291,112,6.51887101072335,6.53387101072335,6.54887101072335,,6.49819425448205,6.43546984504034,6.52815323642302,6.46771775800582,6.40781100653164
1948,Oracle,1340,5,Additive0.015,348400,260,26,6.53247826205652,6.53316686185965,6.56247826205652,,6.49766116159155,6.43520735493605,6.52712253348353,6.46745075728594,6.40828127890998
1948,Oracle Vector,1340,5,Additive0.015,5199200,4683,40,6.52892694558548,6.53316686185965,6.55892694558548,,6.49766116159155,6.43520735493605,6.52712253348353,6.46745075728594,6.40828127890998
1948,Vector,1340,5,Additive0.015,6359640,5690,53,6.51984033747467,6.53316686185965,6.54984033747466,,6.49766116159155,6.43520735493605,6.52712253348353,6.46745075728594,6.40828127890998
1948,Value,1340,5,Additive0.015,1451838,7333,108,6.51887101072335,6.53316686185965,6.54887101072335,,6.49766116159155,6.43520735493605,6.52712253348353,6.46745075728594,6.40828127890998
1948,Dist L1,1340,5,Additive0.015,1505356,7291,112,6.51887101072335,6.53316686185965,6.54887101072335,,6.49766116159155,6.43520735493605,6.52712253348353,6.46745075728594,6.40828127890998
1949,Oracle,1340,5,Additive0.015,348400,260,26,6.53247826205652,6.53259003618857,6.56247826205652,,6.49721185221915,6.43466315463218,6.52640190607812,6.46686796613803,6.40847261149109
1949,Oracle Vector,1340,5,Additive0.015,5204560,4688,40,6.52892694558548,6.53259003618857,6.55892694558548,,6.49721185221915,6.43466315463218,6.52640190607812,6.46686796613803,6.40847261149109
1949,Value,1340,5,Additive0.015,1451838,7333,108,6.51887101072335,6.53259003618857,6.54887101072335,,6.49721185221915,6.43466315463218,6.52640190607812,6.46686796613803,6.40847261149109
1949,Vector,1340,5,Additive0.015,6359640,5690,53,6.51984033747467,6.53259003618857,6.54984033747466,,6.49721185221915,6.43466315463218,6.52640190607812,6.46686796613803,6.40847261149109
1949,Dist L1,1340,5,Additive0.015,1505356,7291,112,6.51887101072335,6.53259003618857,6.54887101072335,,6.49721185221915,6.43466315463218,6.52640190607812,6.46686796613803,6.40847261149109
1950,Oracle,1340,5,Additive0.015,361800,270,27,6.5166616661806,6.5316616661806,6.5466616661806,,6.49715039961438,6.43405718928111,6.52526756490595,6.4657695427888,6.40836871645133
1950,Oracle Vector,1340,5,Additive0.015,5209920,4693,40,6.52892694558548,6.5316616661806,6.55892694558548,,6.49715039961438,6.4340571892811,6.52526756490595,6.4657695427888,6.40836871645133
1950,Vector,1340,5,Additive0.015,6359640,5690,53,6.51984033747467,6.5316616661806,6.54984033747466,,6.49715039961438,6.4340571892811,6.52526756490595,6.46576954278881,6.40836871645133
1950,Value,1340,5,Additive0.015,1451838,7333,108,6.51887101072335,6.5316616661806,6.54887101072335,,6.49715039961438,6.4340571892811,6.52526756490595,6.4657695427888,6.40836871645133
1950,Dist L1,1340,5,Additive0.015,1505356,7291,112,6.51887101072335,6.5316616661806,6.54887101072335,,6.49715039961438,6.4340571892811,6.52526756490595,6.4657695427888,6.40836871645133
1951,Oracle,1340,5,Additive0.015,361800,270,27,6.5166616661806,6.53046921035731,6.5466616661806,,6.49700799574891,6.43350241901065,6.5232000969094,6.46385268476253,6.40827049791366
1951,Oracle Vector,1340,5,Additive0.015,5220640,4702,40,6.52892694558548,6.53046921035731,6.55892694558548,,6.49700799574891,6.43350241901066,6.5232000969094,6.46385268476253,6.40827049791366
1951,Value,1340,5,Additive0.015,1451838,7333,108,6.51887101072335,6.53046921035731,6.54887101072335,,6.49700799574892,6.43350241901066,6.5232000969094,6.46385268476253,6.40827049791366
1951,Vector,1340,5,Additive0.015,6359640,5690,53,6.51984033747467,6.53046921035731,6.54984033747466,,6.49700799574892,6.43350241901066,6.5232000969094,6.46385268476253,6.40827049791366
1951,Dist L1,1340,5,Additive0.015,1505356,7291,112,6.51887101072335,6.53046921035731,6.54887101072335,,6.49700799574892,6.43350241901066,6.5232000969094,6.46385268476253,6.40827049791366
1952,Oracle,1340,5,Additive0.015,361800,270,27,6.5166616661806,6.530175033086,6.5466616661806,,6.49746896220081,6.43360415586771,6.52219923168518,6.46351120261374,6.40853091170877
1952,Value,1340,5,Additive0.015,1451838,7333,108,6.51887101072335,6.53017503308601,6.54887101072335,,6.49746896220081,6.4336041558677,6.52219923168518,6.46351120261374,6.40853091170877
1952,Oracle Vector,1340,5,Additive0.015,5228680,4709,40,6.52892694558548,6.53017503308601,6.55892694558548,,6.49746896220081,6.43360415586771,6.52219923168518,6.46351120261374,6.40853091170877
1952,Vector,1340,5,Additive0.015,6365000,5695,53,6.51984033747467,6.53017503308601,6.54984033747466,,6.49746896220081,6.4336041558677,6.52219923168518,6.46351120261374,6.40853091170877
1952,Dist L1,1340,5,Additive0.015,1505356,7291,112,6.51887101072335,6.530175033086,6.54887101072335,,6.49746896220081,6.4336041558677,6.52219923168518,6.46351120261374,6.40853091170877
1953,Oracle,1340,5,Additive0.015,361800,270,27,6.5166616661806,6.52973449851068,6.5466616661806,,6.49741226393917,6.43338878620406,6.52111109414591,6.46337011997282,6.40889037087353
1953,Value,1340,5,Additive0.015,1451842,7338,108,6.51887101072335,6.52973449851068,6.54887101072335,,6.49741226393917,6.43338878620406,6.52111109414591,6.46337011997282,6.40889037087353
1953,Oracle Vector,1340,5,Additive0.015,5239400,4718,40,6.52892694558548,6.52973449851068,6.55892694558548,,6.49741226393917,6.43338878620406,6.52111109414591,6.46337011997282,6.40889037087353
1953,Vector,1340,5,Additive0.015,6365000,5695,53,6.51984033747467,6.52973449851068,6.54984033747466,,6.49741226393917,6.43338878620406,6.52111109414591,6.46337011997282,6.40889037087353
1953,Dist L1,1340,5,Additive0.015,1505360,7296,112,6.51887101072335,6.52973449851068,6.54887101072335,,6.49741226393917,6.43338878620406,6.52111109414591,6.46337011997282,6.40889037087353
1954,Oracle,1340,5,Additive0.015,361800,270,27,6.5166616661806,6.52866016155484,6.5466616661806,,6.49671414248264,6.43214698877213,6.52007748246771,6.4624090793217,6.40878010828445
1954,Value,1340,5,Additive0.015,1451842,7338,108,6.51887101072335,6.52866016155484,6.54887101072335,,6.49671414248264,6.43214698877213,6.52007748246771,6.4624090793217,6.40878010828446
1954,Oracle Vector,1340,5,Additive0.015,5252800,4729,41,6.51366016155484,6.52866016155484,6.54366016155484,,6.49671414248264,6.43214698877213,6.52007748246771,6.4624090793217,6.40878010828446
1954,Vector,1340,5,Additive0.015,6373040,5702,53,6.51984033747467,6.52866016155484,6.54984033747466,,6.49671414248264,6.43214698877213,6.52007748246771,6.4624090793217,6.40878010828446
1954,Dist L1,1340,5,Additive0.015,1505360,7296,112,6.51887101072335,6.52866016155484,6.54887101072335,,6.49671414248264,6.43214698877213,6.52007748246771,6.4624090793217,6.40878010828446
1955,Oracle,1340,5,Additive0.015,361800,270,27,6.5166616661806,6.52896607951449,6.5466616661806,,6.4983322892888,6.43433845155159,6.5207832758875,6.46218256755525,6.4081221509003
1955,Oracle Vector,1340,5,Additive0.015,5252800,4729,41,6.51366016155484,6.52896607951449,6.54366016155484,,6.4983322892888,6.43433845155159,6.52078327588749,6.46218256755526,6.4081221509003
1955,Value,1340,5,Additive0.015,1451846,7343,108,6.51887101072335,6.52896607951449,6.54887101072335,,6.4983322892888,6.43433845155159,6.52078327588749,6.46218256755526,6.4081221509003
1955,Vector,1340,5,Additive0.015,6378400,5707,53,6.51984033747467,6.52896607951449,6.54984033747466,,6.4983322892888,6.43433845155159,6.52078327588749,6.46218256755526,6.4081221509003
1955,Dist L1,1340,5,Additive0.015,1505364,7301,112,6.51887101072335,6.52896607951449,6.54887101072335,,6.4983322892888,6.43433845155159,6.52078327588749,6.46218256755526,6.4081221509003
1956,Oracle,1340,5,Additive0.015,361800,270,27,6.5166616661806,6.52720552582703,6.5466616661806,,6.49797537813217,6.4328074900328,6.51868953956829,6.46008212785305,6.40634941283765
1956,Value,1340,5,Additive0.015,1451856,7354,108,6.51887101072335,6.52720552582703,6.54887101072335,,6.49797537813217,6.4328074900328,6.51868953956829,6.46008212785305,6.40634941283765
1956,Oracle Vector,1340,5,Additive0.015,5252800,4729,41,6.51366016155484,6.52720552582703,6.54366016155484,,6.49797537813217,6.4328074900328,6.51868953956829,6.46008212785304,6.40634941283765
1956,Vector,1340,5,Additive0.015,6383760,5712,53,6.51984033747467,6.52720552582703,6.54984033747466,,6.49797537813217,6.4328074900328,6.51868953956829,6.46008212785304,6.40634941283765
1956,Dist L1,1340,5,Additive0.015,1505374,7313,112,6.51887101072335,6.52720552582703,6.54887101072335,,6.49797537813217,6.4328074900328,6.51868953956829,6.46008212785305,6.40634941283765
1957,Oracle,1340,5,Additive0.015,361800,270,27,6.5166616661806,6.52615913204816,6.5466616661806,,6.49824322691456,6.43221442991075,6.5177641919833,6.45929816888109,6.40730776604887
1957,Oracle Vector,1340,5,Additive0.015,5252800,4729,41,6.51366016155484,6.52615913204816,6.54366016155484,,6.49824322691456,6.43221442991075,6.5177641919833,6.45929816888109,6.40730776604887
1957,Vector,1340,5,Additive0.015,6389120,5717,53,6.51984033747467,6.52615913204816,6.54984033747466,,6.49824322691456,6.43221442991075,6.5177641919833,6.45929816888109,6.40730776604887
1957,Value,1340,5,Additive0.015,1465261,7375,109,6.51115913204816,6.52615913204816,6.54115913204816,,6.49824322691456,6.43221442991075,6.5177641919833,6.45929816888109,6.40730776604886
1957,Dist L1,1340,5,Additive0.015,1518779,7334,113,6.51115913204816,6.52615913204816,6.54115913204816,,6.49824322691456,6.43221442991075,6.5177641919833,6.45929816888109,6.40730776604886
1958,Oracle,1340,5,Additive0.015,361800,270,27,6.5166616661806,6.52411176848881,6.5466616661806,,6.49698672632135,6.43126957147466,6.51580385410273,6.45712479991695,6.40609109765307
1958,Oracle Vector,1340,5,Additive0.015,5252800,4729,41,6.51366016155484,6.52411176848881,6.54366016155484,,6.49698672632135,6.43126957147466,6.51580385410273,6.45712479991695,6.40609109765307
1958,Value,1340,5,Additive0.015,1465261,7375,109,6.51115913204816,6.52411176848881,6.54115913204816,,6.49698672632135,6.43126957147466,6.51580385410273,6.45712479991695,6.40609109765307
1958,Vector,1340,5,Additive0.015,6402520,5728,53,6.51984033747467,6.52411176848881,6.54984033747466,,6.49698672632135,6.43126957147466,6.51580385410273,6.45712479991695,6.40609109765307
1958,Dist L1,1340,5,Additive0.015,1518779,7334,113,6.51115913204816,6.52411176848881,6.54115913204816,,6.49698672632135,6.43126957147466,6.51580385410273,6.45712479991695,6.40609109765307
1959,Oracle,1340,5,Additive0.015,361800,270,27,6.5166616661806,6.52199157320763,6.5466616661806,,6.49568021848622,6.42960656434692,6.51341369918962,6.45503632460048,6.40475779779957
1959,Oracle Vector,1340,5,Additive0.015,5252800,4729,41,6.51366016155484,6.52199157320763,6.54366016155484,,6.49568021848622,6.42960656434692,6.51341369918961,6.45503632460048,6.40475779779957
1959,Value,1340,5,Additive0.015,1465261,7375,109,6.51115913204816,6.52199157320763,6.54115913204816,,6.49568021848622,6.42960656434692,6.51341369918961,6.45503632460048,6.40475779779957
1959,Vector,1340,5,Additive0.015,6415920,5738,54,6.50699157320762,6.52199157320762,6.53699157320762,,6.49568021848622,6.42960656434692,6.51341369918961,6.45503632460048,6.40475779779957
1959,Dist L1,1340,5,Additive0.015,1518779,7334,113,6.51115913204816,6.52199157320763,6.54115913204816,,6.49568021848622,6.42960656434692,6.51341369918961,6.45503632460048,6.40475779779957
1960,Oracle,1340,5,Additive0.015,361800,270,27,6.5166616661806,6.51984174792714,6.5466616661806,,6.49411920850933,6.4282739150388,6.51177329732635,6.45278856665391,6.40335585077581
1960,Oracle Vector,1340,5,Additive0.015,5252800,4729,41,6.51366016155484,6.51984174792714,6.54366016155484,,6.49411920850933,6.4282739150388,6.51177329732635,6.45278856665391,6.40335585077581
1960,Vector,1340,5,Additive0.015,6415920,5738,54,6.50699157320762,6.51984174792714,6.53699157320762,,6.49411920850934,6.4282739150388,6.51177329732635,6.4527885666539,6.40335585077581
1960,Value,1340,5,Additive0.015,1465261,7375,109,6.51115913204816,6.51984174792714,6.54115913204816,,6.49411920850934,6.4282739150388,6.51177329732635,6.4527885666539,6.40335585077581
1960,Dist L1,1340,5,Additive0.015,1518779,7334,113,6.51115913204816,6.51984174792714,6.54115913204816,,6.49411920850934,6.4282739150388,6.51177329732635,6.4527885666539,6.40335585077581
1961,Oracle,1340,5,Additive0.015,361800,270,27,6.5166616661806,6.51795133684762,6.5466616661806,,6.49341497164068,6.42683348999288,6.510390655752,6.45049924219816,6.40133868024372
1961,Oracle Vector,1340,5,Additive0.015,5258160,4734,41,6.51366016155484,6.51795133684762,6.54366016155484,,6.49341497164068,6.42683348999288,6.510390655752,6.45049924219816,6.40133868024372
1961,Vector,1340,5,Additive0.015,6415920,5738,54,6.50699157320762,6.51795133684762,6.53699157320762,,6.49341497164068,6.42683348999288,6.510390655752,6.45049924219816,6.40133868024372
1961,Value,1340,5,Additive0.015,1465269,7385,109,6.51115913204816,6.51795133684762,6.54115913204816,,6.49341497164068,6.42683348999288,6.510390655752,6.45049924219816,6.40133868024372
1961,Dist L1,1340,5,Additive0.015,1518787,7344,113,6.51115913204816,6.51795133684762,6.54115913204816,,6.49341497164068,6.42683348999288,6.510390655752,6.45049924219816,6.40133868024372
1962,Oracle,1340,5,Additive0.015,361800,270,27,6.5166616661806,6.51774992686774,6.5466616661806,,6.49412178154059,6.42610265376885,6.51102466263184,6.44944628467122,6.39977265053712
1962,Oracle Vector,1340,5,Additive0.015,5263520,4739,41,6.51366016155484,6.51774992686774,6.54366016155484,,6.49412178154059,6.42610265376885,6.51102466263184,6.44944628467122,6.39977265053711
1962,Vector,1340,5,Additive0.015,6415920,5738,54,6.50699157320762,6.51774992686774,6.53699157320762,,6.49412178154059,6.42610265376885,6.51102466263184,6.44944628467122,6.39977265053711
1962,Value,1340,5,Additive0.015,1465277,7394,109,6.51115913204816,6.51774992686774,6.54115913204816,,6.49412178154059,6.42610265376885,6.51102466263184,6.44944628467122,6.39977265053711
1962,Dist L1,1340,5,Additive0.015,1518793,7351,113,6.51115913204816,6.51774992686774,6.54115913204816,,6.49412178154059,6.42610265376885,6.51102466263184,6.44944628467122,6.39977265053711
1963,Oracle,1340,5,Additive0.015,361800,270,27,6.5166616661806,6.51697904515209,6.5466616661806,,6.49342583759246,6.426364519208,6.51150849535786,6.44785888019123,6.39801768446734
1963,Oracle Vector,1340,5,Additive0.015,5268880,4744,41,6.51366016155484,6.51697904515209,6.54366016155484,,6.49342583759246,6.426364519208,6.51150849535786,6.44785888019123,6.39801768446734
1963,Vector,1340,5,Additive0.015,6415920,5738,54,6.50699157320762,6.51697904515209,6.53699157320762,,6.49342583759246,6.426364519208,6.51150849535786,6.44785888019123,6.39801768446734
1963,Value,1340,5,Additive0.015,1478682,7416,110,6.50197904515209,6.51697904515209,6.53197904515209,,6.49342583759246,6.426364519208,6.51150849535786,6.44785888019123,6.39801768446734
1963,Dist L1,1340,5,Additive0.015,1532198,7373,114,6.5019790451521,6.5169790451521,6.5319790451521,,6.49342583759246,6.426364519208,6.51150849535786,6.44785888019123,6.39801768446734
1964,Oracle,1340,5,Additive0.015,375200,280,28,6.50112845536437,6.51612845536437,6.53112845536436,,6.49267353666904,6.42580938603634,6.5111901375187,6.44658819597537,6.39674583562363
1964,Oracle Vector,1340,5,Additive0.015,5274240,4749,41,6.51366016155484,6.51612845536436,6.54366016155484,,6.49267353666904,6.42580938603634,6.5111901375187,6.44658819597537,6.39674583562363
1964,Value,1340,5,Additive0.015,1478682,7416,110,6.50197904515209,6.51612845536437,6.53197904515209,,6.49267353666904,6.42580938603634,6.5111901375187,6.44658819597537,6.39674583562363
1964,Vector,1340,5,Additive0.015,6421280,5743,54,6.50699157320762,6.51612845536437,6.53699157320762,,6.49267353666904,6.42580938603634,6.5111901375187,6.44658819597537,6.39674583562363
1964,Dist L1,1340,5,Additive0.015,1532198,7373,114,6.5019790451521,6.51612845536437,6.5319790451521,,6.49267353666904,6.42580938603634,6.5111901375187,6.44658819597537,6.39674583562363
1965,Oracle,1340,5,Additive0.015,375200,280,28,6.50112845536437,6.51525404123113,6.53112845536436,,6.49237000568925,6.42459043094863,6.51076102888623,6.44487354302671,6.39612699518092
1965,Oracle Vector,1340,5,Additive0.015,5282280,4756,41,6.51366016155484,6.51525404123113,6.54366016155484,,6.49237000568925,6.42459043094864,6.51076102888623,6.44487354302671,6.39612699518092
1965,Value,1340,5,Additive0.015,1478682,7416,110,6.50197904515209,6.51525404123113,6.53197904515209,,6.49237000568925,6.42459043094864,6.51076102888623,6.44487354302671,6.39612699518092
1965,Vector,1340,5,Additive0.015,6426640,5748,54,6.50699157320762,6.51525404123113,6.53699157320762,,6.49237000568925,6.42459043094864,6.51076102888623,6.44487354302671,6.39612699518093
1965,Dist L1,1340,5,Additive0.015,1532198,7373,114,6.5019790451521,6.51525404123113,6.5319790451521,,6.49237000568925,6.42459043094864,6.51076102888623,6.44487354302671,6.39612699518092
1966,Oracle,1340,5,Additive0.015,375200,280,28,6.50112845536437,6.51492363309314,6.53112845536436,,6.49266876984671,6.42379632078891,6.51120245069215,6.44384817869807,6.39535928602196
1966,Oracle Vector,1340,5,Additive0.015,5282280,4756,41,6.51366016155484,6.51492363309315,6.54366016155484,,6.49266876984671,6.42379632078891,6.51120245069215,6.44384817869807,6.39535928602196
1966,Value,1340,5,Additive0.015,1478682,7416,110,6.50197904515209,6.51492363309315,6.53197904515209,,6.49266876984671,6.42379632078891,6.51120245069215,6.44384817869807,6.39535928602196
1966,Vector,1340,5,Additive0.015,6426640,5748,54,6.50699157320762,6.51492363309314,6.53699157320762,,6.49266876984671,6.42379632078891,6.51120245069215,6.44384817869807,6.39535928602196
1966,Dist L1,1340,5,Additive0.015,1532198,7373,114,6.5019790451521,6.51492363309315,6.5319790451521,,6.49266876984671,6.42379632078891,6.51120245069215,6.44384817869807,6.39535928602196
1967,Oracle,1340,5,Additive0.015,375200,280,28,6.50112845536437,6.51476646753978,6.53112845536436,,6.49280187009316,6.42377083452668,6.51160545979318,6.44235503931982,6.39498040485194
1967,Oracle Vector,1340,5,Additive0.015,5295680,4767,41,6.51366016155484,6.51476646753978,6.54366016155484,,6.49280187009316,6.42377083452668,6.51160545979318,6.44235503931982,6.39498040485194
1967,Value,1340,5,Additive0.015,1478682,7416,110,6.50197904515209,6.51476646753978,6.53197904515209,,6.49280187009316,6.42377083452668,6.51160545979318,6.44235503931982,6.39498040485194
1967,Vector,1340,5,Additive0.015,6432000,5753,54,6.50699157320762,6.51476646753978,6.53699157320762,,6.49280187009316,6.42377083452668,6.51160545979318,6.44235503931982,6.39498040485194
1967,Dist L1,1340,5,Additive0.015,1532198,7373,114,6.5019790451521,6.51476646753978,6.5319790451521,,6.49280187009316,6.42377083452668,6.51160545979318,6.44235503931982,6.39498040485194
1968,Oracle,1340,5,Additive0.015,375200,280,28,6.50112845536437,6.51394514137548,6.53112845536436,,6.49199375863189,6.42370492187485,6.51147046681083,6.44049209950703,6.39414576030839
1968,Value,1340,5,Additive0.015,1478682,7416,110,6.50197904515209,6.51394514137548,6.53197904515209,,6.49199375863189,6.42370492187485,6.51147046681083,6.44049209950703,6.39414576030839
1968,Oracle Vector,1340,5,Additive0.015,5306400,4777,41,6.51366016155484,6.51394514137548,6.54366016155484,,6.49199375863189,6.42370492187485,6.51147046681083,6.44049209950703,6.39414576030839
1968,Vector,1340,5,Additive0.015,6432000,5753,54,6.50699157320762,6.51394514137548,6.53699157320762,,6.49199375863189,6.42370492187485,6.51147046681083,6.44049209950703,6.39414576030839
1968,Dist L1,1340,5,Additive0.015,1532198,7373,114,6.5019790451521,6.51394514137548,6.5319790451521,,6.49199375863189,6.42370492187485,6.51147046681083,6.44049209950703,6.39414576030839
1969,Oracle,1340,5,Additive0.015,375200,280,28,6.50112845536437,6.51296552481048,6.53112845536436,,6.49115342841797,6.42293619408834,6.51048745449334,6.43907486246978,6.39404177161207
1969,Value,1340,5,Additive0.015,1478682,7416,110,6.50197904515209,6.51296552481048,6.53197904515209,,6.49115342841797,6.42293619408833,6.51048745449334,6.43907486246978,6.39404177161207
1969,Oracle Vector,1340,5,Additive0.015,5319800,4787,42,6.49796552481047,6.51296552481047,6.52796552481047,,6.49115342841797,6.42293619408833,6.51048745449334,6.43907486246978,6.39404177161207
1969,Vector,1340,5,Additive0.015,6445400,5764,54,6.50699157320762,6.51296552481047,6.53699157320762,,6.49115342841797,6.42293619408833,6.51048745449334,6.43907486246978,6.39404177161207
1969,Dist L1,1340,5,Additive0.015,1532198,7373,114,6.5019790451521,6.51296552481048,6.5319790451521,,6.49115342841797,6.42293619408833,6.51048745449334,6.43907486246978,6.39404177161207
1970,Oracle,1340,5,Additive0.015,375200,280,28,6.50112845536437,6.51218232669599,6.53112845536436,,6.48994649171646,6.42244174433466,6.51003174451444,6.43859708052748,6.39441524845927
1970,Oracle Vector,1340,5,Additive0.015,5319800,4787,42,6.49796552481047,6.51218232669599,6.52796552481047,,6.48994649171646,6.42244174433466,6.51003174451444,6.43859708052748,6.39441524845927
1970,Value,1340,5,Additive0.015,1478686,7421,110,6.50197904515209,6.51218232669599,6.53197904515209,,6.48994649171646,6.42244174433466,6.51003174451444,6.43859708052748,6.39441524845927
1970,Vector,1340,5,Additive0.015,6450760,5769,54,6.50699157320762,6.51218232669599,6.53699157320762,,6.48994649171646,6.42244174433466,6.51003174451444,6.43859708052748,6.39441524845927
1970,Dist L1,1340,5,Additive0.015,1532202,7378,114,6.5019790451521,6.51218232669599,6.5319790451521,,6.48994649171646,6.42244174433466,6.51003174451444,6.43859708052748,6.39441524845927
1971,Oracle,1340,5,Additive0.015,375200,280,28,6.50112845536437,6.51155426111066,6.53112845536436,,6.48777394734283,6.42299268386993,6.50874761855489,6.43833104207187,6.39528726967844
1971,Oracle Vector,1340,5,Additive0.015,5319800,4787,42,6.49796552481047,6.51155426111066,6.52796552481047,,6.48777394734283,6.42299268386993,6.50874761855489,6.43833104207187,6.39528726967844
1971,Value,1340,5,Additive0.015,1478692,7429,110,6.50197904515209,6.51155426111066,6.53197904515209,,6.48777394734283,6.42299268386993,6.50874761855489,6.43833104207187,6.39528726967844
1971,Vector,1340,5,Additive0.015,6464160,5781,54,6.50699157320762,6.51155426111066,6.53699157320762,,6.48777394734283,6.42299268386993,6.50874761855489,6.43833104207187,6.39528726967844
1971,Dist L1,1340,5,Additive0.015,1532210,7389,114,6.5019790451521,6.51155426111066,6.5319790451521,,6.48777394734283,6.42299268386993,6.50874761855489,6.43833104207187,6.39528726967844
1972,Oracle,1340,5,Additive0.015,375200,280,28,6.50112845536437,6.51150729776285,6.53112845536436,,6.48781635688601,6.42356372034785,6.50784868780493,6.43803664708534,6.39595839240439
1972,Oracle Vector,1340,5,Additive0.015,5319800,4787,42,6.49796552481047,6.51150729776285,6.52796552481047,,6.48781635688601,6.42356372034785,6.50784868780493,6.43803664708534,6.39595839240439
1972,Value,1340,5,Additive0.015,1478700,7438,110,6.50197904515209,6.51150729776285,6.53197904515209,,6.48781635688601,6.42356372034785,6.50784868780493,6.43803664708534,6.39595839240439
1972,Vector,1340,5,Additive0.015,6477560,5793,54,6.50699157320762,6.51150729776285,6.53699157320762,,6.48781635688601,6.42356372034785,6.50784868780493,6.43803664708534,6.39595839240439
1972,Dist L1,1340,5,Additive0.015,1532214,7394,114,6.5019790451521,6.51150729776285,6.5319790451521,,6.48781635688601,6.42356372034785,6.50784868780493,6.43803664708534,6.39595839240439
1973,Oracle,1340,5,Additive0.015,375200,280,28,6.50112845536437,6.5109650079603,6.53112845536436,,6.48738249536417,6.42333378826387,6.50747218462231,6.43696893968256,6.39695776007582
1973,Oracle Vector,1340,5,Additive0.015,5319800,4787,42,6.49796552481047,6.5109650079603,6.52796552481047,,6.48738249536417,6.42333378826387,6.50747218462231,6.43696893968256,6.39695776007582
1973,Value,1340,5,Additive0.015,1478700,7438,110,6.50197904515209,6.5109650079603,6.53197904515209,,6.48738249536417,6.42333378826387,6.50747218462231,6.43696893968256,6.39695776007582
1973,Vector,1340,5,Additive0.015,6490960,5804,55,6.4959650079603,6.5109650079603,6.5259650079603,,6.48738249536417,6.42333378826387,6.50747218462231,6.43696893968256,6.39695776007582
1973,Dist L1,1340,5,Additive0.015,1532222,7403,114,6.5019790451521,6.5109650079603,6.5319790451521,,6.48738249536417,6.42333378826387,6.50747218462231,6.43696893968256,6.39695776007582
1974,Oracle,1340,5,Additive0.015,375200,280,28,6.50112845536437,6.51006776805135,6.53112845536436,,6.48732153432853,6.42238448704227,6.50622812885801,6.43574394221428,6.39675340827971
1974,Oracle Vector,1340,5,Additive0.015,5319800,4787,42,6.49796552481047,6.51006776805135,6.52796552481047,,6.48732153432853,6.42238448704227,6.50622812885801,6.43574394221428,6.3967534082797
1974,Vector,1340,5,Additive0.015,6490960,5804,55,6.4959650079603,6.51006776805135,6.5259650079603,,6.48732153432853,6.42238448704227,6.50622812885801,6.43574394221428,6.3967534082797
1974,Value,1340,5,Additive0.015,1492105,7460,111,6.49506776805134,6.51006776805134,6.52506776805134,,6.48732153432853,6.42238448704227,6.50622812885801,6.43574394221428,6.3967534082797
1974,Dist L1,1340,5,Additive0.015,1545627,7424,115,6.49506776805134,6.51006776805134,6.52506776805134,,6.48732153432853,6.42238448704227,6.50622812885801,6.43574394221428,6.3967534082797
1975,Oracle,1340,5,Additive0.015,375200,280,28,6.50112845536437,6.50889989323216,6.53112845536436,,6.48648959427388,6.42153667793587,6.50495401469513,6.43369249943179,6.39685896154136
1975,Oracle Vector,1340,5,Additive0.015,5319800,4787,42,6.49796552481047,6.50889989323216,6.52796552481047,,6.48648959427388,6.42153667793587,6.50495401469513,6.43369249943179,6.39685896154136
1975,Vector,1340,5,Additive0.015,6490960,5804,55,6.4959650079603,6.50889989323216,6.5259650079603,,6.48648959427388,6.42153667793587,6.50495401469513,6.43369249943179,6.39685896154136
1975,Value,1340,5,Additive0.015,1492105,7460,111,6.49506776805134,6.50889989323216,6.52506776805134,,6.48648959427388,6.42153667793587,6.50495401469513,6.43369249943179,6.39685896154136
1975,Dist L1,1340,5,Additive0.015,1545627,7424,115,6.49506776805134,6.50889989323216,6.52506776805134,,6.48648959427388,6.42153667793587,6.50495401469513,6.43369249943179,6.39685896154136
1976,Oracle,1340,5,Additive0.015,375200,280,28,6.50112845536437,6.50874447649195,6.53112845536436,,6.48571056317493,6.42162208175221,6.50445699731514,6.43236991376717,6.39769452165854
1976,Oracle Vector,1340,5,Additive0.015,5319800,4787,42,6.49796552481047,6.50874447649194,6.52796552481047,,6.48571056317493,6.4216220817522,6.50445699731514,6.43236991376717,6.39769452165854
1976,Vector,1340,5,Additive0.015,6490960,5804,55,6.4959650079603,6.50874447649194,6.5259650079603,,6.48571056317493,6.4216220817522,6.50445699731514,6.43236991376717,6.39769452165854
1976,Value,1340,5,Additive0.015,1492105,7460,111,6.49506776805134,6.50874447649194,6.52506776805134,,6.48571056317493,6.4216220817522,6.50445699731514,6.43236991376717,6.39769452165854
1976,Dist L1,1340,5,Additive0.015,1545627,7424,115,6.49506776805134,6.50874447649194,6.52506776805134,,6.48571056317493,6.4216220817522,6.50445699731514,6.43236991376717,6.39769452165854
1977,Oracle,1340,5,Additive0.015,375200,280,28,6.50112845536437,6.50954654824105,6.53112845536436,,6.48670260378708,6.42246277500186,6.50459390600702,6.43255229090336,6.39961753299341
1977,Value,1340,5,Additive0.015,1492105,7460,111,6.49506776805134,6.50954654824105,6.52506776805134,,6.48670260378708,6.42246277500186,6.50459390600702,6.43255229090336,6.39961753299341
1977,Oracle Vector,1340,5,Additive0.015,5319800,4787,42,6.49796552481047,6.50954654824105,6.52796552481047,,6.48670260378708,6.42246277500186,6.50459390600702,6.43255229090336,6.39961753299341
1977,Vector,1340,5,Additive0.015,6490960,5804,55,6.4959650079603,6.50954654824105,6.5259650079603,,6.48670260378708,6.42246277500186,6.50459390600702,6.43255229090337,6.39961753299341
1977,Dist L1,1340,5,Additive0.015,1545627,7424,115,6.49506776805134,6.50954654824105,6.52506776805134,,6.48670260378708,6.42246277500186,6.50459390600702,6.43255229090336,6.39961753299341
1978,Oracle,1340,5,Additive0.015,375200,280,28,6.50112845536437,6.50942864719212,6.53112845536436,,6.48687859880736,6.4226291702223,6.50435030839509,6.43175434957623,6.39971598851659
1978,Oracle Vector,1340,5,Additive0.015,5319800,4787,42,6.49796552481047,6.50942864719212,6.52796552481047,,6.48687859880736,6.4226291702223,6.50435030839509,6.43175434957623,6.39971598851659
1978,Value,1340,5,Additive0.015,1492105,7460,111,6.49506776805134,6.50942864719212,6.52506776805134,,6.48687859880736,6.4226291702223,6.50435030839509,6.43175434957623,6.39971598851659
1978,Vector,1340,5,Additive0.015,6490960,5804,55,6.4959650079603,6.50942864719212,6.5259650079603,,6.48687859880736,6.4226291702223,6.50435030839509,6.43175434957623,6.39971598851659
1978,Dist L1,1340,5,Additive0.015,1545627,7424,115,6.49506776805134,6.50942864719212,6.52506776805134,,6.48687859880736,6.4226291702223,6.50435030839509,6.43175434957623,6.39971598851659
1979,Oracle,1340,5,Additive0.015,375200,280,28,6.50112845536437,6.50914177449797,6.53112845536436,,6.48661600928154,6.42231789581408,6.50470090716705,6.43056113254345,6.3983422323709
1979,Oracle Vector,1340,5,Additive0.015,5319800,4787,42,6.49796552481047,6.50914177449797,6.52796552481047,,6.48661600928154,6.42231789581408,6.50470090716705,6.43056113254345,6.3983422323709
1979,Value,1340,5,Additive0.015,1492105,7460,111,6.49506776805134,6.50914177449797,6.52506776805134,,6.48661600928154,6.42231789581408,6.50470090716705,6.43056113254345,6.3983422323709
1979,Vector,1340,5,Additive0.015,6490960,5804,55,6.4959650079603,6.50914177449797,6.5259650079603,,6.48661600928154,6.42231789581408,6.50470090716705,6.43056113254345,6.3983422323709
1979,Dist L1,1340,5,Additive0.015,1545627,7424,115,6.49506776805134,6.50914177449797,6.52506776805134,,6.48661600928154,6.42231789581408,6.50470090716705,6.43056113254345,6.3983422323709
1980,Oracle,1340,5,Additive0.015,375200,280,28,6.50112845536437,6.5093671276049,6.53112845536436,,6.48740722337607,6.42173969442656,6.50506102143484,6.42945178112069,6.39813638140303
1980,Oracle Vector,1340,5,Additive0.015,5319800,4787,42,6.49796552481047,6.5093671276049,6.52796552481047,,6.48740722337607,6.42173969442656,6.50506102143484,6.42945178112069,6.39813638140303
1980,Value,1340,5,Additive0.015,1492105,7460,111,6.49506776805134,6.5093671276049,6.52506776805134,,6.48740722337607,6.42173969442656,6.50506102143484,6.42945178112069,6.39813638140303
1980,Vector,1340,5,Additive0.015,6490960,5804,55,6.4959650079603,6.5093671276049,6.5259650079603,,6.48740722337607,6.42173969442656,6.50506102143484,6.42945178112069,6.39813638140303
1980,Dist L1,1340,5,Additive0.015,1545627,7424,115,6.49506776805134,6.5093671276049,6.52506776805134,,6.48740722337607,6.42173969442656,6.50506102143484,6.42945178112069,6.39813638140303
1981,Oracle,1340,5,Additive0.015,375200,280,28,6.50112845536437,6.50989207098976,6.53112845536436,,6.48844973737178,6.42172143660414,6.50541958251764,6.4287955452114,6.39851102533442
1981,Oracle Vector,1340,5,Additive0.015,5319800,4787,42,6.49796552481047,6.50989207098976,6.52796552481047,,6.48844973737178,6.42172143660414,6.50541958251764,6.4287955452114,6.39851102533442
1981,Vector,1340,5,Additive0.015,6490960,5804,55,6.4959650079603,6.50989207098976,6.5259650079603,,6.48844973737178,6.42172143660414,6.50541958251764,6.4287955452114,6.39851102533442
1981,Value,1340,5,Additive0.015,1492105,7460,111,6.49506776805134,6.50989207098976,6.52506776805134,,6.48844973737178,6.42172143660414,6.50541958251764,6.4287955452114,6.39851102533442
1981,Dist L1,1340,5,Additive0.015,1545627,7424,115,6.49506776805134,6.50989207098976,6.52506776805134,,6.48844973737178,6.42172143660414,6.50541958251764,6.4287955452114,6.39851102533442
1982,Oracle,1340,5,Additive0.015,375200,280,28,6.50112845536437,6.51049913710927,6.53112845536436,,6.4892766636127,6.42269319843436,6.50556617741541,6.42856058486902,6.39971185758875
1982,Oracle Vector,1340,5,Additive0.015,5319800,4787,42,6.49796552481047,6.51049913710927,6.52796552481047,,6.4892766636127,6.42269319843436,6.50556617741542,6.42856058486902,6.39971185758874
1982,Vector,1340,5,Additive0.015,6490960,5804,55,6.4959650079603,6.51049913710927,6.5259650079603,,6.4892766636127,6.42269319843436,6.50556617741542,6.42856058486902,6.39971185758874
1982,Value,1340,5,Additive0.015,1492105,7460,111,6.49506776805134,6.51049913710927,6.52506776805134,,6.4892766636127,6.42269319843436,6.50556617741542,6.42856058486902,6.39971185758874
1982,Dist L1,1340,5,Additive0.015,1545627,7424,115,6.49506776805134,6.51049913710927,6.52506776805134,,6.4892766636127,6.42269319843436,6.50556617741542,6.42856058486902,6.39971185758874
1983,Oracle,1340,5,Additive0.015,375200,280,28,6.50112845536437,6.51148266421651,6.53112845536436,,6.48962053682365,6.42316193578975,6.50704927932463,6.42888459702355,6.40059918953243
1983,Vector,1340,5,Additive0.015,6490960,5804,55,6.4959650079603,6.51148266421651,6.5259650079603,,6.48962053682365,6.42316193578975,6.50704927932463,6.42888459702355,6.40059918953243
1983,Value,1340,5,Additive0.015,1492105,7460,111,6.49506776805134,6.51148266421651,6.52506776805134,,6.48962053682365,6.42316193578975,6.50704927932463,6.42888459702355,6.40059918953243
1983,Oracle Vector,1340,5,Additive0.015,5319800,4787,42,6.49796552481047,6.51148266421651,6.52796552481047,,6.48962053682365,6.42316193578975,6.50704927932463,6.42888459702355,6.40059918953243
1983,Dist L1,1340,5,Additive0.015,1545627,7424,115,6.49506776805134,6.51148266421651,6.52506776805134,,6.48962053682365,6.42316193578975,6.50704927932463,6.42888459702355,6.40059918953243
1984,Oracle,1340,5,Additive0.015,375200,280,28,6.50112845536437,6.51232086362908,6.53112845536436,,6.49023961809601,6.42400096135087,6.50733547629361,6.42952179462023,6.40170790393611
1984,Value,1340,5,Additive0.015,1492109,7465,111,6.49506776805134,6.51232086362909,6.52506776805134,,6.49023961809601,6.42400096135087,6.50733547629361,6.42952179462023,6.40170790393611
1984,Vector,1340,5,Additive0.015,6496320,5809,55,6.4959650079603,6.51232086362909,6.5259650079603,,6.49023961809601,6.42400096135087,6.50733547629361,6.42952179462023,6.40170790393611
1984,Oracle Vector,1340,5,Additive0.015,5330520,4797,42,6.49796552481047,6.51232086362909,6.52796552481047,,6.49023961809601,6.42400096135087,6.50733547629361,6.42952179462023,6.40170790393611
1984,Dist L1,1340,5,Additive0.015,1545631,7429,115,6.49506776805134,6.51232086362909,6.52506776805134,,6.49023961809601,6.42400096135087,6.50733547629361,6.42952179462023,6.40170790393611
1985,Oracle,1340,5,Additive0.015,375200,280,28,6.50112845536437,6.51314555873963,6.53112845536436,,6.48979329565789,6.42516248970407,6.50770777892317,6.43008229205728,6.40311094016162
1985,Oracle Vector,1340,5,Additive0.015,5330520,4797,42,6.49796552481047,6.51314555873963,6.52796552481047,,6.4897932956579,6.42516248970407,6.50770777892317,6.43008229205729,6.40311094016163
1985,Vector,1340,5,Additive0.015,6496320,5809,55,6.4959650079603,6.51314555873963,6.5259650079603,,6.4897932956579,6.42516248970407,6.50770777892317,6.43008229205729,6.40311094016163
1985,Value,1340,5,Additive0.015,1492109,7465,111,6.49506776805134,6.51314555873963,6.52506776805134,,6.4897932956579,6.42516248970407,6.50770777892317,6.43008229205728,6.40311094016163
1985,Dist L1,1340,5,Additive0.015,1545631,7429,115,6.49506776805134,6.51314555873963,6.52506776805134,,6.4897932956579,6.42516248970407,6.50770777892317,6.43008229205728,6.40311094016163
1986,Oracle,1340,5,Additive0.015,375200,280,28,6.50112845536437,6.51399757459768,6.53112845536436,,6.48993830993382,6.42516421452099,6.5079086216041,6.43159726691602,6.40402113581177
1986,Oracle Vector,1340,5,Additive0.015,5330520,4797,42,6.49796552481047,6.51399757459768,6.52796552481047,,6.48993830993382,6.42516421452099,6.5079086216041,6.43159726691602,6.40402113581177
1986,Vector,1340,5,Additive0.015,6496320,5809,55,6.4959650079603,6.51399757459768,6.5259650079603,,6.48993830993382,6.42516421452099,6.5079086216041,6.43159726691602,6.40402113581177
1986,Value,1340,5,Additive0.015,1492109,7465,111,6.49506776805134,6.51399757459768,6.52506776805134,,6.48993830993382,6.42516421452099,6.5079086216041,6.43159726691602,6.40402113581177
1986,Dist L1,1340,5,Additive0.015,1545635,7434,115,6.49506776805134,6.51399757459768,6.52506776805134,,6.48993830993382,6.42516421452099,6.5079086216041,6.43159726691602,6.40402113581177
1987,Oracle,1340,5,Additive0.015,375200,280,28,6.50112845536437,6.51501553145697,6.53112845536436,,6.49031173013188,6.42679092282426,6.50834852873647,6.43199588495334,6.40423517906126
1987,Value,1340,5,Additive0.015,1492109,7465,111,6.49506776805134,6.51501553145697,6.52506776805134,,6.49031173013188,6.42679092282426,6.50834852873647,6.43199588495334,6.40423517906127
1987,Vector,1340,5,Additive0.015,6501680,5814,55,6.4959650079603,6.51501553145697,6.5259650079603,,6.49031173013188,6.42679092282426,6.50834852873647,6.43199588495334,6.40423517906127
1987,Oracle Vector,1340,5,Additive0.015,5335880,4802,42,6.49796552481047,6.51501553145697,6.52796552481047,,6.49031173013188,6.42679092282426,6.50834852873647,6.43199588495334,6.40423517906126
1987,Dist L1,1340,5,Additive0.015,1545635,7434,115,6.49506776805134,6.51501553145697,6.52506776805134,,6.49031173013188,6.42679092282426,6.50834852873647,6.43199588495334,6.40423517906127
1988,Oracle,1340,5,Additive0.015,375200,280,28,6.50112845536437,6.51489604470706,6.53112845536436,,6.49055872507603,6.42714843979757,6.50781771905704,6.43200673884199,6.40317278512748
1988,Oracle Vector,1340,5,Additive0.015,5335880,4802,42,6.49796552481047,6.51489604470706,6.52796552481047,,6.49055872507603,6.42714843979757,6.50781771905704,6.43200673884199,6.40317278512748
1988,Value,1340,5,Additive0.015,1492113,7470,111,6.49506776805134,6.51489604470706,6.52506776805134,,6.49055872507603,6.42714843979757,6.50781771905704,6.43200673884199,6.40317278512748
1988,Vector,1340,5,Additive0.015,6507040,5819,55,6.4959650079603,6.51489604470706,6.5259650079603,,6.49055872507603,6.42714843979757,6.50781771905704,6.43200673884199,6.40317278512748
1988,Dist L1,1340,5,Additive0.015,1545635,7434,115,6.49506776805134,6.51489604470706,6.52506776805134,,6.49055872507603,6.42714843979757,6.50781771905704,6.43200673884199,6.40317278512748
1989,Oracle,1340,5,Additive0.015,375200,280,28,6.50112845536437,6.51565102987405,6.53112845536436,,6.49087124162308,6.42788273740091,6.50855534141429,6.43210681375851,6.40404819132516
1989,Oracle Vector,1340,5,Additive0.015,5335880,4802,42,6.49796552481047,6.51565102987405,6.52796552481047,,6.49087124162308,6.42788273740091,6.50855534141429,6.43210681375851,6.40404819132516
1989,Value,1340,5,Additive0.015,1492113,7470,111,6.49506776805134,6.51565102987405,6.52506776805134,,6.49087124162308,6.42788273740091,6.50855534141429,6.43210681375851,6.40404819132516
1989,Vector,1340,5,Additive0.015,6512400,5824,55,6.4959650079603,6.51565102987405,6.5259650079603,,6.49087124162308,6.42788273740091,6.50855534141429,6.43210681375851,6.40404819132516
1989,Dist L1,1340,5,Additive0.015,1545639,7439,115,6.49506776805134,6.51565102987405,6.52506776805134,,6.49087124162308,6.42788273740091,6.50855534141429,6.43210681375851,6.40404819132516
1990,Oracle,1340,5,Additive0.015,375200,280,28,6.50112845536437,6.51507608911855,6.53112845536436,,6.49058458703081,6.42734459078208,6.50744514437499,6.43056753954065,6.40184989310238
1990,Oracle Vector,1340,5,Additive0.015,5341240,4807,42,6.49796552481047,6.51507608911855,6.52796552481047,,6.49058458703081,6.42734459078209,6.50744514437499,6.43056753954065,6.40184989310239
1990,Value,1340,5,Additive0.015,1492119,7477,111,6.49506776805134,6.51507608911855,6.52506776805134,,6.49058458703081,6.42734459078209,6.50744514437499,6.43056753954065,6.40184989310239
1990,Vector,1340,5,Additive0.015,6517760,5829,55,6.4959650079603,6.51507608911856,6.5259650079603,,6.49058458703081,6.42734459078209,6.50744514437499,6.43056753954065,6.40184989310239
1990,Dist L1,1340,5,Additive0.015,1545649,7451,115,6.49506776805134,6.51507608911855,6.52506776805134,,6.49058458703081,6.42734459078209,6.50744514437499,6.43056753954065,6.40184989310239
1991,Oracle,1340,5,Additive0.015,375200,280,28,6.50112845536437,6.51617004899869,6.53112845536436,,6.49157871069541,6.42866103488202,6.50901435456319,6.43081365710039,6.40163642838188
1991,Oracle Vector,1340,5,Additive0.015,5341240,4807,42,6.49796552481047,6.51617004899868,6.52796552481047,,6.49157871069541,6.42866103488202,6.50901435456319,6.43081365710039,6.40163642838188
1991,Value,1340,5,Additive0.015,1492119,7477,111,6.49506776805134,6.51617004899868,6.52506776805134,,6.49157871069541,6.42866103488202,6.50901435456319,6.43081365710039,6.40163642838188
1991,Vector,1340,5,Additive0.015,6517760,5829,55,6.4959650079603,6.51617004899868,6.5259650079603,,6.49157871069541,6.42866103488202,6.50901435456319,6.43081365710039,6.40163642838188
1991,Dist L1,1340,5,Additive0.015,1545653,7456,115,6.49506776805134,6.51617004899868,6.52506776805134,,6.49157871069541,6.42866103488202,6.50901435456319,6.43081365710039,6.40163642838188
1992,Oracle,1340,5,Additive0.015,375200,280,28,6.50112845536437,6.51659780977053,6.53112845536436,,6.49203485704883,6.4286963016798,6.50947118286752,6.4308977470109,6.402737191554
1992,Oracle Vector,1340,5,Additive0.015,5341240,4807,42,6.49796552481047,6.51659780977053,6.52796552481047,,6.49203485704883,6.4286963016798,6.50947118286752,6.4308977470109,6.402737191554
1992,Value,1340,5,Additive0.015,1492123,7482,111,6.49506776805134,6.51659780977053,6.52506776805134,,6.49203485704883,6.4286963016798,6.50947118286752,6.4308977470109,6.402737191554
1992,Vector,1340,5,Additive0.015,6517760,5829,55,6.4959650079603,6.51659780977053,6.5259650079603,,6.49203485704883,6.4286963016798,6.50947118286752,6.4308977470109,6.402737191554
1992,Dist L1,1340,5,Additive0.015,1545653,7456,115,6.49506776805134,6.51659780977053,6.52506776805134,,6.49203485704883,6.4286963016798,6.50947118286752,6.4308977470109,6.402737191554
1993,Oracle,1340,5,Additive0.015,375200,280,28,6.50112845536437,6.51651295913514,6.53112845536436,,6.49199286633044,6.42865135674609,6.50992690725581,6.42994978674633,6.40237808706253
1993,Oracle Vector,1340,5,Additive0.015,5341240,4807,42,6.49796552481047,6.51651295913514,6.52796552481047,,6.49199286633044,6.42865135674609,6.50992690725581,6.42994978674633,6.40237808706253
1993,Value,1340,5,Additive0.015,1492123,7482,111,6.49506776805134,6.51651295913514,6.52506776805134,,6.49199286633044,6.42865135674609,6.50992690725582,6.42994978674633,6.40237808706253
1993,Vector,1340,5,Additive0.015,6517760,5829,55,6.4959650079603,6.51651295913514,6.5259650079603,,6.49199286633044,6.42865135674609,6.50992690725581,6.42994978674633,6.40237808706253
1993,Dist L1,1340,5,Additive0.015,1545653,7456,115,6.49506776805134,6.51651295913514,6.52506776805134,,6.49199286633044,6.42865135674609,6.50992690725582,6.42994978674633,6.40237808706253
1994,Oracle,1340,5,Additive0.015,375200,280,28,6.50112845536437,6.51647316723376,6.53112845536436,,6.49310124454712,6.42906601515594,6.50909850937989,6.42895526163373,6.40162752917776
1994,Oracle Vector,1340,5,Additive0.015,5346600,4812,42,6.49796552481047,6.51647316723376,6.52796552481047,,6.49310124454712,6.42906601515594,6.50909850937989,6.42895526163373,6.40162752917776
1994,Value,1340,5,Additive0.015,1492123,7482,111,6.49506776805134,6.51647316723376,6.52506776805134,,6.49310124454711,6.42906601515594,6.50909850937989,6.42895526163373,6.40162752917776
1994,Vector,1340,5,Additive0.015,6517760,5829,55,6.4959650079603,6.51647316723376,6.5259650079603,,6.49310124454711,6.42906601515594,6.50909850937989,6.42895526163373,6.40162752917776
1994,Dist L1,1340,5,Additive0.015,1545653,7456,115,6.49506776805134,6.51647316723376,6.52506776805134,,6.49310124454711,6.42906601515594,6.50909850937989,6.42895526163373,6.40162752917776
1995,Oracle,1340,5,Additive0.015,375200,280,28,6.50112845536437,6.51729483000438,6.53112845536436,,6.49379144062232,6.42988004893601,6.51045491748877,6.42976791946873,6.40171963217478
1995,Value,1340,5,Additive0.015,1492123,7482,111,6.49506776805134,6.51729483000439,6.52506776805134,,6.49379144062233,6.42988004893601,6.51045491748877,6.42976791946873,6.40171963217479
1995,Oracle Vector,1340,5,Additive0.015,5351960,4817,42,6.49796552481047,6.51729483000438,6.52796552481047,,6.49379144062233,6.42988004893601,6.51045491748877,6.42976791946873,6.40171963217479
1995,Vector,1340,5,Additive0.015,6523120,5834,55,6.4959650079603,6.51729483000438,6.5259650079603,,6.49379144062233,6.42988004893601,6.51045491748877,6.42976791946873,6.40171963217479
1995,Dist L1,1340,5,Additive0.015,1545657,7461,115,6.49506776805134,6.51729483000439,6.52506776805134,,6.49379144062233,6.42988004893601,6.51045491748877,6.42976791946873,6.40171963217479
1996,Oracle,1340,5,Additive0.015,375200,280,28,6.50112845536437,6.51830520303336,6.53112845536436,,6.49383447821404,6.43226849116752,6.51174349261322,6.4299243824589,6.4020755327085
1996,Oracle Vector,1340,5,Additive0.015,5351960,4817,42,6.49796552481047,6.51830520303336,6.52796552481047,,6.49383447821404,6.43226849116752,6.51174349261322,6.4299243824589,6.4020755327085
1996,Value,1340,5,Additive0.015,1492131,7492,111,6.49506776805134,6.51830520303336,6.52506776805134,,6.49383447821404,6.43226849116752,6.51174349261322,6.4299243824589,6.4020755327085
1996,Vector,1340,5,Additive0.015,6533840,5843,55,6.4959650079603,6.51830520303336,6.5259650079603,,6.49383447821404,6.43226849116752,6.51174349261322,6.4299243824589,6.4020755327085
1996,Dist L1,1340,5,Additive0.015,1545663,7469,115,6.49506776805134,6.51830520303336,6.52506776805134,,6.49383447821404,6.43226849116752,6.51174349261322,6.4299243824589,6.4020755327085
1997,Oracle,1340,5,Additive0.015,375200,280,28,6.50112845536437,6.51908089581334,6.53112845536436,,6.49457190626362,6.43362916795615,6.51252029561396,6.43066812852225,6.40200884739104
1997,Oracle Vector,1340,5,Additive0.015,5357320,4822,42,6.49796552481047,6.51908089581334,6.52796552481047,,6.49457190626362,6.43362916795615,6.51252029561396,6.43066812852225,6.40200884739104
1997,Value,1340,5,Additive0.015,1492135,7497,111,6.49506776805134,6.51908089581334,6.52506776805134,,6.49457190626362,6.43362916795615,6.51252029561396,6.43066812852225,6.40200884739104
1997,Vector,1340,5,Additive0.015,6547240,5854,55,6.4959650079603,6.51908089581334,6.5259650079603,,6.49457190626362,6.43362916795615,6.51252029561396,6.43066812852226,6.40200884739104
1997,Dist L1,1340,5,Additive0.015,1545671,7478,115,6.49506776805134,6.51908089581334,6.52506776805134,,6.49457190626362,6.43362916795615,6.51252029561396,6.43066812852225,6.40200884739104
1998,Oracle,1340,5,Additive0.015,375200,280,28,6.50112845536437,6.51994300496567,6.53112845536436,,6.49521432462028,6.43504337269992,6.51319468783812,6.43102171105487,6.40272866182538
1998,Oracle Vector,1340,5,Additive0.015,5362680,4827,42,6.49796552481047,6.51994300496567,6.52796552481047,,6.49521432462028,6.43504337269992,6.51319468783813,6.43102171105487,6.40272866182539
1998,Vector,1340,5,Additive0.015,6547240,5854,55,6.4959650079603,6.51994300496567,6.5259650079603,,6.49521432462028,6.43504337269992,6.51319468783813,6.43102171105487,6.40272866182539
1998,Value,1340,5,Additive0.015,1492135,7497,111,6.49506776805134,6.51994300496567,6.52506776805134,,6.49521432462028,6.43504337269992,6.51319468783813,6.43102171105487,6.40272866182539
1998,Dist L1,1340,5,Additive0.015,1545681,7490,115,6.49506776805134,6.51994300496567,6.52506776805134,,6.49521432462028,6.43504337269992,6.51319468783813,6.43102171105487,6.40272866182539
1999,Oracle,1340,5,Additive0.015,375200,280,28,6.50112845536437,6.52096002020576,6.53112845536436,,6.49559804602504,6.43655859147089,6.51447601452967,6.4313819902959,6.40233648589232
1999,Oracle Vector,1340,5,Additive0.015,5370720,4834,42,6.49796552481047,6.52096002020576,6.52796552481047,,6.49559804602504,6.43655859147089,6.51447601452967,6.4313819902959,6.40233648589232
1999,Vector,1340,5,Additive0.015,6555280,5861,55,6.4959650079603,6.52096002020576,6.5259650079603,,6.49559804602504,6.43655859147089,6.51447601452967,6.4313819902959,6.40233648589232
1999,Value,1340,5,Additive0.015,1505540,7520,112,6.50596002020576,6.52096002020576,6.53596002020576,,6.49559804602504,6.43655859147089,6.51447601452967,6.4313819902959,6.40233648589232
1999,Dist L1,1340,5,Additive0.015,1559086,7512,116,6.50596002020576,6.52096002020576,6.53596002020576,,6.49559804602504,6.43655859147089,6.51447601452967,6.4313819902959,6.40233648589232
2000,Oracle,1340,5,Additive0.015,375200,280,28,6.50112845536437,6.52162837261622,6.53112845536436,,6.49606119470131,6.43826584642268,6.51506793665396,6.43212760516359,6.40214593523695
2000,Oracle Vector,1340,5,Additive0.015,5376080,4839,42,6.49796552481047,6.52162837261622,6.52796552481047,,6.49606119470131,6.43826584642268,6.51506793665396,6.43212760516359,6.40214593523695
2000,Value,1340,5,Additive0.015,1505540,7520,112,6.50596002020576,6.52162837261622,6.53596002020576,,6.49606119470131,6.43826584642268,6.51506793665396,6.43212760516359,6.40214593523695
2000,Vector,1340,5,Additive0.015,6568680,5872,56,6.50662837261622,6.52162837261622,6.53662837261622,,6.49606119470131,6.43826584642268,6.51506793665396,6.43212760516359,6.40214593523695
2000,Dist L1,1340,5,Additive0.015,1559086,7512,116,6.50596002020576,6.52162837261622,6.53596002020576,,6.49606119470131,6.43826584642268,6.51506793665396,6.43212760516359,6.40214593523695
